00000000000000000000000000000000000000000000000000000000000000000000000000000000
00000000000000000000000000000000000000000000000000000000000000000000000000000000
00000000000000000000000000000000000000000000000000000000000000000000000000000000
00000000000000000000000000000000000000000000000000000000000000000000000000000000
00000000000000000000000000000000000000000000000000000000000000000000000000000000
00000000000000000000000000000000000000000000000000000000000000000000000000000000
00000000000000000000000000000000000000000000000000000000000000000000000000000000
00000000000000000000000000000000000000000000000000000000000000000000000000000000
00000000000000000000000000000000000000000000000000000000000000000000000000000000
00000000000000000000000000000000000000000000000000000000000000000000000000000000
00000000000000000000000000000000000000000000000000000000000000000000000000000000
00000000000000000000000000000000000000000000000000000000000000000000000000000000
00000000000000000000000000000000000000000000000000000000000000000000000000000000
00000000000000000000000000000000000000000000000000000000000000000000000000000000
00000000000000000000000000000000000000000000000000000000000000000000000000000000
00000000000000000000000000000000000000000000000000000000000000000000000000000000
00000000000000000000000000000000000000000000000000000000000000000000000000000000
00000000000000000000000000000000000000000000000000000000000000000000000000000000
00000000000000000000000000000000000000000000000000000000000000000000000000000000
00000000000000000000000000000000000000000000000000000000000000000000000000000000
00000000000000000000000000000000000000000000000000000000000000000000000000000000
00000000000000000000000000000000000000000000000000000000000000000000000000000000
00000000000000000000000000000000000000000000000000000000000000000000000000000000
00000000000000000000000000000000000000000000000000000000000000000000000000000000
00000000000000000000000000000000000000000000000000000000000000000000000000000000
00000000000000000000000000000000000000000000000000000000000000000000000000000000
00000000000000000000000000000000000000000000000000000000000000000000000000000000
00000000000000000000000000000000000000000000000000000000000000000000000000000000
00000000000000000000000000000000000000000000000000000000000000000000000000000000
00000000000000000000000000000000000000000000000000000000000000000000000000000000
00000000000000000000000000000000000000000000000000000000000000000000000000000000
00000000000000000000000000000000000000000000000000000000000000000000000000000000
00000000000000000000000000000000000000000000000100000000000000000000000000000000
00000000000000000000000000000000000000000000001100000000000000000000000000000000
00000000000000000000000000000000000000000000011000000000000000000000000000000000
00000000000000000000000000000000000000000001100000000000000000000000000000000000
00000000000000000000000000000000000000001111000100000000000000000000000000000000
00000000000000000000000000000000000001111111011000100000000000000000000000000000
00000000000000000000000000000000000000000011001000100000000000000000000000000000
00000000000000000000000000000000000000000001101101100000000000000000000000000000
00000000000000000000000000000000000000000000100111011100000000000000000000000000
00000000000000000000000000000000000000001000011111110100000000000000000000000000
00000000000000000000000000000000000000001111100000001100000000000000000000000000
00000000000000000000000000000000000000001000001000111000000000000000000000000000
00000000000000000000000000000000000000001000001111000000000000000000000000000000
00000000000000000000000000000000000000001000001111111000000000000000000000000000
00000000000000000000000000000000000000001111111000000000000000000000000000000000
00000000000000000000000000000000000000001000010000001110000000000000000000000000
00000000000000000000000000000000000000001000010111110010000000000000000000000000
00000000000000000000000000000000000000011000011100000010000000000000000000000000
00000000000000000000000000000000000000000000110000000010000000000000000000000000
00000000000000000000000000000000000000000000101100000110000000000000000000000000
00000000000000000000000000000000000000000000100110000100000000000000000000000000
00000000000000000000000000000000000000000001000011011100000000000000000000000000
00000000000000000000000000000000000000000001000001110000000000000000000000000000
00000000000000000000000000000000000000000011000001110000000000000000000000000000
00000000000000000000000000000000000000000010000011011000000000000000000000000000
00000000000000000000000000000000000000000110000110001110000000000000000000000000
00000000000000000000000000000000000000001111111000000011100000000000000000000000
00000000000000000000000000000000000000001000000000000000111110000000000000000000
