00000000000000000000000000000000000000000000000000000000000000000000000000000000
00000000000000000000000000000000000000000000000000000000000000000000000000000000
00000000000000000000000000000000000000000000000000000000000000000000000000000000
00000000000000000000000000000000000000000000000000000000000000000000000000000000
00000000000000000000000000000000000000000000000000000000000000000000000000000000
00000000000000000000000000000000000000000000000000000000000000000000000000000000
00000000000000000000000000000000000000000000000000000000000000000000000000000000
00000000000000000000000000000000000000000000000000000000000000000000000000000000
00000000000000000000000000000000000000000000000000000000000000000000000000000000
00000000000000000000000000000000000000000000000000000000000000000000000000000000
00000000000000000000000000000000000000000000000000000000000000000000000000000000
00000000000000000000000000000000000000000100000000000000000000000000000000000000
00000000000000000000000000000000000000001100000000000000000000000000000000000000
00000000000000000000000000000000000000111000000000000000000000000000000000000000
00000000000000000000000000000000000011100001000000000000000000000000000000000000
00000000000000000000000000000000011110100011000000000000000000000000000000000000
00000000000000000000000000111111101100110110000000000000000000000000000000000000
00000000000000000000000000000000000110011100000000000000000000000000000000000000
00000000000000000000000000000000000010001111111000000000000000000000000000000000
00000000000000000000000000000000101111111000001000000000000000000000000000000000
00000000000000000000000000000000111000010000011000000000000000000000000000000000
00000000000000000000000000000001000000010000110000000000000000000000000000000000
00000000000000000000000000000001000000010000000000000000000000000000000000000000
00000000000000000000000000000001000011111111100000000000000000000000000000000000
00000000000000000000000000000001001110110000000000000000000000000000000000000000
00000000000000000000000000000001000000100000011000000000000000000000000000000000
00000000000000000000000000000001000000100111111000000000000000000000000000000000
00000000000000000000000000000000000001111100001000000000000000000000000000000000
00000000000000000000000000000000000001000000011000000000000000000000000000000000
00000000000000000000000000000000000001100000110000000000000000000000000000000000
00000000000000000000000000000000000011110000100000000000000000000000000000000000
00000000000000000000000000000000000010001001100000000000000000000000000000000000
00000000000000000000000000000000000100000111000000000000000000000000000000000000
00000000000000000000000000000000001100000011000000000000000000000000000000000000
00000000000000000000000000000000001000000111100000000000000000000000000000000000
00000000000000000000000000000000010100011100011000000000000000000000000000000000
00000000000000000000000000000000110011110000001100000000000000000000000000000000
00000000000000000000000000000000000000000000000011000000000000000000000000000000
00000000000000000000000000000000000000000000000001111000000000000000000000000000
00000000000000000000000000000000000000000000000000001110000000000000000000000000
00000000000000000000000000000000000000000000000000000011110000000000000000000000
00000000000000000000000000000000000000000000000000000000000000000000000000000000
00000000000000000000000000000000000000000000000000000000000000000000000000000000
00000000000000000000000000000000000000000000000000000000000000000000000000000000
00000000000000000000000000000000000000000000000000000000000000000000000000000000
00000000000000000000000000000000000000000000000000000000000000000000000000000000
00000000000000000000000000000000000000000000000000000000000000000000000000000000
00000000000000000000000000000000000000000000000000000000000000000000000000000000
00000000000000000000000000000000000000000000000000000000000000000000000000000000
00000000000000000000000000000000000000000000000000000000000000000000000000000000
00000000000000000000000000000000000000000000000000000000000000000000000000000000
00000000000000000000000000000000000000000000000000000000000000000000000000000000
00000000000000000000000000000000000000000000000000000000000000000000000000000000
00000000000000000000000000000000000000000000000000000000000000000000000000000000
00000000000000000000000000000000000000000000000000000000000000000000000000000000
00000000000000000000000000000000000000000000000000000000000000000000000000000000
00000000000000000000000000000000000000000000000000000000000000000000000000000000
00000000000000000000000000000000000000000000000000000000000000000000000000000000
00000000000000000000000000000000000000000000000000000000000000000000000000000000
00000000000000000000000000000000000000000000000000000000000000000000000000000000
