00000000000000000000000000000000000000000000000000000000000000000000000000000000
00000000000000000000000000000000000000000000000000000000000000000000000000000000
00000000000000000000000000000000000000000000000000000000000000000000000000000000
00000000000000000000000000000000000000000000000000000000000000000000000000000000
00000000000000000000000000000000000000000000000000000000000000000000000000000000
00000000000000000000000000000000000000000000000000000000000000000000000000000000
00000000000000000000000000000000000000000000000000000000000000000000000000000000
00000000000000000000000000000000000000000000000000000000000000000000000000000000
00000000000000000000000000000000000000000000000000000000000000000000000000000000
00000000000000000000000000000000000000000000000000000000000000000000000000000000
00000000000000000000000000000000000000000000000000000000000000000000000000000000
00000000000000000000000000000000000000000000000000000000000000000000000000000000
00000000000000000000000000000000000000000000000000000000000000000000000000000000
00000000000000000000000000000000000000000000000000000000000000000000000000000000
00000000000000000000000000000000000000000000000000000000000000000000000000000000
00000000000000000000000000000000000000000000000000000000000000000000000000000000
00000000000000000000000000000000000000000000000000000000000000000000000000000000
00000000000000000000000000000000000000000000000000000000000000000000000000000000
00000000000000000000000000000000000000000000000000000000000000000000000000000000
00000000000000000000000000000000000000000000000000000000000000000000000000000000
00000000000000000000000000000000000000000000000000000000000000000000000000000000
00000000000000000000000000000000000000000000000000000000000000000000000000000000
00000000000000000000000000000000000000000000000000000000000000000000000000000000
00000000000000000000000000000000000000000000000000000000000000000000000000000000
00000000000000000000000000000000000000000000000000000000000000000000000000000000
00000000000000000000000000000000000000000000000000000000000000000000000000000000
00000000000000000000000000000000000000000000000000000000000000000000000000000000
00000000000000000000000000000000000000000000000000000000000000000000000000000000
00000000000000000000000000000000000000000000000000000000000000000000000000000000
00000000000000000000000000000000000000000000000000000000000000000000000000000000
00000000000000000000000000000000000000000000000000000000000000000000000000000000
00000000000000000000000000000000000000000000000000000000000000000000000000000000
00000000000000100000000000000000000000000000000000000000000000000000000000000000
00000000000001100000000000000000000000000000000000000000000000000000000000000000
00000000000011000000000000000000000000000000000000000000000000000000000000000000
00000000001100000000000000000000000000000000000000000000000000000000000000000000
00000001111000100000000000000000000000000000000000000000000000000000000000000000
01111111011000100000000000000000000000000000000000000000000000000000000000000000
00000011001000100000000000000000000000000000000000000000000000000000000000000000
00000001101101100000000000000000000000000000000000000000000000000000000000000000
00000000100111011100000000000000000000000000000000000000000000000000000000000000
00001000011111110100000000000000000000000000000000000000000000000000000000000000
00001111100000001100000000000000000000000000000000000000000000000000000000000000
00001000001000111000000000000000000000000000000000000000000000000000000000000000
00001000001111000000000000000000000000000000000000000000000000000000000000000000
00001000001111111000000000000000000000000000000000000000000000000000000000000000
00001111111000000000000000000000000000000000000000000000000000000000000000000000
00001000010000001110000000000000000000000000000000000000000000000000000000000000
00001000010111110010000000000000000000000000000000000000000000000000000000000000
00011000011100000010000000000000000000000000000000000000000000000000000000000000
00000000110000000010000000000000000000000000000000000000000000000000000000000000
00000000101100000110000000000000000000000000000000000000000000000000000000000000
00000000100110000100000000000000000000000000000000000000000000000000000000000000
00000001000011011100000000000000000000000000000000000000000000000000000000000000
00000001000001110000000000000000000000000000000000000000000000000000000000000000
00000011000001110000000000000000000000000000000000000000000000000000000000000000
00000010000011011000000000000000000000000000000000000000000000000000000000000000
00000110000110001110000000000000000000000000000000000000000000000000000000000000
00001111111000000011100000000000000000000000000000000000000000000000000000000000
00001000000000000000111110000000000000000000000000000000000000000000000000000000
