00000000000000000000000000000000000000000000000000000000000000000000000000000000
00000000000000000000000000000000000000000000000000000000000000000000000000000000
00000000000000000000000000000000000000000000000000000000000000000000000000000000
00000000000000000000000000000000000000000010000000000000000000000000000000000000
00000000000000000000000000000000000000000110000000000000000000000000000000000000
00000000000000000000000000000000000000001100000000000000000000000000000000000000
00000000000000000000000000000000000000111000000000000000000000000000000000000000
00000000000000000000000000000000000011100000000000000000000000000000000000000000
00000000000000000000000000000111111100000000001000000000000000000000000000000000
00000000000000000000000001111100000000011000011000000000000000000000000000000000
00000000000000000000000000000000110000001100110000000000000000000000000000000000
00000000000000000000000000000000011000000101100000000000000000000000000000000000
00000000000000000000000000000000000110000011000000000000000000000000000000000000
00000000000000000000000000000000000011000000111111110000000000000000000000000000
00000000000000000000000000000000000001111111000000010000000000000000000000000000
00000000000000000000000000000000111110000000000000110000000000000000000000000000
00000000000000000000000000000101000000001000000011000000000000000000000000000000
00000000000000000000000000000100000000001000011100000000000000000000000000000000
00000000000000000000000000000100000000001001100000000000000000000000000000000000
00000000000000000000000000000100000000001000000000000000000000000000000000000000
00000000000000000000000000000110000000001111111100000000000000000000000000000000
00000000000000000000000000000010000011111000000000000000000000000000000000000000
00000000000000000000000000000011001110001000000000000000000000000000000000000000
00000000000000000000000000000000000000001000001111110000000000000000000000000000
00000000000000000000000000000000000000001000111000010000000000000000000000000000
00000000000000000000000000000000000000001111000000110000000000000000000000000000
00000000000000000000000000000000000000001110000000100000000000000000000000000000
00000000000000000000000000000000000000001011100001000000000000000000000000000000
00000000000000000000000000000000000000010000111011000000000000000000000000000000
00000000000000000000000000000000000000010000001110000000000000000000000000000000
00000000000000000000000000000000000000110000000111110000000000000000000000000000
00000000000000000000000000000000000000100000001100011111000000000000000000000000
00000000000000000000000000000000000001100000011000000001111111110000000000000000
00000000000000000000000000000000000111100001110000000000000000000000000000000000
00000000000000000000000000000000001100011111000000000000000000000000000000000000
00000000000000000000000000000000000000000000000000000000000000000000000000000000
00000000000000000000000000000000000000000000000000000000000000000000000000000000
00000000000000000000000000000000000000000000000000000000000000000000000000000000
00000000000000000000000000000000000000000000000000000000000000000000000000000000
00000000000000000000000000000000000000000000000000000000000000000000000000000000
00000000000000000000000000000000000000000000000000000000000000000000000000000000
00000000000000000000000000000000000000000000000000000000000000000000000000000000
00000000000000000000000000000000000000000000000000000000000000000000000000000000
00000000000000000000000000000000000000000000000000000000000000000000000000000000
00000000000000000000000000000000000000000000000000000000000000000000000000000000
00000000000000000000000000000000000000000000000000000000000000000000000000000000
00000000000000000000000000000000000000000000000000000000000000000000000000000000
00000000000000000000000000000000000000000000000000000000000000000000000000000000
00000000000000000000000000000000000000000000000000000000000000000000000000000000
00000000000000000000000000000000000000000000000000000000000000000000000000000000
00000000000000000000000000000000000000000000000000000000000000000000000000000000
00000000000000000000000000000000000000000000000000000000000000000000000000000000
00000000000000000000000000000000000000000000000000000000000000000000000000000000
00000000000000000000000000000000000000000000000000000000000000000000000000000000
00000000000000000000000000000000000000000000000000000000000000000000000000000000
00000000000000000000000000000000000000000000000000000000000000000000000000000000
00000000000000000000000000000000000000000000000000000000000000000000000000000000
00000000000000000000000000000000000000000000000000000000000000000000000000000000
00000000000000000000000000000000000000000000000000000000000000000000000000000000
00000000000000000000000000000000000000000000000000000000000000000000000000000000
