00000000000000000000000000000000000000000000000000000000000000000000000000000000
00000000000000000000000000000000000000000000000000000000000000000000000000000000
00000000000000000000000000000000000000000000000000000000000000000000000000000000
00000000000000000000000000000000000000000000000000000000000000000000000000000000
00000000000000000000000000000000000000000000000000000000000000000000000000000000
00000000000000000000000000000000000000000000000000000000000000000000000000000000
00000000000000000000000000000000000000000000000000000000000000000000000000000000
00000000000000000000000000000000000000000000000000000000000000000000000000000000
00000000000000000000000000000000000000000000000000000000000000000000000000000000
00000000000000000000000000000000000000000000000000000000000000000000000000000000
00000000000000000000000000000000000000000000000000000000000000000000000000000000
00000000000000000000000000000000000000000000000000000000000000000000000000000000
00000000000000000000000000000000000000000000000000000000000000000000000000000000
00000000000000000000000000000000000000000000000000000000000000000000000000000000
00000000000000000000000000000000000000000000000000000000000000000000000000000000
00000000000000000000000000000000000000000000000000000000000000000000000000000000
00000000000000000000000000000000000000000000000000000000000000000000000000000000
00000000000000000000000000000000000000000000000000000000000000000000000000000000
00000000000000000000000000000000000000000000000000000000000000000000000000000000
00000000000000000000000000000000000000000000000000000000000000000000000000000000
00000000000000000000000000000000000000000000000000000000000000000000000000000000
00000000000000000000000000000000000000000000000000000000000000000000000000000000
00000000000000000000000000000000000000000000000000000000100000000000000000000000
00000000000000000000000000000000000000000000000000000001100000000000000000000000
00000000000000000000000000000000000000000000000000000011000000000000000000000000
00000000000000000000000000000000000000000000000000000110000000000000000000000000
00000000000000000000000000000000000000000000000000001100000000000000000000000000
00000000000000000000000000000000000000000000000000110000000000000000000000000000
00000000000000000000000000000000000000000000000011100000000000000000000000000000
00000000000000000000000000000000000000000000000110000000000000000000000000000000
00000000000000000000000000000000000000000000111000100000000001000000000000000000
00000000000000000000000000000000000000000011100000110000000011000000000000000000
00000000000000000000000000000000000000001111110000000011000000110000000000000000
00000000000000000000000000000000000000000000000100000001100001100000000000000000
00000000000000000000000000000000000000000000000110000000110001000000000000000000
00000000000000000000000000000000000000000000000001100000011000000000000000000000
00000000000000000000000000000000000000000000000000011000000000011111000000000000
00000000000000000000000000000000000000000000000000001100001111110001000000000000
00000000000000000000000000000000000000000000000000000111110000000001000000000000
00000000000000000000000000000000000000000000010011111100000000000011000000000000
00000000000000000000000000000000000000000000011100000100000000001110000000000000
00000000000000000000000000000000000000000000010000000100000000111000000000000000
00000000000000000000000000000000000000000000010000000110001111100000000000000000
00000000000000000000000000000000000000000000010000000010001000110000000000000000
00000000000000000000000000000000000000000000010000000010111111100000000000000000
00000000000000000000000000000000000000000000010000011111100000000000000000000000
00000000000000000000000000000000000000000000000111110010000001111100000000000000
00000000000000000000000000000000000000000000000000000010111110000100000000000000
00000000000000000000000000000000000000000000000000000111100000000100000000000000
00000000000000000000000000000000000000000000000000000100000000001100000000000000
00000000000000000000000000000000000000000000000000001111100000011000000000000000
00000000000000000000000000000000000000000000000000001000111000110000000000000000
00000000000000000000000000000000000000000000000000010000001111100000000000000000
00000000000000000000000000000000000000000000000000100000000011000000000000000000
00000000000000000000000000000000000000000000000001100000000110110000000000000000
00000000000000000000000000000000000000000000000011000000011100001110000000000000
00000000000000000000000000000000000000000000000110000111110000000011110000000000
00000000000000000000000000000000000000000000000000001100000000000000011111111000
00000000000000000000000000000000000000000000000000000000000000000000000000000000
00000000000000000000000000000000000000000000000000000000000000000000000000000000
