00000000000000000000000000000000000000000000000000000000000000000000000000000000
00000000000000000000000000000000000000000000000000000000000000000000000000000000
00000000000000000000000000000000000000000000000000000000000000000000000000000000
00000000000000000000000000000000000000000000000000000000000000000000000000000000
00000000000000000000000000000000000000000000000000000000000000000000000000000000
00000000000000000000000000000000000000000000000000000000000000000000000000000000
00000000000000000000000000000000000000000000000000000000000000000000000000000000
00000000000000000000000000000000000000000000000000000000000000000000000000000000
00000000000000000000000000000000000000000000000000000000000000000000000000000000
00000000000000000000000000000000000000000000000000000000000000000000000000000000
00000000000000000000000000000000000000000000000000000000000000000000000000000000
00000000000000000000000000000000000000000000000000000000000000000000000000000000
00000000000000000000000000000000000000000000000000000000000000000000000000000000
00000000000000000000000000000000000000000000000000000000000000000000000000000000
00000000000000000000000000000000000000000000000000000000000000000000000000000000
00000000000000000000000000000000000000000000000000000000000000000000000000000000
00000000000000000000000000000000000000000000000000000000000000000000000000000000
00000000000000000000000000000000000000000000000000000000000000000000000000000000
00000000000000000000000000000000000000000000000000000000000000000000000000000000
00000000000000000000000000000000000000000000000000000000000000000000000000000000
00000000000000000000000000000000000000000000000000000000000000000000000000000000
00000000000000000000000000000000000000000000000000000000000000000000000000000000
00000000000000000000000000000000000000000000000000000000000000000000000000000000
00000000000000000010000000000000000000000000000000000000000000000000000000000000
00000000000000000010000000000000000000000000000000000000000000000000000000000000
00000000000000000110000000000000000000000000000000000000000000000000000000000000
00000000000000001100000000000000000000000000000000000000000000000000000000000000
00000000000000011000000000000000000000000000000000000000000000000000000000000000
00000000000001100000000100000000000000000000000000000000000000000000000000000000
00000000000111010000000100000000000000000000000000000000000000000000000000000000
00000000111000010000000100000000000000000000000000000000000000000000000000000000
00011111000010001000011100000000000000000000000000000000000000000000000000000000
00000000000011001101110000000000000000000000000000000000000000000000000000000000
00000000000001100111000000111111000000000000000000000000000000000000000000000000
00000000000000101100001111100001000000000000000000000000000000000000000000000000
00000000000000011111110000000011000000000000000000000000000000000000000000000000
00000001111111110000000000001100000000000000000000000000000000000000000000000000
00000001000000011000000000011000000000000000000000000000000000000000000000000000
00000001000000001000000001100000000000000000000000000000000000000000000000000000
00000001000000001000000011000000000000000000000000000000000000000000000000000000
00000001000000001000000011111000000000000000000000000000000000000000000000000000
00000001000000001001111110000000000000000000000000000000000000000000000000000000
00000001000111111111000000000000000000000000000000000000000000000000000000000000
00000001000000001000000000000000000000000000000000000000000000000000000000000000
00000001000000001000000000000000000000000000000000000000000000000000000000000000
00000001000000010000011111110000000000000000000000000000000000000000000000000000
00000001000000010111110000010000000000000000000000000000000000000000000000000000
00000000000000111100000000010000000000000000000000000000000000000000000000000000
00000000000001100000000000110000000000000000000000000000000000000000000000000000
00000000000000100000000000100000000000000000000000000000000000000000000000000000
00000000000011100000000001100000000000000000000000000000000000000000000000000000
00000000000010111000000011000000000000000000000000000000000000000000000000000000
00000000000110001110000010000000000000000000000000000000000000000000000000000000
00000000001100000011100100000000000000000000000000000000000000000000000000000000
00000000011000000000111000000000000000000000000000000000000000000000000000000000
00000000010000000000111100000000000000000000000000000000000000000000000000000000
00000000100000000011100111000000000000000000000000000000000000000000000000000000
00000001101111111100000001111100000000000000000000000000000000000000000000000000
00000000000000000000000000000111111111111000000000000000000000000000000000000000
00000000000000000000000000000000000000000000000000000000000000000000000000000000
