00000000000000000000000000000000000000000000000000000000000000000000000000000000
00000000000000000000000000000000000000000000000000000000000000000000000000000000
00000000000000000000000000000000000000000000000000000000000000000000000000000000
00000000000000000000000000000000000000000000000000000000000000000000000000000000
00000000000000000000000000000000000000000000000000000000000000000000000000000000
00000000000000000000000000000000000000000000000000000000000000000000000000000000
00000000000000000000000000000000000000000000000000000000000000000000000000000000
00000000000000000000000000000000000000000000000000000000000000000000000000000000
00000000000000000000000000000000000000000000000000000000000000000000000000000000
00000000000000000000000000000000000000000000000000000000000000000000000000000000
00000000000000000000000000000000000000000000000000000000000000000000000000000000
00000000000000000000000000000000000000000000000000000000000000000000000000000000
00000000000000000000000000000000000000000000000000000000000000000000000000000000
00000000000000000000000000000000000000000000000000000000000000000000000000000000
00000000000000000000000000000000000000000000000000000000000000000000000000000000
00000000000000000000000000000000000000000000000000000000000000000000000000000000
00000000000000000000000000000000000000111110000000000000000000000000000000000000
00000000000000000000000000000000111111100011000000000000000000000000000000000000
00000000000000000000000000001111100000000001000000000000000000000000000000000000
00000000000000000000000000111000000000000001100000000000000000000000000000000000
00000000000000000000000000010000000000000000100000000000000000000000000000000000
00000000000000000000000000010000000000000000100000000000000000000000000000000000
00000000000000000000000000010000000000010000100000000000000000000000000000000000
00000000000000000000000000010000010000010000100000000000000000000000000000000000
00000000000000000000000000010110010000010000100000000000000000000000000000000000
00000000000000000000000000010011101110110000100000000000000000000000000000000000
00000000000000000000000000010001110011100000100000000000000000000000000000000000
00000000000000000000000000010001010001110000100000000000000000000000000000000000
00000000000000000000000000010111001011011000100000000000000000000000000000000000
00000000000000000000000000010000001100000000110000000000000000000000000000000000
00000000000000000000000000001000000000000000010000000000000000000000000000000000
00000000000000000000000000001000000000000000010000000000000000000000000000000000
00000000000000000000000000001000000000000000010000000000000000000000000000000000
00000000000000000000000000001000000000001100010000000000000000000000000000000000
00000000000000000000000000001000000000000110010000000000000000000000000000000000
00000000000000000000000000001000000000000011110000000000000000000000000000000000
00000000000000000000000000001000000000000000100000000000000000000000000000000000
00000000000000000000000000001000000000000000000000000000000000000000000000000000
00000000000000000000000000000000000000000000000000000000000000000000000000000000
00000000000000000000000000000000000000000000000000000000000000000000000000000000
00000000000000000000000000000000000000000000000000000000000000000000000000000000
00000000000000000000000000000000000000000000000000000000000000000000000000000000
00000000000000000000000000000000000000000000000000000000000000000000000000000000
00000000000000000000000000000000000000000000000000000000000000000000000000000000
00000000000000000000000000000000000000000000000000000000000000000000000000000000
00000000000000000000000000000000000000000000000000000000000000000000000000000000
00000000000000000000000000000000000000000000000000000000000000000000000000000000
00000000000000000000000000000000000000000000000000000000000000000000000000000000
00000000000000000000000000000000000000000000000000000000000000000000000000000000
00000000000000000000000000000000000000000000000000000000000000000000000000000000
00000000000000000000000000000000000000000000000000000000000000000000000000000000
00000000000000000000000000000000000000000000000000000000000000000000000000000000
00000000000000000000000000000000000000000000000000000000000000000000000000000000
00000000000000000000000000000000000000000000000000000000000000000000000000000000
00000000000000000000000000000000000000000000000000000000000000000000000000000000
00000000000000000000000000000000000000000000000000000000000000000000000000000000
00000000000000000000000000000000000000000000000000000000000000000000000000000000
00000000000000000000000000000000000000000000000000000000000000000000000000000000
00000000000000000000000000000000000000000000000000000000000000000000000000000000
00000000000000000000000000000000000000000000000000000000000000000000000000000000
