00000000000000000000000000000000000000000000000000000000000000000000000000000000
00000000000000000000000000000000000000000000000000000000000000000000000000000000
00000000000000000000000000000000000000000000000000000000000000000000000000000000
00000000000000000000000000000000000000000000000000000000000000000000000000000000
00000000000000000000000000000000000000000000000000000000000000000000000000000000
00000000000000000000000000000000000000000000000000000000000000000000000000000000
00000000000000000000000000000000000000000000000000000000000000000000000000000000
00000000000000000000000000000000000000000000000000000000000000000000000000000000
00000000000000000000000000000000000000000000000000000000000000000000000000000000
00000000000000000000000000000000000000000000000000000000000000000000000000000000
00000000000000000000000000000000000000000000000000000000000000000000000000000000
00000000000000000000000000000000000000000000000000000000000000000000000000000000
00000000000000000000000000000000000000000000000000000000000000000000000000000000
00000000000000000000000000000000000000000000000000000000000000000000000000000000
00000000000000000000000000000000000000000000000111111100000000000000000000000000
00000000000000000000000000000000000000001111111000000100000000000000000000000000
00000000000000000000000000000000000111111000000000000010000000000000000000000000
00000000000000000000000000011111111000000000000000000011000000000000000000000000
00000000000000000000000011110000000000000000000000000001000000000000000000000000
00000000000000000000000010000000000000000000000000000001000000000000000000000000
00000000000000000000000010000000000000000000000000000001000000000000000000000000
00000000000000000000000010000000000000000000000000000001100000000000000000000000
00000000000000000000000010000000000000100000000000000000100000000000000000000000
00000000000000000000000001000000000000100000000001000000100000000000000000000000
00000000000000000000000001000000000000100000000001000000100000000000000000000000
00000000000000000000000001000000011100100000011101000000100000000000000000000000
00000000000000000000000001000000000011111000000111000000100000000000000000000000
00000000000000000000000001000000000000101111110011000000100000000000000000000000
00000000000000000000000001000000000000100000000011100000100000000000000000000000
00000000000000000000000000100000000001000000111100110000100000000000000000000000
00000000000000000000000000100000001111000000000000011000100000000000000000000000
00000000000000000000000000100000000110000000000000000000100000000000000000000000
00000000000000000000000000100000000000000000000000000000100000000000000000000000
00000000000000000000000000100000000000000000000000000000100000000000000000000000
00000000000000000000000000100000000000000000000000000001000000000000000000000000
00000000000000000000000000100000000000000000000000000001000000000000000000000000
00000000000000000000000000010000000000000000000000000001000000000000000000000000
00000000000000000000000000010000000000000000000000000001000000000000000000000000
00000000000000000000000000010000000000000000001100000010000000000000000000000000
00000000000000000000000000010000000000000000000010000110000000000000000000000000
00000000000000000000000000010000000000000000000010000100000000000000000000000000
00000000000000000000000000010000000000000000000001001000000000000000000000000000
00000000000000000000000000000000000000000000000001111000000000000000000000000000
00000000000000000000000000000000000000000000000000000000000000000000000000000000
00000000000000000000000000000000000000000000000000000000000000000000000000000000
00000000000000000000000000000000000000000000000000000000000000000000000000000000
00000000000000000000000000000000000000000000000000000000000000000000000000000000
00000000000000000000000000000000000000000000000000000000000000000000000000000000
00000000000000000000000000000000000000000000000000000000000000000000000000000000
00000000000000000000000000000000000000000000000000000000000000000000000000000000
00000000000000000000000000000000000000000000000000000000000000000000000000000000
00000000000000000000000000000000000000000000000000000000000000000000000000000000
00000000000000000000000000000000000000000000000000000000000000000000000000000000
00000000000000000000000000000000000000000000000000000000000000000000000000000000
00000000000000000000000000000000000000000000000000000000000000000000000000000000
00000000000000000000000000000000000000000000000000000000000000000000000000000000
00000000000000000000000000000000000000000000000000000000000000000000000000000000
00000000000000000000000000000000000000000000000000000000000000000000000000000000
00000000000000000000000000000000000000000000000000000000000000000000000000000000
00000000000000000000000000000000000000000000000000000000000000000000000000000000
