00000000000000000000000000000000000000000000000000000000000000000000000000000000
00000000000000000000000000000000000000000000000000000000000000000000000000000000
00000000000000000000000000000000000000000000000000000000000000000000000000000000
00000000000000000000000000000000000000000000000000000000000000000000000000000000
00000000000000000000000000000000000000000000000000000000000000000000000000000000
00000000000000000000000000000000000000000000000000000000000000000000000000000000
00000000000000000000000000000000000000000000000000000000000000000000000000000000
00000000000000000000000000000000000000000000000000000000000000000000000000000000
00000000000000000000000000000000000000000000000000000000000000000000000000000000
00000000000000000000000000000000000000000000000000000000000000000000000000000000
00000000000000000000000000000000000000000000000000000000000000000000000000000000
00000000000000000000000000000000000000000000000000000000000000000000000000000000
00000000000000000000000000000000000000000000000000000000000000000000000000000000
00000000000000000000000000000000000000000000000111111111000000000000000000000000
00000000000000000000000000000000000000000000111100000001000000000000000000000000
00000000000000000000000000000000000000111111000000000000100000000000000000000000
00000000000000000000000000111111111111000000000000000000100000000000000000000000
00000000000000000000000000100000000000000000000000000000100000000000000000000000
00000000000000000000000000100000000000000000000000000000100000000000000000000000
00000000000000000000000000100000000000000000000000000000100000000000000000000000
00000000000000000000000000100000000000000000000000000000100000000000000000000000
00000000000000000000000000100000000000000000000000000000100000000000000000000000
00000000000000000000000000100000000010000000000000000000100000000000000000000000
00000000000000000000000000100000000010000000100000000000100000000000000000000000
00000000000000000000000000100000000010000011100000000000100000000000000000000000
00000000000000000000000000100000000010000001100000000000100000000000000000000000
00000000000000000000000000100000000110000000111000000001000000000000000000000000
00000000000000000000000000100011100100000000101100000001000000000000000000000000
00000000000000000000000000010000111100001001100010000001000000000000000000000000
00000000000000000000000000010000001100000111000001000001000000000000000000000000
00000000000000000000000000010000011011000000000000110010000000000000000000000000
00000000000000000000000000010000010000000000000000000010000000000000000000000000
00000000000000000000000000001011100000000000000000000010000000000000000000000000
00000000000000000000000000001000000000000000000000000010000000000000000000000000
00000000000000000000000000001000000000000000000000000100000000000000000000000000
00000000000000000000000000001000000000000000000000000100000000000000000000000000
00000000000000000000000000001000000000000000000000000100000000000000000000000000
00000000000000000000000000001000000000000000000000001000000000000000000000000000
00000000000000000000000000001000000000000000000000001000000000000000000000000000
00000000000000000000000000001000000000000000000000001000000000000000000000000000
00000000000000000000000000001100000000000000000000010000000000000000000000000000
00000000000000000000000000000100000000000000000000010000000000000000000000000000
00000000000000000000000000000000000000000000100000010000000000000000000000000000
00000000000000000000000000000000000000000000110000100000000000000000000000000000
00000000000000000000000000000000000000000000010000100000000000000000000000000000
00000000000000000000000000000000000000000000001001000000000000000000000000000000
00000000000000000000000000000000000000000000001111000000000000000000000000000000
00000000000000000000000000000000000000000000000110000000000000000000000000000000
00000000000000000000000000000000000000000000000000000000000000000000000000000000
00000000000000000000000000000000000000000000000000000000000000000000000000000000
00000000000000000000000000000000000000000000000000000000000000000000000000000000
00000000000000000000000000000000000000000000000000000000000000000000000000000000
00000000000000000000000000000000000000000000000000000000000000000000000000000000
00000000000000000000000000000000000000000000000000000000000000000000000000000000
00000000000000000000000000000000000000000000000000000000000000000000000000000000
00000000000000000000000000000000000000000000000000000000000000000000000000000000
00000000000000000000000000000000000000000000000000000000000000000000000000000000
00000000000000000000000000000000000000000000000000000000000000000000000000000000
00000000000000000000000000000000000000000000000000000000000000000000000000000000
00000000000000000000000000000000000000000000000000000000000000000000000000000000
