00000000000000000000000000000000000000000000000000000000000000000000000000000000
00000000000000000000000000000000000000000000000000000000000000000000000000000000
00000000000000000000000000000000000000000000000000000000000000000000000000000000
00000000000000000000000000000000000000000000000000000000000000000000000000000000
00000000000000000000000000000000000000000000000000000000000000000000000000000000
00000000000000000000000000000000000000000000000000000000000000000000000000000000
00000000000000000000000000000000000000000000000000000000000000000000000000000000
00000000000000000000000000000000000000000000000000000000000000000000000000000000
00000000000000000000000000000000000000000000000000000000000000000000000000000000
00000000000000000000000000000000000000000000000000000000000000000000000000000000
00000000000000000000000000000000000000000000000000000000000000000000000000000000
00000000000000000000000000000000000000000000000000000000000000000000000000000000
00000000000000000000000000000000000000000000000000000000000000000000000000000000
00000000000000000000000000000000000000000000000000000000000000000000000000000000
00000000000000000000000000000000000000000000000111100000000000000000000000000000
00000000000000000000000000000000000000000011111000100000000000000000000000000000
00000000000000000000000000000000000011111100000000100000000000000000000000000000
00000000000000000000000000111111111110000000000000110000000000000000000000000000
00000000000000000000000000100000000000000000000000010000000000000000000000000000
00000000000000000000000000100000000000000000000000010000000000000000000000000000
00000000000000000000000000100000000000000000001000010000000000000000000000000000
00000000000000000000000000100000000001000000011000010000000000000000000000000000
00000000000000000000000000010000000001000000010000010000000000000000000000000000
00000000000000000000000000010000000001000011010000010000000000000000000000000000
00000000000000000000000000010000001101000001110000010000000000000000000000000000
00000000000000000000000000010000000111000000110000010000000000000000000000000000
00000000000000000000000000010000000011100000101100010000000000000000000000000000
00000000000000000000000000001000000010110000100110010000000000000000000000000000
00000000000000000000000000001000000110010001100000010000000000000000000000000000
00000000000000000000000000001000000100000001000000010000000000000000000000000000
00000000000000000000000000001000000000000000000000010000000000000000000000000000
00000000000000000000000000001000000000000000000000010000000000000000000000000000
00000000000000000000000000000100000000000000000010010000000000000000000000000000
00000000000000000000000000000100000000000000000011010000000000000000000000000000
00000000000000000000000000000100000000000000000001010000000000000000000000000000
00000000000000000000000000000100000000000000000000110000000000000000000000000000
00000000000000000000000000000100000000000000000000000000000000000000000000000000
00000000000000000000000000000110000000000000000000000000000000000000000000000000
00000000000000000000000000000010000000000000000000000000000000000000000000000000
00000000000000000000000000000000000000000000000000000000000000000000000000000000
00000000000000000000000000000000000000000000000000000000000000000000000000000000
00000000000000000000000000000000000000000000000000000000000000000000000000000000
00000000000000000000000000000000000000000000000000000000000000000000000000000000
00000000000000000000000000000000000000000000000000000000000000000000000000000000
00000000000000000000000000000000000000000000000000000000000000000000000000000000
00000000000000000000000000000000000000000000000000000000000000000000000000000000
00000000000000000000000000000000000000000000000000000000000000000000000000000000
00000000000000000000000000000000000000000000000000000000000000000000000000000000
00000000000000000000000000000000000000000000000000000000000000000000000000000000
00000000000000000000000000000000000000000000000000000000000000000000000000000000
00000000000000000000000000000000000000000000000000000000000000000000000000000000
00000000000000000000000000000000000000000000000000000000000000000000000000000000
00000000000000000000000000000000000000000000000000000000000000000000000000000000
00000000000000000000000000000000000000000000000000000000000000000000000000000000
00000000000000000000000000000000000000000000000000000000000000000000000000000000
00000000000000000000000000000000000000000000000000000000000000000000000000000000
00000000000000000000000000000000000000000000000000000000000000000000000000000000
00000000000000000000000000000000000000000000000000000000000000000000000000000000
00000000000000000000000000000000000000000000000000000000000000000000000000000000
00000000000000000000000000000000000000000000000000000000000000000000000000000000
