00000000000000000000000000000000000000000000000000000000000000000000000000000000
00000000000000000000000000000000000000000000000000000000000000000000000000000000
00000000000000000000000000000000000000000000000000000000000000000000000000000000
00000000000000000000000000000000000000000000000000000000000000000000000000000000
00000000000000000000000000000000000000000000000000000000000000000000000000000000
00000000000000000000000000000000000000000000000000000000000000000000000000000000
00000000000000000000000000000000000000000000000000000000000000000000000000000000
00000000000000000000000000000000000000000000000000000000000000000000000000000000
00000000000000000000000000000000000000000000000000000000000000000000000000000000
00000000000000000000000000000000000000000000000000000000000000000000000000000000
00000000000000000000000000000000000000000000000000000000000000000000000000000000
00000000000000000000000000000000000000000000000000000000000000000000000000000000
00000000000000000000000000000000000000000000000000000000000000000000000000000000
00000000000000000000000000000000000000000000000000000000000000000000000000000000
00000000000000000000000000000000000000000000000001110000000000000000000000000000
00000000000000000000000000000000000000000000011111011000000000000000000000000000
00000000000000000000000000000000000000000111100000001100000000000000000000000000
00000000000000000000000000000000000011111100000000000100000000000000000000000000
00000000000000000000000000011111111100000000000000000110000000000000000000000000
00000000000000000000000000010000000000000000000000000010000000000000000000000000
00000000000000000000000000010000000000000000000000000010000000000000000000000000
00000000000000000000000000010000000000000000000000000010000000000000000000000000
00000000000000000000000000001000000000000000000000000010000000000000000000000000
00000000000000000000000000001000000000000000000010000010000000000000000000000000
00000000000000000000000000001000000001000000000010000010000000000000000000000000
00000000000000000000000000001000000001000000000110000010000000000000000000000000
00000000000000000000000000001000000001001110000100000010000000000000000000000000
00000000000000000000000000000100111001000011000100000010000000000000000000000000
00000000000000000000000000000100001111000000101000000010000000000000000000000000
00000000000000000000000000000100000110000000011000000010000000000000000000000000
00000000000000000000000000000100000011100000111100000001000000000000000000000000
00000000000000000000000000000100000010111001100110000001000000000000000000000000
00000000000000000000000000000100000110011011000011000001000000000000000000000000
00000000000000000000000000000100000100001110000000100001000000000000000000000000
00000000000000000000000000000100011000000000000000011001000000000000000000000000
00000000000000000000000000000100000000000000000000000101000000000000000000000000
00000000000000000000000000000100000000000000001000000001000000000000000000000000
00000000000000000000000000000100000000000000000110000001000000000000000000000000
00000000000000000000000000000100000000000000000011000001000000000000000000000000
00000000000000000000000000000100000000000000000001111111000000000000000000000000
00000000000000000000000000000100000000000000000000000000000000000000000000000000
00000000000000000000000000000000000000000000000000000000000000000000000000000000
00000000000000000000000000000000000000000000000000000000000000000000000000000000
00000000000000000000000000000000000000000000000000000000000000000000000000000000
00000000000000000000000000000000000000000000000000000000000000000000000000000000
00000000000000000000000000000000000000000000000000000000000000000000000000000000
00000000000000000000000000000000000000000000000000000000000000000000000000000000
00000000000000000000000000000000000000000000000000000000000000000000000000000000
00000000000000000000000000000000000000000000000000000000000000000000000000000000
00000000000000000000000000000000000000000000000000000000000000000000000000000000
00000000000000000000000000000000000000000000000000000000000000000000000000000000
00000000000000000000000000000000000000000000000000000000000000000000000000000000
00000000000000000000000000000000000000000000000000000000000000000000000000000000
00000000000000000000000000000000000000000000000000000000000000000000000000000000
00000000000000000000000000000000000000000000000000000000000000000000000000000000
00000000000000000000000000000000000000000000000000000000000000000000000000000000
00000000000000000000000000000000000000000000000000000000000000000000000000000000
00000000000000000000000000000000000000000000000000000000000000000000000000000000
00000000000000000000000000000000000000000000000000000000000000000000000000000000
00000000000000000000000000000000000000000000000000000000000000000000000000000000
