00000000000000000000000000000000000000000000000000000000000000000000000000000000
00000000000000000000000000000000000000000000000000000000000000000000000000000000
00000000000000000000000000000000000000000000000000000000000000000000000000000000
00000000000000000000000000000000000000000000000000000000000000000000000000000000
00000000000000000000000000000000000000000000000000000000000000000000000000000000
00000000000000000000000000000000000000000000000000000000000000000000000000000000
00000000000000000000000000000000000000000000000000000000000000000000000000000000
00000000000000000000000000000000000000000000000000000000000000000000000000000000
00000000000000000000000000000000000000000000000000000000000000000000000000000000
00000000000000000000000000000000000000000000000000000000000000000000000000000000
00000000000000000000000000000000000000000000000000000000000000000000000000000000
00000000000000000000000000000000000000000000000000000000000000000000000000000000
00000000000000000000000000000000000000000000000000000000000000000000000000000000
00000000000000000000000000000000000000000000000000000000000000000000000000000000
00000000000000000000000000000000000000000000000000000000000000000000000000000000
00000000000000000000000000000000000000000000000000000000000000000000000000000000
00000000000000000000000000000000000000000000000000000000000000000000000000000000
00000000000000000000000000000000000000000000000000000000000000000000000000000000
00000000000000000000000000000000000000000000000000000000000000000000000000000000
00000000000000000000000000000000000000000000000000000000000000000000000000000000
00000000000000000000000000000000000000000000000000000000000000000000000000000000
00000000000000000000000000000000000000000000000000000000000000000000000000000000
00000000000000000000000000000000000000000000000000000000000000000000000000000000
00000000000000000000000000000000000000000000000000000000000000000000000000000000
00000000000000000000000000000000000000000000000000000000000000000000000000000000
00000000000000000000000000000000000000000000000000000000000000000000000000000000
00000000000000000000000000000000000000000000000000000000000000000000000000000000
00000000000000000000000000000000000000000000000000000000000000000000000000000000
00000000000000000000000000000000000000000000000000000000000000000000000000000000
00000000000000000000000000000000000000000001111110000000000000000000000000000000
00000000000000000000000000000000000000111111000010000000000000000000000000000000
00000000000000000000000000000000111111100000000001000000000000000000000000000000
00000000000000000000000000000000011100000000000000001100000000000000000000000000
00000000000000000000000000000001000000000000000000000100000000000000000000000000
00000000000000000000000000000001000000000000000000000100000000000000000000000000
00000000000000000000000000000001000000000000000000000100000000000000000000000000
00000000000000000000000000000001000000000000000000000100000000000000000000000000
00000000000000000000000000000001000000000000000000000100000000000000000000000000
00000000000000000000000000000001000000000000000000000100000000000000000000000000
00000000000000000000000000000001000000000111111100000100000000000000000000000000
00000000000000000000000000000001000000001000000000000100000000000000000000000000
00000000000000000000000000000001000000000000010000000100000000000000000000000000
00000000000000000000000000000001000000000000010000000100000000000000000000000000
00000000000000000000000000000001000000000000010000000100000000000000000000000000
00000000000000000000000000000001000000000000011111100100000000000000000000000000
00000000000000000000000000000001000000000011111000000100000000000000000000000000
00000000000000000000000000000001000000000000010000000100000000000000000000000000
00000000000000000000000000000001000000000000010011000100000000000000000000000000
00000000000000000000000000000001000000000000010001100100000000000000000000000000
00000000000000000000000000000001000000000000000000110100000000000000000000000000
00000000000000000000000000000001000000000000000000010100000000000000000000000000
00000000000000000000000000000001000000001111111111000100000000000000000000000000
00000000000000000000000000000000100000111000000000000100000000000000000000000000
00000000000000000000000000000000100000000000000000000100000000000000000000000000
00000000000000000000000000000000100000000000000000000100000000000000000000000000
00000000000000000000000000000000110000000000000000000100000000000000000000000000
00000000000000000000000000000000010011111111111111111110000000000000000000000000
00000000000000000000000000000000011110000000000000000000000000000000000000000000
00000000000000000000000000000000000000000000000000000000000000000000000000000000
00000000000000000000000000000000000000000000000000000000000000000000000000000000
