00000000000000000000000000000000000000000000000000000000000000000000000000000000
00000000000000000000000000000000000000000000000000000000000000000000000000000000
00000000000000000000000000000000000000000000000000000000000000000000000000000000
00000000000000000000000000000000000000000000000000000000000000000000000000000000
00000000000000000000000000000000000000000000000000000000000000000000000000000000
00000000000000000000000000000000000000000000000000000000000000000000000000000000
00000000000000000000000000000000000000000000000000000000000000000000000000000000
00000000000000000000000000000000000000000000000000000000000000000000000000000000
00000000000000000000000000000000000000000000000000000000000000000000000000000000
00000000000000000000000000000000000000000000000000000000000000000000000000000000
00000000000000000000000000000000000000000000000000000000000000000000000000000000
00000000000000000000000000000000000000000000000000000000000000000000000000000000
00000000000000000000000000000000000000000000000000000000000000000000000000000000
00000000000000000000000000000000000000000000000000000000000000000000000000000000
00000000000000000000000000000000000000000000000000000000000000000000000000000000
00000000000000000000000000000000000000000000000000000000000000000000000000000000
00000000000000000000000000000000000000000000000000000000000000000000000000000000
00000000000000000000000000000000000000000000000000000000000000000000000000000000
00000000000000000000000000000000000000000000000000000000000000000000000000000000
00000000000000000000000000000000000000000000000000000000000000000000000000000000
00000000000000000000000000000000000000000000000000000000000000000000000000000000
00000000000000000000000000000000000000000000000000000000000000000000000000000000
00000000000000000000000000000000000000000000000000000000000000000000000000000000
00000000000000000000000000000000000000000000000000000000000000000000000000000000
00000000000000000000000000000000000000000000000000000000000000000000000000000000
00000000000000000000000000000000000000000000000000000000000000000000000000000000
00000000000000000000000000000000000000000000000000000000000000000000000000000000
00000000000000000000000000000000000000000000000000000000000000000000000000000000
00000000000000000000000000000000000000000000000000000000000000000000000000000000
00000000000000000000000000000000000000000000000000000000000000000000000000000000
00000000000000000000000000000000000000000000000000000000000000000000000000000000
00000000000000000000000000000000000000000000000000000000000000000000000000000000
00000000000000000000000000000000000000000000000000000000000000000000000000000000
00000000000000000000000000000000000000000000000000000000000000000000000000000000
00000000000000000000000000000000000000000000000000000000000000000000000000000000
00000000000000000000000000000000000000000000000000000000000000000000000000000000
00000000000000000000000000000000000000000000000000000000000000000000000000000000
00000000000000000000000000000000000000000000000000000000000000000000000000000000
00000000000000000000000001111000000000000000000000000000000000000000000000000000
00000000000000000001111111001100000000000000000000000000000000000000000000000000
00000000000000111111000000000110000000000000000000000000000000000000000000000000
00000000000000111100000000000000010000000000000000000000000000000000000000000000
00000000000000000000000000000000010000000000000000000000000000000000000000000000
00000000000000100000000000010000010000000000000000000000000000000000000000000000
00000000000000100000011111110000010000000000000000000000000000000000000000000000
00000000000000100000000110000000010000000000000000000000000000000000000000000000
00000000000000010000000010000000010000000000000000000000000000000000000000000000
00000000000000010000000011000000010000000000000000000000000000000000000000000000
00000000000000010000000001000000010000000000000000000000000000000000000000000000
00000000000000010000011111111100010000000000000000000000000000000000000000000000
00000000000000010000000001000000010000000000000000000000000000000000000000000000
00000000000000011000000001001100010000000000000000000000000000000000000000000000
00000000000000001000000001000110010000000000000000000000000000000000000000000000
00000000000000001000000011011110010000000000000000000000000000000000000000000000
00000000000000001000001111110000010000000000000000000000000000000000000000000000
00000000000000001000000000000000001000000000000000000000000000000000000000000000
00000000000000000000000000000000001000000000000000000000000000000000000000000000
00000000000000000000000011111111101000000000000000000000000000000000000000000000
00000000000000000111111110000000011000000000000000000000000000000000000000000000
00000000000000000000000000000000000000000000000000000000000000000000000000000000
