00000000000000000000000000000000000000000000000000000000000000000000000000000000
00000000000000000000000000000000000000000000000000000000000000000000000000000000
00000000000000000000000000000000000000000000000000000000000000000000000000000000
00000000000000000000000000000000000000000000000000000000000000000000000000000000
00000000000000000000000000000000000000000000000000000000000000000000000000000000
00000000000000000000000000000000000000000000000000000000000000000000000000000000
00000000000000000000000000000000000000000000000000000000000000000000000000000000
00000000000000000000000000000000000000000000000000000000000000000000000000000000
00000000000000000000000000000000000000000000000000000000000000000000000000000000
00000000000000000000000000000000000000000000000000000000000000000000000000000000
00000000000000000000000000000000000000000000000000000000000000000000000000000000
00000000000000000000000000000000000000000000000000000000000000000000000000000000
00000000000000000000000000000000000000000000000000000000000000000000000000000000
00000000000000000000000000000000000000000000000000000000000000000000000000000000
00000000000000000000000000000000000000000000000000000000000000000000000000000000
00000000000000000000000000000000000000000000000000000000000000000000000000000000
00000000000000000000000000000000000000000000000000000000000000000000000000000000
00000000000000000000000000000000000000000000000000000000000000000000000000000000
00000000000000000000000000000000000000000000000000000000000000000000000000000000
00000000000000000000000000000000000000000000000000000000000000000000000000000000
00000000000000000000000000000000000000000000000000000000000000000000000000000000
00000000000000000000000000000000000000000000000000000000000000000000000000000000
00000000000000000000000000000000000000000000000000000000000000000000000000000000
00000000000000000000000000000000000000000000000000000000000000000000000000000000
00000000000000000000000000000000000000000000000000000000000000000000000000000000
00000000000000000000000000000000000000000000000000000000000000000000000000000000
00000000000000000000000000000000000000000000000000000000000000000000000000000000
00000000000000000000000000000000000000000000000000000000000000000000000000000000
00000000000000000000000000000000000000000000000000000000000000000000000000000000
00000000000000000000000000000000000000000000000000000000000000000000000000000000
00000000000000000000000000000000000000000000000000000000000000000000000000000000
00000000000000000000000000000000000000000000000000000000000000000000000000000000
00000000000000000000000000000000000000000000000000000000000000000000000000000000
00000000000000000000000000000000000000000000000000000000000000001111111100000000
00000000000000000000000000000000000000000000000000000000000011111000000110000000
00000000000000000000000000000000000000000000000000000000000111110000000000011000
00000000000000000000000000000000000000000000000000000000001000000000000000001000
00000000000000000000000000000000000000000000000000000000001000000000000000001000
00000000000000000000000000000000000000000000000000000000001000000000000000001100
00000000000000000000000000000000000000000000000000000000001000000000000000000100
00000000000000000000000000000000000000000000000000000000001000000000001111000100
00000000000000000000000000000000000000000000000000000000001000000111111000000100
00000000000000000000000000000000000000000000000000000000001000000000000000000100
00000000000000000000000000000000000000000000000000000000001000000000010000000010
00000000000000000000000000000000000000000000000000000000001000000000010000000010
00000000000000000000000000000000000000000000000000000000001000000000010000000010
00000000000000000000000000000000000000000000000000000000001000000001111111000010
00000000000000000000000000000000000000000000000000000000001000000011001000000011
00000000000000000000000000000000000000000000000000000000001000000000001001100001
00000000000000000000000000000000000000000000000000000000000100000000001000110001
00000000000000000000000000000000000000000000000000000000000100000000001000011001
00000000000000000000000000000000000000000000000000000000000100000000011000000001
00000000000000000000000000000000000000000000000000000000000100000000111111111001
00000000000000000000000000000000000000000000000000000000000100001111100000000001
00000000000000000000000000000000000000000000000000000000000100000000000000000001
00000000000000000000000000000000000000000000000000000000000100000000000000000001
00000000000000000000000000000000000000000000000000000000000100000000000000000111
00000000000000000000000000000000000000000000000000000000000100000000000001111111
00000000000000000000000000000000000000000000000000000000000110000111111111000010
00000000000000000000000000000000000000000000000000000000000011111100000000000000
