00000000000000000000000000000000000000000000000000000000000000000000000000000000
00000000000000000000000000000000000000000000000000000000000000000000000000000000
00000000000000000000000000000000000000000000000000000000000000000000000000000000
00000000000000000000000000000000000000000000000000000000000000000000000000000000
00000000000000000000000000000000000000000000000000000000000000000000000000000000
00000000000000000000000000000000000000000000000000000000000000000000000000000000
00000000000000000000000000000000000000000000000000000000000000000000000000000000
00000000000000000000000000000000000000000000000000000000000000000000000000000000
00000000000000000000000000000000000000000000000000000000000000000000000000000000
00000000000000000000000000000000000000000000000000000000000000000000000000000000
00000000000000000000000000000000000000000000000000000000000000000000000000000000
00000000000000000000000000000000000000000000000000000000000000000000000000000000
00000000000000000000000000000000000000010000000000000000000000000000000000000000
00000000000000000000000000000000000000110000000000000000000000000000000000000000
00000000000000000000000000000000000000100000000000000000000000000000000000000000
00000000000000000000000000000000000011000000000000000000000000000000000000000000
00000000000000000000000000000000001110000010000000000000000000000000000000000000
00000000000000000000000000000111110010000010000000000000000000000000000000000000
00000000000000000000000000011100100011000001000000000000000000000000000000000000
00000000000000000000000000000000110001100001000000000000000000000000000000000000
00000000000000000000000000000000010000100001000000000000000000000000000000000000
00000000000000000000000000000000001100010111000000000000000000000000000000000000
00000000000000000000000000000000000100001111111111000000000000000000000000000000
00000000000000000000000000000100000111111110000001000000000000000000000000000000
00000000000000000000000000000111111100100000000001000000000000000000000000000000
00000000000000000000000000000100000000100000001110000000000000000000000000000000
00000000000000000000000000000100000000100000011000000000000000000000000000000000
00000000000000000000000000000100000000100000000000000000000000000000000000000000
00000000000000000000000000000100000000100000000000000000000000000000000000000000
00000000000000000000000000000100001111111111111110000000000000000000000000000000
00000000000000000000000000000100010000100000000000000000000000000000000000000000
00000000000000000000000000000100000000100011111000000000000000000000000000000000
00000000000000000000000000000100000000111100001000000000000000000000000000000000
00000000000000000000000000001100000001110000011000000000000000000000000000000000
00000000000000000000000000000000000001110000010000000000000000000000000000000000
00000000000000000000000000000000000001011000100000000000000000000000000000000000
00000000000000000000000000000000000010000111100000000000000000000000000000000000
00000000000000000000000000000000000010000011000000000000000000000000000000000000
00000000000000000000000000000000000100000111110000000000000000000000000000000000
00000000000000000000000000000000011100011100011100000000000000000000000000000000
00000000000000000000000000000001110001110000000111100000000000000000000000000000
00000000000000000000000000000001000111000000000000111111100000000000000000000000
00000000000000000000000000000000000000000000000000000000000000000000000000000000
00000000000000000000000000000000000000000000000000000000000000000000000000000000
00000000000000000000000000000000000000000000000000000000000000000000000000000000
00000000000000000000000000000000000000000000000000000000000000000000000000000000
00000000000000000000000000000000000000000000000000000000000000000000000000000000
00000000000000000000000000000000000000000000000000000000000000000000000000000000
00000000000000000000000000000000000000000000000000000000000000000000000000000000
00000000000000000000000000000000000000000000000000000000000000000000000000000000
00000000000000000000000000000000000000000000000000000000000000000000000000000000
00000000000000000000000000000000000000000000000000000000000000000000000000000000
00000000000000000000000000000000000000000000000000000000000000000000000000000000
00000000000000000000000000000000000000000000000000000000000000000000000000000000
00000000000000000000000000000000000000000000000000000000000000000000000000000000
00000000000000000000000000000000000000000000000000000000000000000000000000000000
00000000000000000000000000000000000000000000000000000000000000000000000000000000
00000000000000000000000000000000000000000000000000000000000000000000000000000000
00000000000000000000000000000000000000000000000000000000000000000000000000000000
00000000000000000000000000000000000000000000000000000000000000000000000000000000
