00000000000000000000000000000000000000000000000000000000000000000000000000000000
00000000000000000000000000000000000000000000000000000000000000000000000000000000
00000000000000000000000000000000000000000000000000000000000000000000000000000000
00000000000000000000000000000000000000000000000000000000000000000000000000000000
00000000000000000000000000000000000000000000000000000000000000000000000000000000
00000000000000000000000000000000000000000000000000000000000000000000000000000000
00000000000000000000000000000000000000000000000000000000000000000000000000000000
00000000000000000000000000000000000000000000000000000000000000000000000000000000
00000000000000000000000000000000000000000000000000000000000000000000000000000000
00000000000000000000000000000000000000000000000000000000000000000000000000000000
00000000000000000000000000000000000000000000000000000000000000000000000000000000
00000000000000000000000000000000000000000000000000000000000000000000000000000000
00000000000000000000000000000000000000000000000000000000000000000000000000000000
00000000000000000000000000000000000000000000000000000000000000000000000000000000
00000000000000000000000000000000000000000000000000000000000000000000000000000000
00000000000000000000000000000000000000000000000000000000000000000000000000000000
00000000000000000000000000000000000000000000000000000000000000000000000000000000
00000000000000000000000000000000000000000000000000000000000000000000000000000000
00000000000000000000000000000000000000000000000000000000000000000000000000000000
00000000000000000000000000000000000000000000000000000000000000000000000000000000
00000000000000000000000000000000000000000000000000000000000000000000000000000000
00000000000000000000000000000000000000000000000000000000000000000000000000000000
00000000000000000000000000000000000000000000000000000000000000000000000000000000
00000000000000000000000000100000000000000000000000000000000000000000000000000000
00000000000000000000000000100000000000000000000000000000000000000000000000000000
00000000000000000000000001100000000000000000000000000000000000000000000000000000
00000000000000000000000011000000000000000000000000000000000000000000000000000000
00000000000000000000001100000000000000000000000000000000000000000000000000000000
00000000000000000000111000000100000000000000000000000000000000000000000000000000
00000000000000000011100100000100000000000000000000000000000000000000000000000000
00000000000000000011101000110001000000000000000000000000000000000000000000000000
00000000000000000110001000010011000000000000000000000000000000000000000000000000
00000000000000000000000100001110000000000000000000000000000000000000000000000000
00000000000000000000000110011000011111000000000000000000000000000000000000000000
00000000000000000000000011111111110001000000000000000000000000000000000000000000
00000000000000000011111111100000000001000000000000000000000000000000000000000000
00000000000000000010000001000000000011000000000000000000000000000000000000000000
00000000000000000010000001100000001110000000000000000000000000000000000000000000
00000000000000000010000000100001111000000000000000000000000000000000000000000000
00000000000000000010000000100011000000000000000000000000000000000000000000000000
00000000000000000100000000101111110000000000000000000000000000000000000000000000
00000000000000000100000111110000000000000000000000000000000000000000000000000000
00000000000000000100011100100000000000000000000000000000000000000000000000000000
00000000000000000000000000100000000000000000000000000000000000000000000000000000
00000000000000000000000000100001111100000000000000000000000000000000000000000000
00000000000000000000000001000111000100000000000000000000000000000000000000000000
00000000000000000000000001111100000100000000000000000000000000000000000000000000
00000000000000000000000001000000001100000000000000000000000000000000000000000000
00000000000000000000000011000000001000000000000000000000000000000000000000000000
00000000000000000000000011110000011000000000000000000000000000000000000000000000
00000000000000000000000010011000010000000000000000000000000000000000000000000000
00000000000000000000000110001100100000000000000000000000000000000000000000000000
00000000000000000000000100000011000000000000000000000000000000000000000000000000
00000000000000000000000100000011110000000000000000000000000000000000000000000000
00000000000000000000001100001100011100000000000000000000000000000000000000000000
00000000000000000000001011111000000110000000000000000000000000000000000000000000
00000000000000000000011110000000000001100000000000000000000000000000000000000000
00000000000000000000110000000000000000111100000000000000000000000000000000000000
00000000000000000001100000000000000000000111111110000000000000000000000000000000
00000000000000000000000000000000000000000000000000000000000000000000000000000000
