00000000000000000000000000000000000000000000000000000000000000000000000000000000
00000000000000000000000000000000000000000000000000000000000000000000000000000000
00000000000000000000000000000000000000000000000000000000000000000000000000000000
00000000000000000000000000000000000000000000000000000000000000000000000000000000
00000000000000000000000000000000000000000000000000000000000000000000000000000000
00000000000000000000000000000000000000000000000000000000000000000000000000000000
00000000000000000000000000000000000000000000000000000000000000000000000000000000
00000000000000000000000000000000000000000000000000000000000000000000000000000000
00000000000000000000000000000000000000000000000000000000000000000000000000000000
00000000000000000000000000000000000000000000000000000000000000000000000000000000
00000000000000000000000000000000000000000000000000000000000000000000000000000000
00000000000000000000000000000000000000000000000000000000000000000000000000000000
00000000000000000000000000000000000000000001111110000000000000000000000000000000
00000000000000000000000000000000000000000011000010000000000011100000000000000000
00000000000000000000000000000000000000000001000010111111111110000000000000000000
00000000000000000000000000000000010011110001000010000000000000000000000000000000
00000000000000000000000000000000011110010001000010000000001000000000000000000000
00000000000000000000000000000000010000011001000010000000001000000000000000000000
00000000000000000000000000000000010000001001000010000000001000000000000000000000
00000000000000000000000000000000010000001001000010001111001000000000000000000000
00000000000000000000000000000000010000001001000010010000101000000000000000000000
00000000000000000000000000000000010000001001000011010000101000000000000000000000
00000000000000000000000000000000010000001001110001010000101000000000000000000000
00000000000000000000000000000000010000001000111001010000101000000000000000000000
00000000000000000000000000000000011111111000101101010001001000000000000000000000
00000000000000000000000000000000010000000000100111010111101000000000000000000000
00000000000000000000000000000000010000000000100000010000001000000000000000000000
00000000000000000000000000000000011000000000100000000000001000000000000000000000
00000000000000000000000000000000000000000000100000000000001000000000000000000000
00000000000000000000000000000000000000000000100000000000001000000000000000000000
00000000000000000000000000000000000000000000100000000000001000000000000000000000
00000000000000000000000000000000000000000000100000000000001000000000000000000000
00000000000000000000000000000000000000000000100000000000001000000000000000000000
00000000000000000000000000000000000000000000100000001100011000000000000000000000
00000000000000000000000000000000000000000000100000000110010000000000000000000000
00000000000000000000000000000000000000000000100000000011110000000000000000000000
00000000000000000000000000000000000000000000100000000000000000000000000000000000
00000000000000000000000000000000000000000000100000000000000000000000000000000000
00000000000000000000000000000000000000000000100000000000000000000000000000000000
00000000000000000000000000000000000000000000100000000000000000000000000000000000
00000000000000000000000000000000000000000000110000000000000000000000000000000000
00000000000000000000000000000000000000000000000000000000000000000000000000000000
00000000000000000000000000000000000000000000000000000000000000000000000000000000
00000000000000000000000000000000000000000000000000000000000000000000000000000000
00000000000000000000000000000000000000000000000000000000000000000000000000000000
00000000000000000000000000000000000000000000000000000000000000000000000000000000
00000000000000000000000000000000000000000000000000000000000000000000000000000000
00000000000000000000000000000000000000000000000000000000000000000000000000000000
00000000000000000000000000000000000000000000000000000000000000000000000000000000
00000000000000000000000000000000000000000000000000000000000000000000000000000000
00000000000000000000000000000000000000000000000000000000000000000000000000000000
00000000000000000000000000000000000000000000000000000000000000000000000000000000
00000000000000000000000000000000000000000000000000000000000000000000000000000000
00000000000000000000000000000000000000000000000000000000000000000000000000000000
00000000000000000000000000000000000000000000000000000000000000000000000000000000
00000000000000000000000000000000000000000000000000000000000000000000000000000000
00000000000000000000000000000000000000000000000000000000000000000000000000000000
00000000000000000000000000000000000000000000000000000000000000000000000000000000
00000000000000000000000000000000000000000000000000000000000000000000000000000000
00000000000000000000000000000000000000000000000000000000000000000000000000000000
