00000000000000000000000000000000000000000000000000000000000000000000000000000000
00000000000000000000000000000000000000000000000000000000000000000000000000000000
00000000000000000000000000000000000000000000000000000000000000000000000000000000
00000000000000000000000000000000000000000000000000000000000000000000000000000000
00000000000000000000000000000000000000000000000000000000000000000000000000000000
00000000000000000000000000000000000000000000000000000000000000000000000000000000
00000000000000000000000000000000000000000000000000000000000000000000000000000000
00000000000000000000000000000000000000000000000000000000000000000000000000000000
00000000000000000000000000000000000000000000000000000000000000000000000000000000
00000000000000000000000000000000000000000000000000000000000000000000000000000000
00000000000000000000000000000000000000000000000000000000000000000000000000000000
00000000000000000000000000000000000000000000000000000000000000000000000000000000
00000000000000000000000000000000000000000000000000000000000000000000000000000000
00000000000000000000000000000000000000000000000000000000000000000000000000000000
00000000000000000000000000000000000000000000000000000000000000000000000000000000
00000000000000000000000000000000000000011111111111110000000000000000000000000000
00000000000000000000000000000000111111100000000000000000000000000000000000000000
00000000000000000000000000011111100000001000000000000000000000000000000000000000
00000000000000000000000000000000000000001000000000000000000000000000000000000000
00000000000000000000000000000000000000001000000111111000000000000000000000000000
00000000000000000000000000000000000000001001111100001100000000000000000000000000
00000000000000000000000000000000011111111111000000000100000000000000000000000000
00000000000000000000000000000000000000000100000000000100000000000000000000000000
00000000000000000000000000000010000000000100000000000100000000000000000000000000
00000000000000000000000000000010000000000100011000000100000000000000000000000000
00000000000000000000000000000010000100000100001100000100000000000000000000000000
00000000000000000000000000000010000010000100000110000100000000000000000000000000
00000000000000000000000000000010000011000100000010000100000000000000000000000000
00000000000000000000000000000001000000000100010000000100000000000000000000000000
00000000000000000000000000000001000100000100011000000100000000000000000000000000
00000000000000000000000000000001000111000100000100000100000000000000000000000000
00000000000000000000000000000001000001100100000010000100000000000000000000000000
00000000000000000000000000000000100000110100000011000100000000000000000000000000
00000000000000000000000000000000100000000100000000000100000000000000000000000000
00000000000000000000000000000000100000000100000000000100000000000000000000000000
00000000000000000000000000000000100000000100000000001100000000000000000000000000
00000000000000000000000000000000110000000000000000001000000000000000000000000000
00000000000000000000000000000000010000000000000000001000000000000000000000000000
00000000000000000000000000000000010000000000000000001000000000000000000000000000
00000000000000000000000000000000010000000000000000001000000000000000000000000000
00000000000000000000000000000000000000000000110000010000000000000000000000000000
00000000000000000000000000000000000000000000001000010000000000000000000000000000
00000000000000000000000000000000000000000000001100010000000000000000000000000000
00000000000000000000000000000000000000000000000010100000000000000000000000000000
00000000000000000000000000000000000000000000000011100000000000000000000000000000
00000000000000000000000000000000000000000000000001100000000000000000000000000000
00000000000000000000000000000000000000000000000000000000000000000000000000000000
00000000000000000000000000000000000000000000000000000000000000000000000000000000
00000000000000000000000000000000000000000000000000000000000000000000000000000000
00000000000000000000000000000000000000000000000000000000000000000000000000000000
00000000000000000000000000000000000000000000000000000000000000000000000000000000
00000000000000000000000000000000000000000000000000000000000000000000000000000000
00000000000000000000000000000000000000000000000000000000000000000000000000000000
00000000000000000000000000000000000000000000000000000000000000000000000000000000
00000000000000000000000000000000000000000000000000000000000000000000000000000000
00000000000000000000000000000000000000000000000000000000000000000000000000000000
00000000000000000000000000000000000000000000000000000000000000000000000000000000
00000000000000000000000000000000000000000000000000000000000000000000000000000000
00000000000000000000000000000000000000000000000000000000000000000000000000000000
00000000000000000000000000000000000000000000000000000000000000000000000000000000
