00000000000000000000000000000000000000000000000000000000000000000000000000000000
00000000000000000000000000000000000000000000000000000000000000000000000000000000
00000000000000000000000000000000000000000000000000000000000000000000000000000000
00000000000000000000000000000000000000000000000000000000000000000000000000000000
00000000000000000000000000000000000000000000000000000000000000000000000000000000
00000000000000000000000000000000000000000000000000000000000000000000000000000000
00000000000000000000000000000000000000000000000000000000000000000000000000000000
00000000000000000000000000000000000000000000000000000000000000000000000000000000
00000000000000000000000000000000000000000000000000000000000000000000000000000000
00000000000000000000000000000000000000000000000000000000000000000000000000000000
00000000000000000000000000000000000000000000000000000000000000000000000000000000
00000000000000000000000000000000000000000000000000000000000000000000000000000000
00000000000000000000000000000000000000011111100000000000000000000000000000000000
00000000000000000000000000000001111111110000000000000000000000000000000000000000
00000000000000000000000000011110000000000000000000000000000000000000000000000000
00000000000000000000000000000000000000010000000000000000000000000000000000000000
00000000000000000000000000000000100000010000000000000000000000000000000000000000
00000000000000000000000000000000010000001001111111000000000000000000000000000000
00000000000000000000000000000000111111111111000001000000000000000000000000000000
00000000000000000000000011111111101000001000000001000000000000000000000000000000
00000000000000000000000010000000001000001000000010000000000000000000000000000000
00000000000000000000000010000000001100001000000010000000000000000000000000000000
00000000000000000000000011000000000100001000000100000000000000000000000000000000
00000000000000000000000001100000000100001000000100000000000000000000000000000000
00000000000000000000000000100000000100001000001100000000000000000000000000000000
00000000000000000000000000110000000110001000001000000000000000000000000000000000
00000000000000000000000000010000000010001000011000000000000000000000000000000000
00000000000000000000000000001000001111111111110000000000000000000000000000000000
00000000000000000000000000001111111001000000100000000000000000000000000000000000
00000000000000000000000000000110000001000000000000000000000000000000000000000000
00000000000000000000000000000000000001000000000000000000000000000000000000000000
00000000000000000000000000000000000011000000000000000000000000000000000000000000
00000000000000000000000000000000000010000000000000000000000000000000000000000000
00000000000000000000000000000000000010111111111100000000000000000000000000000000
00000000000000000000000000000001111111000010000000000000000000000000000000000000
00000000000000000000000000011110000100000010000000000000000000000000000000000000
00000000000000000000000000100000001100000110000000000000000000000000000000000000
00000000000000000000000000000000001000000100000000000000000000000000000000000000
00000000000000000000000000000000001000000100000000000000000000000000000000000000
00000000000000000000000000000000001000001100000000000000000000000000000000000000
00000000000000000000000000000000001100001000000000000000000000000000000000000000
00000000000000000000000000000000000111001000000000000000000000000000000000000000
00000000000000000000000000000000000001111000000000000000000000000000000000000000
00000000000000000000000000000000000000011110000000000000000000000000000000000000
00000000000000000000000000000000000000110011110000000000000000000000000000000000
00000000000000000000000000000000000000100000011100000000000000000000000000000000
00000000000000000000000000000000000011100000000110000000000000000000000000000000
00000000000000000000000000000111111100000000000000000000000000000000000000000000
00000000000000000000000000000000000000000000000000000000000000000000000000000000
00000000000000000000000000000000000000000000000000000000000000000000000000000000
00000000000000000000000000000000000000000000000000000000000000000000000000000000
00000000000000000000000000000000000000000000000000000000000000000000000000000000
00000000000000000000000000000000000000000000000000000000000000000000000000000000
00000000000000000000000000000000000000000000000000000000000000000000000000000000
00000000000000000000000000000000000000000000000000000000000000000000000000000000
00000000000000000000000000000000000000000000000000000000000000000000000000000000
00000000000000000000000000000000000000000000000000000000000000000000000000000000
00000000000000000000000000000000000000000000000000000000000000000000000000000000
00000000000000000000000000000000000000000000000000000000000000000000000000000000
00000000000000000000000000000000000000000000000000000000000000000000000000000000
