00000000000000000000000000000000000000000000000000000000000000000000000000000000
00000000000000000000000000000000000000000000000000000000000000000000000000000000
00000000000000000000000000000000000000000000000000000000000000000000000000000000
00000000000000000000000000000000000000000000000000000000000000000000000000000000
00000000000000000000000000000000000000000000000000000000000000000000000000000000
00000000000000000000000000000000000000000000000000000000000000000000000000000000
00000000000000000000000000000000000000000000000000000000000000000000000000000000
00000000000000000000000000000000000000000000000000000000000000000000000000000000
00000000000000000000000000000000000000000000000000000000000000000000000000000000
00000000000000000000000000000000000000000000000000000000000000000000000000000000
00000000000000000000000000000000000000000000000000000000000000000000000000000000
00000000000000000000000000000000000000000000000000000000000000000000000000000000
00000000000000000000000000000000000000000000000000000000000000000000000000000000
00000000000000000000000000000000000000000000000000000000000000000000000000000000
00000000000000000000000000000000000000000000000000000000000000000000000000000000
00000000000000000000000000000000000000000000000000000000000000000000000000000000
00000000000000000000000000000000000000000000000000000000000000000000000000000000
00000000000000000000000000000000000000000000000000000000000000000000000000000000
00000000000000000000000000000000000000000000000000000000000000000000000000000000
00000000000000000000000000000000000000000000000000000000000000000000000000000000
00000000000000000000000000000000000000000000000000000000000000000000000000000000
00000000000000000000000000000000000000000000000000000000000000000000000000000000
00000000000000000000000000000000000000000000000000000000000000000000000000000000
00000000000000000000000000000000000000000000000000000000000000000000000000000000
00000000000000000000000000000000000000000000000000000000000000000000000000000000
00000000000000000000000000000000000000000000000000000000000000000000000000000000
00000000000000000000000000000000000000000000000001000000000000000000000000000000
00000000000000000000000000000000000000000000000001000000000000000000000000000000
00000000000000000000000000000000000000001000000001000000000000000000000000000000
00000000000000000000000000000000000000001000000001000000000000000000000000000000
00000000000000000000000000000000000000001100000111111111110000000000000000000000
00000000000000000000000000000001111111111111111101000000000000000000000000000000
00000000000000000000000000000000000000000100000001000000000000000000000000000000
00000000000000000000000000000000000000000110000001000000000000000000000000000000
00000000000000000000000000000000000000000010000001000000000000000000000000000000
00000000000000000000000000000000000000000010000011000000000000000000000000000000
00000000000000000000000000000000000000000010000011000000000000000000000000000000
00000000000000000000000000000000000000000010000010000000000000000000000000000000
00000000000000000000000000000000000000000010000010011110000000000000000000000000
00000000000000000000000000000000000001100001000111110000000000000000000000000000
00000000000000000000000000000000000000100001000011000000000000000000000000000000
00000000000000000000000000000000000000100001000111100000000000000000000000000000
00000000000000000000000000000000000000100001000100110000000000000000000000000000
00000000000000000000000000000000000000100001001000010000000000000000000000000000
00000000000000000000000000000000000000100001011000000000000000000000000000000000
00000000000000000000000000000000000000100001000000000001110000000000000000000000
00000000000000000000000000000000000000000001000001111111010000000000000000000000
00000000000000000000000000000000000000000001111110000000010000000000000000000000
00000000000000000000000000000000001001111111000010000000010000000000000000000000
00000000000000000000000000000000001000000001000010000000010000000000000000000000
00000000000000000000000000000000001000000001000010000000100000000000000000000000
00000000000000000000000000000000001100000001000010000011000000000000000000000000
00000000000000000000000000000000000100000001000010011100000000000000000000000000
00000000000000000000000000000000000110000001000010010000000000000000000000000000
00000000000000000000000000000000000010000000000010000000000000000000000000000000
00000000000000000000000000001100000000000111111111111111111111110000000000000000
00000000000000000000000000000111111111111000000000000000000000011100000000000000
00000000000000000000000000000000000000000000000000000000000000000110000000000000
00000000000000000000000000000000000000000000000000000000000000000010000000000000
00000000000000000000000000000000000000000000000000000000000000000000000000000000
