00000000000000000000000000000000000000000000000000000000000000000000000000000000
00000000000000000000000000000000000000000000000000000000000000000000000000000000
00000000000000000000000000000000000000000000000000000000000000000000000000000000
00000000000000000000000000000000000000000000000000000000000000000000000000000000
00000000000000000000000000000000000000000000000000000000000000000000000000000000
00000000000000000000000000000000000000000000000000000000000000000000000000000000
00000000000000000000000000000000000000000000000000000000000000000000000000000000
00000000000000000000000000000000000000000000000000000000000000000000000000000000
00000000000000000000000000000000000000000000000000000000000000000000000000000000
00000000000000000000000000000000000000000000000000000000000000000000000000000000
00000000000000000000000000000000000000000000000000000000000000000000000000000000
00000000000000000000000000000000000000000000000000000000000000000000000000000000
00000000000000000000000000000000000000000000000000000000000000000000000000000000
00000000000000000000000000000000000000000000000000000000000000000000000000000000
00000000000000000000000000000000000000000000000000000000000000000000000000000000
00000000000000000000000000000000000000000000000000000000000000000000000000000000
00000000000000000000000000000000000000000000000000000000000000000000000000000000
00000000000000000000000000000000000000000000000000000000000000000000000000000000
00000000000000000000000000000000000000000000000000000000000000000000000000000000
00000000000000000000000000000000000000000000000000000000000000000000000000000000
00000000000000000000000000000000000000000000000000000000000000000000000000000000
00000000000000000000000000000000000000000000000000000000000000000000000000000000
00000000000000000000000000000000010000000000100000000000000000000000000000000000
00000000000000000000000000000000001000000000100000000000000000000000000000000000
00000000000000000000000000000000001000000000100000000000000000000000000000000000
00000000000000000000000001000000000100000111111111111000000000000000000000000000
00000000000000000000000001111111111111111000100000000000000000000000000000000000
00000000000000000000000000000000000100000000100000000000000000000000000000000000
00000000000000000000000000000000000110000000100000000000000000000000000000000000
00000000000000000000000000000000000010000000100000000000000000000000000000000000
00000000000000000000000000000000000010000000100000000000000000000000000000000000
00000000000000000000000000000000000010000000100000000000000000000000000000000000
00000000000000000000000000000000000010000001100000000000000000000000000000000000
00000000000000000000000000000011000110000001000000000000000000000000000000000000
00000000000000000000000000000001000110000001000000000000000000000000000000000000
00000000000000000000000000000001000110000001001110000000000000000000000000000000
00000000000000000000000000000000100010000011111000000000000000000000000000000000
00000000000000000000000000000000100001000010010000000000000000000000000000000000
00000000000000000000000000000000010001000110010000000000000000000000000000000000
00000000000000000000000000000000010001000100011000000000000000000000000000000000
00000000000000000000000000000000010001000000001000000000000000000000000000000000
00000000000000000000000000000000010001000000111111000000000000000000000000000000
00000000000000000000000000000001111111111111100001100000000000000000000000000000
00000000000000000000000000000100000011000010000000100000000000000000000000000000
00000000000000000000000000000010000011000010000000100000000000000000000000000000
00000000000000000000000000000011000001000010000001100000000000000000000000000000
00000000000000000000000000000001000001000010000011000000000000000000000000000000
00000000000000000000000000000001100001000010001110000000000000000000000000000000
00000000000000000000000000000000100001000111111111111111111000000000000000000000
00000000000000000000000100000000110111111100000000000000001000000000000000000000
00000000000000000000000111111111111000000100000000000000000000000000000000000000
00000000000000000000000000000000010000000000000000000000000000000000000000000000
00000000000000000000000000000000000000000000000000000000000000000000000000000000
00000000000000000000000000000000000000000000000000000000000000000000000000000000
00000000000000000000000000000000000000000000000000000000000000000000000000000000
00000000000000000000000000000000000000000000000000000000000000000000000000000000
00000000000000000000000000000000000000000000000000000000000000000000000000000000
00000000000000000000000000000000000000000000000000000000000000000000000000000000
00000000000000000000000000000000000000000000000000000000000000000000000000000000
00000000000000000000000000000000000000000000000000000000000000000000000000000000
