00000000000000000000000000000000000000000000000000000000000000000000000000000000
00000000000000000000000000000000000000000000000000000000000000000000000000000000
00000000000000000000000000000000000000000000000000000000000000000000000000000000
00000000000000000000000000000000000000000000000000000000000000000000000000000000
00000000000000000000000000000000000000000000000000000000000000000000000000000000
00000000000000000000000000000000000000000000000000000000000000000000000000000000
00000000000000000000000000000000000000000000000000000000000000000000000000000000
00000000000000000000000000000000000000000000000000000000000000000000000000000000
00000000000000000000000000000000000000000000000000000000000000000000000000000000
00000000000000000000000000000000000000000000000000000000000000000000000000000000
00000000000000000000000000000000000000000000000000000000000000000000000000000000
00000000000000000000000000000000000000000000000000000000000000000000000000000000
00000000000000000000000000000000000000000000000000000000000000000000000000000000
00000000000000000000000000000000000000000000000000000000000000000000000000000000
00000000000000000000000000000000000000000000000000000000000000000000000000000000
00000000000000000000000000000000000000000000000000000000000000000000000000000000
00000000000000000000000000000000000000000000000000000000000000000000000000000000
00000000000000000000000000000000000000000000000000000000000000000000000000000000
00000000000000000000000000000000000000000000000000000000000000000000000000000000
00000000000000000000000000000000000000000000000000000000000000000000000000000000
00000000000000000000000000000000000000000000000000000000000000000000000000000000
00000000000000000000000000000000000000000000000000000000000000000000000000000000
00000000000000000000000000000000000000000000000000000000000000000000000000000000
00000000000000000000000000000000000000000000000000000000000000000000000000000000
00000000000000000000000000000000000000000000000000000000000000000000000000000000
00000000000000000000000000000000000000000000000000000000000000000000000000000000
00000000000000000000000000000000000000000000000000000000000000000000000000000000
00000000000000000000000000000000000000000000000000000000000000000000000000000000
00000000000000000000000000000000000000000000000000000000000000000000000000000000
00000000000000000000000000000000000000000000000000000000000000000000000000000000
00000000000000000000000000000000000000000000000000000000000000000000000000000000
00000000000000000000000000000000000000000000000000000000000000000000000000000000
00000000000000000000000000000000000000000000000000000000000000000000000000000000
00000000000000000000000000000000000010000000000000000000000000000000000000000000
00000000000000000000000000000000000010000000000000000000000000000000000000000000
00000000000000000000000000000000000010000000000000000000000000000000000000000000
00000000000000000000000000100001000010000000000000000000000000000000000000000000
00000000000000000000000001100000110010000000000000000000000000000000000000000000
00000000000000000000001110000000010010000000000000000000000000000000000000000000
00000000000000000000111001000000000010000000000000000000000000000000000000000000
00000000000000000001100001000000100010000000000000000000000000000000000000000000
00000000000000000000000001111111100010000000000000000000000000000000000000000000
00000000000000000000011111100000110011111110000000000000000000000000000000000000
00000000000000000011110001110000000111000000000000000000000000000000000000000000
00000000000000011110000011111110001110000000000000000000000000000000000000000000
00000000000000011110000000010100011111010000000000000000000000000000000000000000
00000000000000000000000000110100011100010000000000000000000000000000000000000000
00000000000000000000000001100100000000011000000000000000000000000000000000000000
00000000000000000000000001000100000000001000000000000000000000000000000000000000
00000000000000000000000000000100000000001000000000000000000000000000000000000000
00000000000000000000000000000100000000001000000000000000000000000000000000000000
00000000000000000000000000000100000000001000000000000000000000000000000000000000
00000000000000000000000000000100000000001000000000000000000000000000000000000000
00000000000000000000000000000110000000000100000000000000000000000000000000000000
00000000000000000000000000000010000000000100000000000000000000000000000000000000
00000000000000000000000000000010000000000100000000000000000000000000000000000000
00000000000000000000000000000000000000000100000000000000000000000000000000000000
00000000000000000000000000000000000000000100000000000000000000000000000000000000
00000000000000000000000000000000000000000000000000000000000000000000000000000000
00000000000000000000000000000000000000000000000000000000000000000000000000000000
