00000000000000000000000000000000000000000000000000000000000000000000000000000000
00000000000000000000000000000000000000000000000000000000000000000000000000000000
00000000000000000000000000000000000000000000000000000000000000000000000000000000
00000000000000000000000000000000000000000000000000000000000000000000000000000000
00000000000000000000000000000000000000000000000000000000000000000000000000000000
00000000000000000000000000000000000000000000000000000000000000000000000000000000
00000000000000000000000000000000000000000000000000000000000000000000000000000000
00000000000000000000000000000000000000000000000000000000000000000000000000000000
00000000000000000000000000000000000000000000000000000000000000000000000000000000
00000000000000000000000000000000000000000000000000000000000000000000000000000000
00000000000000000000000000000000000000000000000000000000000000000000000000000000
00000000000000000000000000000000000000000000000000000000000000000000000000000000
00000000000000000000000000000000000000000000000000000000000000000000000000000000
00000000000000000000000000000000000000000000000000000000000000000000000000000000
00000000000000000000000000000000000000000000000000000000000000000000000000000000
00000000000000000000000000000000000000000000000000000000000000000000000000000000
00000000000000000000000000000000000000000000000000000000000000000000000000000000
00000000000000000000000000000000000000000000000000000000000000000000000000000000
00000000000000000000000000000000000000000000000000000000000000000000000000000000
00000000000000000000000000000000000000000000000000000000000000000000000000000000
00000000000000000000000000000000000000000000000000000000000000000000000000000000
00000000000000000000000000000000000000000000000000000000000000000000000000000000
00000000000000000000000000000000000000000000000000000000000000000000000000000000
00000000000000000000000000000000000000000000000000000000000000000000000000000000
00000000000000000001100000000000000000000000000000000000000000000000000000000000
00000000000000000000100000000001000000000000000000000000000000000000000000000000
00000000000000000000100000000001100000000000000000000000000000000000000000000000
00000000000000000000100000000000110000000000000000000000000000000000000000000000
00000000000000000000100000000000011000000000000000000000000000000000000000000000
00000000000000000000100000000000001000000000000000000000000000000000000000000000
00000000000000000000100000000000000000000000000000000000000000000000000000000000
00000000000000000000100000000000000000000000000000000000000000000000000000000000
00000000000000000000100000000000111111111110000000000000000000000000000000000000
00000000000000000000100000011111100000000010000000000000000000000000000000000000
00000000000000000000100001100000100001000000000000000000000000000000000000000000
00000000000000000000100000111111100001100000000000000000000000000000000000000000
00000000111111111111111111111000001100000110000000000000000000000000000000000000
00000000000000000000011100000000001000000010000000000000000000000000000000000000
00000000000000000000011110000000011000000111000000000000000000000000000000000000
00000000000000000000111011000000010000000100100000000000000000000000000000000000
00000000000000000001101001000000111000001100110000000000000000000000000000000000
00000000000000000011001001100001101100001000010000000000000000000000000000000000
00000000000000000010001000110011000110011000001000000000000000000000000000000000
00000000000000000110001000010010000011010000000000000000000000000000000000000000
00000000000000001100001000000000000001100000000000000000000000000000000000000000
00000000000000011000011000000000000001100000000000000000000000000000000000000000
00000000000001110000010000000000000001110000000000000000000000000000000000000000
00000000000001000000010000000000000010011000000000000000000000000000000000000000
00000000000000000000010000000000000100001100000000000000000000000000000000000000
00000000000000000000010000000000001100000110000000000000000000000000000000000000
00000000000000000000010000000000011000000010000000000000000000000000000000000000
00000000000000000000010000000000110000000001000000000000000000000000000000000000
00000000000000000000010000000001100000000000100000000000000000000000000000000000
00000000000000000000100000000011000000000000110000000000000000000000000000000000
00000000000000000000100001001110000000000000011000000000000000000000000000000000
00000000000000000000100001111000000000000000001110000000000000000000000000000000
00000000000000000000100000000000000000000000000011000000000000000000000000000000
00000000000000000000100000000000000000000000000001111000000000000000000000000000
00000000000000000000100000000000000000000000000000001100000000000000000000000000
00000000000000000000100000000000000000000000000000000000000000000000000000000000
