00000000000000000000000000000000000000000000000000000000000000000000000000000000
00000000000000000000000000000000000000000000000000000000000000000000000000000000
00000000000000000000000000000000000000000000000000000000000000000000000000000000
00000000000000000000000000000000000000000000000000000000000000000000000000000000
00000000000000000000000000000000000000000000000000000000000000000000000000000000
00000000000000000000000000000000000000000000000000000000000000000000000000000000
00000000000000000000000000000000000000000000000000000000000000000000000000000000
00000000000000000000000000000000000000000000000000000000000000000000000000000000
00000000000000000000000000000000000000000000000000000000000000000000000000000000
00000000000000000000000000000000000000000000000000000000000000000000000000000000
00000000000000000000000000000000000000000000000000000000000000000000000000000000
00000000000000000000000000000000000000000000000000000000000000000000000000000000
00000000000000000000000000000000000000000000000000000000000000000000000000000000
00000000000000000000000000000000000000000000000000000000000000000000000000000000
00000000000000000000000000000000000000000000000000000000000000000000000000000000
00000000000000000000000000000000000000000000000000000000000000000000000000000000
00000000000000000000000000000000000000000000000000000000000000000000000000000000
00000000000000000000000000000000000000000000000000000000000000000000000000000000
00000000000000000000000000000000000000000000000000000000000000000000000000000000
00000000000000000000000000000000000000000000000000000000000000000000000000000000
00000000000000000000000000000000000000000000000000000000000000000000000000000000
00000000000000000000000000000000000000000000000000000000000000000000000000000000
00000000000000000000000000000010000000000000000000000000000000000000000000000000
00000000000000000000000000000011000000000000100000000000000000000000000000000000
00000000000000000000000000000001000000000000100000000000000000000000000000000000
00000000000000000000000000000001000000000000010000000000000000000000000000000000
00000000000000000000000000000001100000000000010000000000000000000000000000000000
00000000000000000000000000000000100000000000011000000000000000000000000000000000
00000000000000000000000000000000100000000000001000000000000000000000000000000000
00000000000000000000000000000000100000000000001101111111110000000000000000000000
00000000000000000000000000000000100000000001111110000000000000000000000000000000
00000000000000000000000000000000100000001110000000000000000000000000000000000000
00000000000000000000000000000000010000000000001000000000000000000000000000000000
00000000000000000000000000000000010011110000001000111000000000000000000000000000
00000000000000000000000000000000111110000000001000001100000000000000000000000000
00000000000000000000000011111111111010000000000011000000110000000000000000000000
00000000000000000000000000000000000110000000000010000000111100000000000000000000
00000000000000000000000000000000000111000000000110000000100110000000000000000000
00000000000000000000000000000000001111100000001100000000100011000000000000000000
00000000000000000000000000000000001010110000011010000000100000000000000000000000
00000000000000000000000000000000001010011000110001100001100000000000000000000000
00000000000000000000000000000000010010001100000000110001000000000000000000000000
00000000000000000000000000000000110010000110000000011011000000000000000000000000
00000000000000000000000000000000100010000011000000001110000000000000000000000000
00000000000000000000000000000001100010000000000000000110000000000000000000000000
00000000000000000000000000000011000010000000000000000111000000000000000000000000
00000000000000000000000000000110000010000000000000001101100000000000000000000000
00000000000000000000000000000000000010000000000000011000110000000000000000000000
00000000000000000000000000000000000010000000000000010000010000000000000000000000
00000000000000000000000000000000000010000000000000100000001000000000000000000000
00000000000000000000000000000000000011000000000001000000000100000000000000000000
00000000000000000000000000000000000001000000000110000000000011000000000000000000
00000000000000000000000000000000000001001100011000000000000001100000000000000000
00000000000000000000000000000000000001000111100000000000000000110000000000000000
00000000000000000000000000000000000001000000000000000000000000011000000000000000
00000000000000000000000000000000000001000000000000000000000000001100000000000000
00000000000000000000000000000000000011000000000000000000000000000110000000000000
00000000000000000000000000000000000010000000000000000000000000000000000000000000
00000000000000000000000000000000000000000000000000000000000000000000000000000000
00000000000000000000000000000000000000000000000000000000000000000000000000000000
