00000000000000000000000000000000000000000000000000000000000000000000000000000000
00000000000000000000000000000000000000000000000000000000000000000000000000000000
00000000000000000000000000000000000000000000000000000000000000000000000000000000
00000000000000000000000000000000000000000000000000000000000000000000000000000000
00000000000000000000000000000000000000000000000000000000000000000000000000000000
00000000000000000000000000000000000000000000000000000000000000000000000000000000
00000000000000000000000000000000000000000000000000000000000000000000000000000000
00000000000000000000000000000000000000000000000000000000000000000000000000000000
00000000000000000000000000000000000000000000000000000000000000000000000000000000
00000000000000000000000000000000000000000000000000000000000000000000000000000000
00000000000000000000000000000000000000000000000000000000000000000000000000000000
00000000000000000000000000000000000000000000000000000000000000000000000000000000
00000000000000000000000000000000000000000000000000000000000000000000000000000000
00000000000000000000000000000000000000000000000000000000000000000000000000000000
00000000000000000000000000000000000000000000000000000000000000000000000000000000
00000000000000000000000000000000000000000000000000000000000000000000000000000000
00000000000000000000000000000000000000000000000000000000000000000000000000000000
00000000000000000000000000000000000000000000000000000000000000000000000000000000
00000000000000000000000000000000000000000000000000000000000000000000000000000000
00000000000000000000000000000000000000000000000000000000000000000000000000000000
00000000000000000000000000000000000000000000000000000000000000000000000000000000
00000000000000000000000000000000000000000000000000000000000000000000000000000000
00000000000000000000000000000000000000000000000000000000000000000000000000000000
00000000000000000000000000000000000000000000000000000000000000000000000000000000
00000000000000001000000000001000000000000000000000000000000000000000000000000000
00000000000000001000000000001100000000000000000000000000000000000000000000000000
00000000000000001000000000000100000000000000000000000000000000000000000000000000
00000000000000001000000000000110000000000000000000000000000000000000000000000000
00000000000000001000000000000010000000000000000000000000000000000000000000000000
00000000000000001000000000000000000000000000000000000000000000000000000000000000
00000000000000001000000000000000000000000000000000000000000000000000000000000000
00000000000000001000000111111111111111111000000000000000000000000000000000000000
00000000000000001000000000000000000000000000000000000000000000000000000000000000
00000000000000001100000000000100000000000000000000000000000000000000000000000000
00000000000000000100011110001100000100000000000000000000000000000000000000000000
00000000000000011111110000001000000011000000000000000000000000000000000000000000
00000111111111110100000000011000000001000000000000000000000000000000000000000000
00000000000000001110000000010000000011100000000000000000000000000000000000000000
00000000000000001110000000110000000010110000000000000000000000000000000000000000
00000000000000011111000001100000000110011000000000000000000000000000000000000000
00000000000000010101000011100000000100001000000000000000000000000000000000000000
00000000000000110100100010110000001100000000000000000000000000000000000000000000
00000000000001100100110100011000001000000000000000000000000000000000000000000000
00000000000001000100001000001100010000000000000000000000000000000000000000000000
00000000000010000100010000000100110000000000000000000000000000000000000000000000
00000000000100000100000000000111100000000000000000000000000000000000000000000000
00000000011000000100000000000011000000000000000000000000000000000000000000000000
00000000110000000100000000000011100000000000000000000000000000000000000000000000
00000000000000000100000000000110110000000000000000000000000000000000000000000000
00000000000000001000000000001100011000000000000000000000000000000000000000000000
00000000000000001000000000110000001100000000000000000000000000000000000000000000
00000000000000001000000001100000000110000000000000000000000000000000000000000000
00000000000000001000000111000000000011000000000000000000000000000000000000000000
00000000000000001000111100000000000001100000000000000000000000000000000000000000
00000000000000001000000000000000000000011000000000000000000000000000000000000000
00000000000000001000000000000000000000001100000000000000000000000000000000000000
00000000000000001000000000000000000000000111100000000000000000000000000000000000
00000000000000011000000000000000000000000000111111000000000000000000000000000000
00000000000000011000000000000000000000000000000001111000000000000000000000000000
00000000000000011000000000000000000000000000000000000000000000000000000000000000
