00000000000000000000000000000000000000000000000000000000000000000000000000000000
00000000000000000000000000000000000000000000000000000000000000000000000000000000
00000000000000000000000000000000000000000000000000000000000000000000000000000000
00000000000000000000000000000000000000000000000000000000000000000000000000000000
00000000000000000000000000000000000000000000000000000000000000000000000000000000
00000000000000000000000000000000000000000000000000000000000000000000000000000000
00000000000000000000000000000000000000000000000000000000000000000000000000000000
00000000000000000000000000000000000000000000000000000000000000000000000000000000
00000000000000000000000000000000000000000000000000000000000000000000000000000000
00000000000000000000000000000000000000000000000000000000000000000000000000000000
00000000000000000000000000000000000000000000000000000000000000000000000000000000
00000000000000000000000000000000000000000000000000000000000000000000000000000000
00000000000000000000000000000000000000000000000000000000000000000000000000000000
00000000000000000000000000000000000000000000000000000000000000000000000000000000
00000000000000000000000000000000000000000000000000000000000000000000000000000000
00000000000000000000000000000000000000000000000000000000000000000000000000000000
00000000000000000000000000000000000000000000000000000000000000000000000000000000
00000000000000000000000000000000000000000000000000000000000000000000000000000000
00000000000000000000000000000000000000000000000000000000000000000000000000000000
00000000000000000000000000000000000000000000000000000000000000000000000000000000
00000000000000000000000000000000000000000000000000000000000000000000000000000000
00000000000000000000000000000000000000000000000000000000000000000000000000000000
00000000000000000000000000000000000000000000000000000000000000000000000000000000
00000000000000000000000000000000000000000000000000000000000000000000000000000000
00000000000000000000001000000000000000000000000000000000000000000000000000000000
00000000000000000000001000000000001100000000000000000000000000000000000000000000
00000000000000000000001000000000000110000000000000000000000000000000000000000000
00000000000000000000001000000000000011000000000000000000000000000000000000000000
00000000000000000000001000000000000001100000000000000000000000000000000000000000
00000000000000000000001000000000000000100000000000000000000000000000000000000000
00000000000000000000001000000000000000000001110000000000000000000000000000000000
00000000000000000000001000000000011111111111000000000000000000000000000000000000
00000000000000000000001000000000000000000000000000000000000000000000000000000000
00000000000000000000001000011111000010000000000000000000000000000000000000000000
00000000000000000000001011110000000010000000000000000000000000000000000000000000
00000000000000111111111111100000000000010000001100000000000000000000000000000000
00000000000000000000000001000000000000110000000110000000000000000000000000000000
00000000000000000000000001000000000001100000000011000000000000000000000000000000
00000000000000000000000001000000000001000000000011100000000000000000000000000000
00000000000000000000000011110000000010000000000010110000000000000000000000000000
00000000000000000000000011011000000110000000000110011000000000000000000000000000
00000000000000000000000011001100001111100000000100000000000000000000000000000000
00000000000000000000000101000100011000110000001100000000000000000000000000000000
00000000000000000000001101000000010000001100001000000000000000000000000000000000
00000000000000000000001001000000000000000110011000000000000000000000000000000000
00000000000000000000011001000000000000000011010000000000000000000000000000000000
00000000000000000000010001000000000000000001110000000000000000000000000000000000
00000000000000000000100001000000000000000000110000000000000000000000000000000000
00000000000000000001000001000000000000000001111000000000000000000000000000000000
00000000000000000011000001000000000000000011001100000000000000000000000000000000
00000000000000000110000001000000000000000010000110000000000000000000000000000000
00000000000000001100000001000000000000000100000001000000000000000000000000000000
00000000000000000000000001000000000000001100000000110000000000000000000000000000
00000000000000000000000001000000000000011000000000011000000000000000000000000000
00000000000000000000000001000000000000110000000000001110000000000000000000000000
00000000000000000000000001000000100011100000000000000011100000000000000000000000
00000000000000000000000001000000011100000000000000000000111000000000000000000000
00000000000000000000000011000000000000000000000000000000000000000000000000000000
00000000000000000000000110000000000000000000000000000000000000000000000000000000
00000000000000000000000010000000000000000000000000000000000000000000000000000000
