00000000000000000000000000000000000000000000000000000000000000000000000000000000
00000000000000000000000000000000000000000000000000000000000000000000000000000000
00000000000000000000000000000000000000000000000000000000000000000000000000000000
00000000000000000000000000000000000000000000000000000000000000000000000000000000
00000000000000000000000000000000000000000000000000000000000000000000000000000000
00000000000000000000000000000000000000000000000000000000000000000000000000000000
00000000000000000000000000000000000000000000000000000000000000000000000000000000
00000000000000000000000000000000000000000000000000000000000000000000000000000000
00000000000000000000000000000000000000000000000000000000000000000000000000000000
00000000000000000000000000000000000000000000000000000000000000000000000000000000
00000000000000000000000000000000000000000111111111100000000000000000000000000000
00000000000000000000000000000000011111111000000000110000000000000000000000000000
00000000000000000000000000011111100000000000000000010000000000000000000000000000
00000000000000000000010011100000000000000000000000010000000000000000000000000000
00000000000000000000010000000000000001000000000000010000000000000000000000000000
00000000000000000000010000000000000001000000000000010000000000000000000000000000
00000000000000000000001000000000000001000000000000010000000000000000000000000000
00000000000000000000001000000000000001000000000000010000000000000000000000000000
00000000000000000000001000000000000001000000000000010000000000000000000000000000
00000000000000000000001100000000000001000000000000010000000000000000000000000000
00000000000000000000000100000000000001000000000000010000000000000000000000000000
00000000000000000000000100000000000001000000000000010000000000000000000000000000
00000000000000000000000100001111111111111111110000100000000000000000000000000000
00000000000000000000000010000000000001000000000000100000000000000000000000000000
00000000000000000000000010000000000001000000000000100000000000000000000000000000
00000000000000000000000010000000000001000000000001000000000000000000000000000000
00000000000000000000000011000000000001000000000001000000000000000000000000000000
00000000000000000000000001000000000001000000000001000000000000000000000000000000
00000000000000000000000001000000000001000000000011000000000000000000000000000000
00000000000000000000000001100000000001100000000010000000000000000000000000000000
00000000000000000000000000100000000000100000000010000000000000000000000000000000
00000000000000000000000000100000000000100000000010000000000000000000000000000000
00000000000000000000000000100000000000100000000110000000000000000000000000000000
00000000000000000000000000110000000000000000000100000000000000000000000000000000
00000000000000000000000000010000000000000000000100000000000000000000000000000000
00000000000000000000000000011111111111111111110100000000000000000000000000000000
00000000000000000000000000000000000000000000001000000000000000000000000000000000
00000000000000000000000000000000000000000000001000000000000000000000000000000000
00000000000000000000000000000000000000000000000000000000000000000000000000000000
00000000000000000000000000000000000000000000000000000000000000000000000000000000
00000000000000000000000000000000000000000000000000000000000000000000000000000000
00000000000000000000000000000000000000000000000000000000000000000000000000000000
00000000000000000000000000000000000000000000000000000000000000000000000000000000
00000000000000000000000000000000000000000000000000000000000000000000000000000000
00000000000000000000000000000000000000000000000000000000000000000000000000000000
00000000000000000000000000000000000000000000000000000000000000000000000000000000
00000000000000000000000000000000000000000000000000000000000000000000000000000000
00000000000000000000000000000000000000000000000000000000000000000000000000000000
00000000000000000000000000000000000000000000000000000000000000000000000000000000
00000000000000000000000000000000000000000000000000000000000000000000000000000000
00000000000000000000000000000000000000000000000000000000000000000000000000000000
00000000000000000000000000000000000000000000000000000000000000000000000000000000
00000000000000000000000000000000000000000000000000000000000000000000000000000000
00000000000000000000000000000000000000000000000000000000000000000000000000000000
00000000000000000000000000000000000000000000000000000000000000000000000000000000
00000000000000000000000000000000000000000000000000000000000000000000000000000000
00000000000000000000000000000000000000000000000000000000000000000000000000000000
00000000000000000000000000000000000000000000000000000000000000000000000000000000
00000000000000000000000000000000000000000000000000000000000000000000000000000000
00000000000000000000000000000000000000000000000000000000000000000000000000000000
