00000000000000000000000000000000000000000000000000000000000000000000000000000000
00000000000000000000000000000000000000000000000000000000000000000000000000000000
00000000000000000000000000000000000000000000000000000000000000000000000000000000
00000000000000000000000000000000000000000000000000000000000000000000000000000000
00000000000000000000000000000000000000000000000000000000000000000000000000000000
00000000000000000000000000000000000000000000000000000000000000000000000000000000
00000000000000000000000000000000000000000000000000000000000000000000000000000000
00000000000000000000000000000000000000000000000000000000000000000000000000000000
00000000000000000000000000000000000000000000000000000000000000000000000000000000
00000000000000000000000000000000000000000000000000000000000000000000000000000000
00000000000000000000000000000000000000000000000000000000000000000000000000000000
00000000000000000000000000000000000000000000000000000000000000000000000000000000
00000000000000000000000000000000000000000000000011111100000000000000000000000000
00000000000000000000000000000000000000000000111100000100000000000000000000000000
00000000000000000000000000000000000000000011000000000100000000000000000000000000
00000000000000000000000000000000000000001100000000000010000000000000000000000000
00000000000000000000000000110000000001110000000000000010000000000000000000000000
00000000000000000000000000011111111110000000000000000010000000000000000000000000
00000000000000000000000000000000000000000000000000000010000000000000000000000000
00000000000000000000000000000000000000000000000000000001000000000000000000000000
00000000000000000000000000000000000000000000000000000001000000000000000000000000
00000000000000000000000000000000000000000000000000000001000000000000000000000000
00000000000000000000000000000000000000000000000000000001000000000000000000000000
00000000000000000000000000000000000000000010000000000001000000000000000000000000
00000000000000000000000000000000000000000010000000000001000000000000000000000000
00000000000000000000000000000000000000000001000000000001000000000000000000000000
00000000000000000000000000000000000000000001100000011001000000000000000000000000
00000000000000000000000000000000000000000000010000110001000000000000000000000000
00000000000000000000000000000000000000000000011011000001000000000000000000000000
00000000000000000000000000000000000000000000001100000001000000000000000000000000
00000000000000000000000000000000000000000000110100000001000000000000000000000000
00000000000000000000000000000000000000000011000000000001000000000000000000000000
00000000000000000000000000000000000000011100000000000001000000000000000000000000
00000000000000000000000000000000000001110000000000000001000000000000000000000000
00000000000000000000000000000000001111000000000000000001000000000000000000000000
00000000000000000000000000000000000000000000000000000001000000000000000000000000
00000000000000000000000000000000000000000000000000000001000000000000000000000000
00000000000000000000000000000000000000000000000000000001000000000000000000000000
00000000000000000000000000000000000000000000000000000001000000000000000000000000
00000000000000000000000000000000000000001000000000000001000000000000000000000000
00000000000000000000000000000000000000001000000000000001000000000000000000000000
00000000000000000000000000000000000000000100000000000011000000000000000000000000
00000000000000000000000000000000000000000100000000000010000000000000000000000000
00000000000000000000000000000000000000000010000000000010000000000000000000000000
00000000000000000000000000000000000000000010000000000100000000000000000000000000
00000000000000000000000000000000000000000001000000001100000000000000000000000000
00000000000000000000000000000000000000000000110000011000000000000000000000000000
00000000000000000000000000000000000000000000011111110000000000000000000000000000
00000000000000000000000000000000000000000000000000000000000000000000000000000000
00000000000000000000000000000000000000000000000000000000000000000000000000000000
00000000000000000000000000000000000000000000000000000000000000000000000000000000
00000000000000000000000000000000000000000000000000000000000000000000000000000000
00000000000000000000000000000000000000000000000000000000000000000000000000000000
00000000000000000000000000000000000000000000000000000000000000000000000000000000
00000000000000000000000000000000000000000000000000000000000000000000000000000000
00000000000000000000000000000000000000000000000000000000000000000000000000000000
00000000000000000000000000000000000000000000000000000000000000000000000000000000
00000000000000000000000000000000000000000000000000000000000000000000000000000000
00000000000000000000000000000000000000000000000000000000000000000000000000000000
00000000000000000000000000000000000000000000000000000000000000000000000000000000
