00000000000000000000000000000000000000000000000000000000000000000000000000000000
00000000000000000000000000000000000000000000000000000000000000000000000000000000
00000000000000000000000000000000000000000000000000000000000000000000000000000000
00000000000000000000000000000000000000000000000000000000000000000000000000000000
00000000000000000000000000000000000000000000000000000000000000000000000000000000
00000000000000000000000000000000000000000000000000000000000000000000000000000000
00000000000000000000000000000000000000000000000000000000000000000000000000000000
00000000000000000000000000000000000000000000000000000000000000000000000000000000
00000000000000000000000000000000000000000000000000000000000000000000000000000000
00000000000000000000000000000000000000000000000000000000000000000000000000000000
00000000000000000000000000000000000000000000000000000000000000000000000000000000
00000000000000000000000000000000000000000000000000000000000000000000000000000000
00000000000000000000000000000000000000000000000000000000000000000000000000000000
00000000000000000000000000000000000000000000000000000000000000000000000000000000
00000000000000000000000000000000000000000000000000000000000000000000000000000000
00000000000000000000000000000000000000000000000000000000000000000000000000000000
00000000000000000000000000000000000000000111100000000000000000000000000000000000
00000000000000000000000000000000000000111100110000000000000000000000000000000000
00000000000000000000000000000000000011100000010000000000000000000000000000000000
00000000000000000000000000011111111100000000010000000000000000000000000000000000
00000000000000000000000000000000000000000000001000000000000000000000000000000000
00000000000000000000000000000000000000000000001000000000000000000000000000000000
00000000000000000000000000000000000000000000001000000000000000000000000000000000
00000000000000000000000000000000000000000000001000000000000000000000000000000000
00000000000000000000000000000000000000000000001000000000000000000000000000000000
00000000000000000000000000000011000000000000001000000000000000000000000000000000
00000000000000000000000000000001100000000000001000000000000000000000000000000000
00000000000000000000000000000000011000000000001000000000000000000000000000000000
00000000000000000000000000000000001110000000001000000000000000000000000000000000
00000000000000000000000000000000000011000000001000000000000000000000000000000000
00000000000000000000000000000000000001000000001000000000000000000000000000000000
00000000000000000000000000000000000011000000001000000000000000000000000000000000
00000000000000000000000000000000001110000000001000000000000000000000000000000000
00000000000000000000000000000000111000000000010000000000000000000000000000000000
00000000000000000000000000000001100000000000010000000000000000000000000000000000
00000000000000000000000000000110000000000000010000000000000000000000000000000000
00000000000000000000000000111000000000000000010000000000000000000000000000000000
00000000000000000000000000000000000000000000010000000000000000000000000000000000
00000000000000000000000000000000000000000000010000000000000000000000000000000000
00000000000000000000000000000000000000000000010000000000000000000000000000000000
00000000000000000000000000000000010000000000100000000000000000000000000000000000
00000000000000000000000000000000001000000000100000000000000000000000000000000000
00000000000000000000000000000000001000000000100000000000000000000000000000000000
00000000000000000000000000000000000110000000100000000000000000000000000000000000
00000000000000000000000000000000000011000001100000000000000000000000000000000000
00000000000000000000000000000000000001111111000000000000000000000000000000000000
00000000000000000000000000000000000000000000000000000000000000000000000000000000
00000000000000000000000000000000000000000000000000000000000000000000000000000000
00000000000000000000000000000000000000000000000000000000000000000000000000000000
00000000000000000000000000000000000000000000000000000000000000000000000000000000
00000000000000000000000000000000000000000000000000000000000000000000000000000000
00000000000000000000000000000000000000000000000000000000000000000000000000000000
00000000000000000000000000000000000000000000000000000000000000000000000000000000
00000000000000000000000000000000000000000000000000000000000000000000000000000000
00000000000000000000000000000000000000000000000000000000000000000000000000000000
00000000000000000000000000000000000000000000000000000000000000000000000000000000
00000000000000000000000000000000000000000000000000000000000000000000000000000000
00000000000000000000000000000000000000000000000000000000000000000000000000000000
00000000000000000000000000000000000000000000000000000000000000000000000000000000
00000000000000000000000000000000000000000000000000000000000000000000000000000000
