00000000000000000000000000000000000000000000000000000000000000000000000000000000
00000000000000000000000000000000000000000000000000000000000000000000000000000000
00000000000000000000000000000000000000000000000000000000000000000000000000000000
00000000000000000000000000000000000000000000000000000000000000000000000000000000
00000000000000000000000000000000000000000000000000000000000000000000000000000000
00000000000000000000000000000000000000000000000000000000000000000000000000000000
00000000000000000000000000000000000000000000000000000000000000000000000000000000
00000000000000000000000000000000000000000000000000000000000000000000000000000000
00000000000000000000000000000000000000000000000000000000000000000000000000000000
00000000000000000000000000000000000000000000000000000000000000000000000000000000
00000000000000000000000000000000000000000000000000000000000000000000000000000000
00000000000000000000000000000000000000000000000000000000000000000000000000000000
00000000000000000000000000000000000000000000000000000000000000000000000000000000
00000000000000000000000000000000000001111000000000000000000000000000000000000000
00000000000000000000000000000000011111001100000000000000000000000000000000000000
00000000000000000000000000000011100000000100000000000000000000000000000000000000
00000000000000000000000000011100000000000110000000000000000000000000000000000000
00000000000000000000000000000000000000000010000000000000000000000000000000000000
00000000000000000000000000000000000000000010000000000000000000000000000000000000
00000000000000000000000000000000000000000011000000000000000000000000000000000000
00000000000000000000000000000000000000000001000000000000000000000000000000000000
00000000000000000000000000000000000000000001000000000000000000000000000000000000
00000000000000000000000000000001000000000001000000000000000000000000000000000000
00000000000000000000000000000001110000000001100000000000000000000000000000000000
00000000000000000000000000000000011000000000100000000000000000000000000000000000
00000000000000000000000000000000000111000000100000000000000000000000000000000000
00000000000000000000000000000000000000111100100000000000000000000000000000000000
00000000000000000000000000000000000000000111100000000000000000000000000000000000
00000000000000000000000000000000000000011000100000000000000000000000000000000000
00000000000000000000000000000000000000100000100000000000000000000000000000000000
00000000000000000000000000000000000011000000100000000000000000000000000000000000
00000000000000000000000000000000000100000000100000000000000000000000000000000000
00000000000000000000000000000000110000000000100000000000000000000000000000000000
00000000000000000000000000000001000000000000100000000000000000000000000000000000
00000000000000000000000000001100000000000000100000000000000000000000000000000000
00000000000000000000000000110000000000000000100000000000000000000000000000000000
00000000000000000000000011000000000100000000100000000000000000000000000000000000
00000000000000000000001100000000000010000000100000000000000000000000000000000000
00000000000000000011110000000000000001000000100000000000000000000000000000000000
00000000000000000000000000000000000000100000100000000000000000000000000000000000
00000000000000000000000000000000000000110001100000000000000000000000000000000000
00000000000000000000000000000000000000001111000000000000000000000000000000000000
00000000000000000000000000000000000000000000000000000000000000000000000000000000
00000000000000000000000000000000000000000000000000000000000000000000000000000000
00000000000000000000000000000000000000000000000000000000000000000000000000000000
00000000000000000000000000000000000000000000000000000000000000000000000000000000
00000000000000000000000000000000000000000000000000000000000000000000000000000000
00000000000000000000000000000000000000000000000000000000000000000000000000000000
00000000000000000000000000000000000000000000000000000000000000000000000000000000
00000000000000000000000000000000000000000000000000000000000000000000000000000000
00000000000000000000000000000000000000000000000000000000000000000000000000000000
00000000000000000000000000000000000000000000000000000000000000000000000000000000
00000000000000000000000000000000000000000000000000000000000000000000000000000000
00000000000000000000000000000000000000000000000000000000000000000000000000000000
00000000000000000000000000000000000000000000000000000000000000000000000000000000
00000000000000000000000000000000000000000000000000000000000000000000000000000000
00000000000000000000000000000000000000000000000000000000000000000000000000000000
00000000000000000000000000000000000000000000000000000000000000000000000000000000
00000000000000000000000000000000000000000000000000000000000000000000000000000000
00000000000000000000000000000000000000000000000000000000000000000000000000000000
