00000000000000000000000000000000000000000000000000000000000000000000000000000000
00000000000000000000000000000000000000000000000000000000000000000000000000000000
00000000000000000000000000000000000000000000000000000000000000000000000000000000
00000000000000000000000000000000000000000000000000000000000000000000000000000000
00000000000000000000000000000000000000000000000000000000000000000000000000000000
00000000000000000000000000000000000000000000000000000000000000000000000000000000
00000000000000000000000000000000000000000000000000000000000000000000000000000000
00000000000000000000000000000000000000000000000000000000000000000000000000000000
00000000000000000000000000000000000000000000000000000000000000000000000000000000
00000000000000000000000000000000000001000000000000000000000000000000000000000000
00000000000000000000000000000000000001000000000000000000000000000000000000000000
00000000000000000000000000000000000001000000000000000000000000000000000000000000
00000000000000000000000000000000000001000000000000000000000000000000000000000000
00000000000000000000000000000000000001000000000000000000000000000000000000000000
00000000000000000000000000000000000001000000000000000000000000000000000000000000
00000000000000000000000000000000000001100000000011000000000000000000000000000000
00000000000000000000000001111111111111111111111110000000000000000000000000000000
00000000000000000000000000000000000000100000000000000000000000000000000000000000
00000000000000000000000000000000000000100000000000000000000000000000000000000000
00000000000000000000000000000000000000100000000000000000000000000000000000000000
00000000000000000000000000000000000000100111111111110000000000000000000000000000
00000000000000000000000011111111111111111000000000010000000000000000000000000000
00000000000000000000000001000000000000100000000000110000000000000000000000000000
00000000000000000000000001000000000000100000000000100000000000000000000000000000
00000000000000000000000000100000000000100000000001100000000000000000000000000000
00000000000000000000000000100000000000100000000011000000000000000000000000000000
00000000000000000000000000110000000000100000000010000000000000000000000000000000
00000000000000000000000000010000000000100011111111000000000000000000000000000000
00000000000000000000000000011000011111111110000000000000000000000000000000000000
00000000000000000000000000001111100000100000000000000000000000000000000000000000
00000000000000000000000000001100000000100000000000000000000000000000000000000000
00000000000000000000000000000000000011111111111111110000000000000000000000000000
00000000000000000000000000111111111110100000000000010000000000000000000000000000
00000000000000000000000000000000000000100000000000010000000000000000000000000000
00000000000000000000000000000000000000110000000000010000011100000000000000000000
00000000000000000000000000000000000000010000111111111111110000000000000000000000
00000000000000000000000000000000000011111111100000100000000000000000000000000000
00000000000000000000000001111111111100010000000001100000000000000000000000000000
00000000000000000000000000000000000000010000000011000000000000000000000000000000
00000000000000000000000000000000000000010000001111100000000000000000000000000000
00000000000000000000000000000000000001111111110000000000000000000000000000000000
00000000000000000000000000111111111111010000000000000000000000000000000000000000
00000000000000000000000001100000000000010000000000000000000000000000000000000000
00000000000000000000000000000000000000010000000000000000000000000000000000000000
00000000000000000000000000000000000000010000000000000000000000000000000000000000
00000000000000000000000000000000001000010000000000000000000000000000000000000000
00000000000000000000000000000000001100010000000000000000000000000000000000000000
00000000000000000000000000000000000110010000000000000000000000000000000000000000
00000000000000000000000000000000000011110000000000000000000000000000000000000000
00000000000000000000000000000000000000100000000000000000000000000000000000000000
00000000000000000000000000000000000000000000000000000000000000000000000000000000
00000000000000000000000000000000000000000000000000000000000000000000000000000000
00000000000000000000000000000000000000000000000000000000000000000000000000000000
00000000000000000000000000000000000000000000000000000000000000000000000000000000
00000000000000000000000000000000000000000000000000000000000000000000000000000000
00000000000000000000000000000000000000000000000000000000000000000000000000000000
00000000000000000000000000000000000000000000000000000000000000000000000000000000
00000000000000000000000000000000000000000000000000000000000000000000000000000000
00000000000000000000000000000000000000000000000000000000000000000000000000000000
00000000000000000000000000000000000000000000000000000000000000000000000000000000
