00000000000000000000000000000000000000000000000000000000000000000000000000000000
00000000000000000000000000000000000000000000000000000000000000000000000000000000
00000000000000000000000000000000000000000000000000000000000000000000000000000000
00000000000000000000000000000000000000000000000000000000000000000000000000000000
00000000000000000000000000000000000000000000000000000000000000000000000000000000
00000000000000000000000000000000000000000000000000000000000000000000000000000000
00000000000000000000000000000000000000000000000000000000000000000000000000000000
00000000000000000000000000000000000000000000000000000000000000000000000000000000
00000000000000000000000000000000000000000000000000000000000000000000000000000000
00000000000000000000000000000000000000000000000000000000000000000000000000000000
00000000000000000000000000000000000000000000000000000000000000000000000000000000
00000000000000000000000000000000000000000000000000000000000000000000000000000000
00000000000000000000000000000000000001000000000000000000000000000000000000000000
00000000000000000000000000000000000110000000000000000000000000000000000000000000
00000000000000000000000000000000011100000000000000000000000000000000000000000000
00000000000000000000000000000001110000000000111111000000000000000000000000000000
00000000000000000000000000011110000000000111100001100000000000000000000000000000
00000000000000000000001111110000000011111000000000100000000000000000000000000000
00000000000000000000011010000001111110000000000000100000000000000000000000000000
00000000000000000000000011111111000000000000000000100000000000000000000000000000
00000000000000000000000001000000000000000000000000010000000000000000000000000000
00000000000000000000000001000000000000000000000000010000000000000000000000000000
00000000000000000000000001000000000000000000000000010000000000000000000000000000
00000000000000000000000000100000000000001100000000010000000000000000000000000000
00000000000000000000000000100000000011111100000000010000000000000000000000000000
00000000000000000000000000100000111110000100000000010000000000000000000000000000
00000000000000000000000000100000110000000100000000010000000000000000000000000000
00000000000000000000000000010000010000000100000000100000000000000000000000000000
00000000000000000000000000010000010000000100000000100000000000000000000000000000
00000000000000000000000000010000011000000110000000100000000000000000000000000000
00000000000000000000000000010000001001111100000000100000000000000000000000000000
00000000000000000000000000001000001111011000000000100000000000000000000000000000
00000000000000000000000000001000000000010000000001000000000000000000000000000000
00000000000000000000000000001000000000000000000001000000000000000000000000000000
00000000000000000000000000001000000000000000000001000000000000000000000000000000
00000000000000000000000000001000000000000000000001000000000000000000000000000000
00000000000000000000000000000100000000000010000011000000000000000000000000000000
00000000000000000000000000000100000000000001000010000000000000000000000000000000
00000000000000000000000000000100000000000000100010000000000000000000000000000000
00000000000000000000000000000100000000000000110010000000000000000000000000000000
00000000000000000000000000000000000000000000010100000000000000000000000000000000
00000000000000000000000000000000000000000000001100000000000000000000000000000000
00000000000000000000000000000000000000000000000000000000000000000000000000000000
00000000000000000000000000000000000000000000000000000000000000000000000000000000
00000000000000000000000000000000000000000000000000000000000000000000000000000000
00000000000000000000000000000000000000000000000000000000000000000000000000000000
00000000000000000000000000000000000000000000000000000000000000000000000000000000
00000000000000000000000000000000000000000000000000000000000000000000000000000000
00000000000000000000000000000000000000000000000000000000000000000000000000000000
00000000000000000000000000000000000000000000000000000000000000000000000000000000
00000000000000000000000000000000000000000000000000000000000000000000000000000000
00000000000000000000000000000000000000000000000000000000000000000000000000000000
00000000000000000000000000000000000000000000000000000000000000000000000000000000
00000000000000000000000000000000000000000000000000000000000000000000000000000000
00000000000000000000000000000000000000000000000000000000000000000000000000000000
00000000000000000000000000000000000000000000000000000000000000000000000000000000
00000000000000000000000000000000000000000000000000000000000000000000000000000000
00000000000000000000000000000000000000000000000000000000000000000000000000000000
00000000000000000000000000000000000000000000000000000000000000000000000000000000
00000000000000000000000000000000000000000000000000000000000000000000000000000000
