00000000000000000000000000000000000000000000000000000000000000000000000000000000
00000000000000000000000000000000000000000000000000000000000000000000000000000000
00000000000000000000000000000000000000000000000000000000000000000000000000000000
00000000000000000000000000000000000000000000000000000000000000000000000000000000
00000000000000000000000000000000000000000000000000000000000000000000000000000000
00000000000000000000000000000000000000000000000000000000000000000000000000000000
00000000000000000000000000000000000000000000000000000000000000000000000000000000
00000000000000000000000000000000000000000000000000000000000000000000000000000000
00000000000000000000000000000000000000000000000000000000000000000000000000000000
00000000000000000000000000000000000000000000000000000000000000000000000000000000
00000000000000000000000000000000000000000000000000000000000000000000000000000000
00000000000000000000000000000000000000000000000000000000000000000000000000000000
00000000000000000000000000000000000001000000000000000000000000000000000000000000
00000000000000000000000000000000000010000000000000000000000000000000000000000000
00000000000000000000000000000000000110000000000000000000000000000000000000000000
00000000000000000000000000000000001100000000000000000000000000000000000000000000
00000000000000000000000000000000110000000000000000000000000000000000000000000000
00000000000000000000000000000011100000000001111111111100000000000000000000000000
00000000000000000000000000001110000001111111000000000100000000000000000000000000
00000000000000000000000011110001111111000000000000000100000000000000000000000000
00000000000000000000001110101111000000000000000000000100000000000000000000000000
00000000000000000000000000100000000000000000000000000100000000000000000000000000
00000000000000000000000000100000000000000000000000000100000000000000000000000000
00000000000000000000000000100000000000001111100000000100000000000000000000000000
00000000000000000000000000100000000111110000100000000100000000000000000000000000
00000000000000000000000000100000001000000000100000000100000000000000000000000000
00000000000000000000000000100000001000000000100000000100000000000000000000000000
00000000000000000000000000100000001000000001000000000100000000000000000000000000
00000000000000000000000000100000001000000001000000000100000000000000000000000000
00000000000000000000000000100000001000000001000000000100000000000000000000000000
00000000000000000000000000100000001000000001000000000100000000000000000000000000
00000000000000000000000000100000001000010011000000000100000000000000000000000000
00000000000000000000000000100000001000011111000000000100000000000000000000000000
00000000000000000000000000100000001111111010000000000100000000000000000000000000
00000000000000000000000000100000001100000100000000000100000000000000000000000000
00000000000000000000000000100000000100000100000000000100000000000000000000000000
00000000000000000000000000100000000000000010000000000100000000000000000000000000
00000000000000000000000000110000000000000001000000001000000000000000000000000000
00000000000000000000000000110000000000000001100000001000000000000000000000000000
00000000000000000000000000000000000000000000100000001000000000000000000000000000
00000000000000000000000000000000000000000000010000001000000000000000000000000000
00000000000000000000000000000000000000000000001000001000000000000000000000000000
00000000000000000000000000000000000000000000000111110000000000000000000000000000
00000000000000000000000000000000000000000000000000000000000000000000000000000000
00000000000000000000000000000000000000000000000000000000000000000000000000000000
00000000000000000000000000000000000000000000000000000000000000000000000000000000
00000000000000000000000000000000000000000000000000000000000000000000000000000000
00000000000000000000000000000000000000000000000000000000000000000000000000000000
00000000000000000000000000000000000000000000000000000000000000000000000000000000
00000000000000000000000000000000000000000000000000000000000000000000000000000000
00000000000000000000000000000000000000000000000000000000000000000000000000000000
00000000000000000000000000000000000000000000000000000000000000000000000000000000
00000000000000000000000000000000000000000000000000000000000000000000000000000000
00000000000000000000000000000000000000000000000000000000000000000000000000000000
00000000000000000000000000000000000000000000000000000000000000000000000000000000
00000000000000000000000000000000000000000000000000000000000000000000000000000000
00000000000000000000000000000000000000000000000000000000000000000000000000000000
00000000000000000000000000000000000000000000000000000000000000000000000000000000
00000000000000000000000000000000000000000000000000000000000000000000000000000000
00000000000000000000000000000000000000000000000000000000000000000000000000000000
