00000000000000000000000000000000000000000000000000000000000000000000000000000000
00000000000000000000000000000000000000000000000000000000000000000000000000000000
00000000000000000000000000000000000000000000000000000000000000000000000000000000
00000000000000000000000000000000000000000000000000000000000000000000000000000000
00000000000000000000000000000000000000000000000000000000000000000000000000000000
00000000000000000000000000000000000000000000000000000000000000000000000000000000
00000000000000000000000000000000000000000000000000000000000000000000000000000000
00000000000000000000000000000000000000000000000000000000000000000000000000000000
00000000000000000000000000000000000000000000000000000000000000000000000000000000
00000000000000000000000000000000000000000000000000000000000000000000000000000000
00000000000000000000000000000000000000000000000000000000000000000000000000000000
00000000000000000000000000000000000000000000000000000000000000000000000000000000
00000000000000000000000000000000000000000000000000000000000000000000000000000000
00000000000000000000000000000000000000000000000000000000000000000000000000000000
00000000000000000000000000000000000000000000000000000000000000000000000000000000
00000000000000000000000000000000000000000000000000000000000000000000000000000000
00000000000000000000000000000000000000000000000000000000000000000000000000000000
00000000000000000000000000000000000000000000000000000000000000000000000000000000
00000000000000000000000000000000000000000000000000000000000000000000000000000000
00000000000000000000000000000000000000000000000000000000000000000000000000000000
00000000000000000000000000000000000000000000000000000000000000000000000000000000
00000000000000000000000000000000000000000000000000000000000000000000000000000000
00000000000000000000000000000000000000000000000000000000000000000000000000000000
00000000000000000000000000000000000000000000000000000000000000000000000000000000
00000000000000000000000000000000000000000000000000000000000000000000000000000000
00000000000000000000000000000000000000000000000000000000000000000000000000000000
00000000000000000000000000000000000000000000000000000000000000000000000000000000
00000000000000000000000000000000000000000000000000000000000000000000000000000000
00000000000000000000000000000000000000000000000000000000000000000000000000000000
00000000000000000000000000000000000000000000000000000000000000000000000000000000
00000000000000000000000000000000000000000000000000000000000000000000000000000000
00000000000000000000000000000000000000000000000000000000000010000000000000000000
00000000000000000000000000000000000000000000000000000000000011000001100000000000
00000000000000000000000000000000000000000000000000000000000001000000100000000000
00000000000000000000000000000000000000000000000000000000000001000000100000000000
00000000000000000000000000000000000000000000000000000100000001100001111111111000
00000000000000000000000000000000000000000000000000000111111111111111100000000000
00000000000000000000000000000000000000000000000000000000000000100000100000000000
00000000000000000000000000000000000000000000000000000000000000100000100000000000
00000000000000000000000000000000000000000000000000000000000000100001100000000000
00000000000000000000000000000000000000000000000000000000000000100001000000000000
00000000000000000000000000000000000000000000000000000000000000100001000000000000
00000000000000000000000000000000000000000000000000000000000001100011000011000000
00000000000000000000000000000000000000000000000000000000010001000010111110000000
00000000000000000000000000000000000000000000000000000000010001000011100000000000
00000000000000000000000000000000000000000000000000000000010001000010010000000000
00000000000000000000000000000000000000000000000000000000011001000110011000000000
00000000000000000000000000000000000000000000000000000000001001001100001000000000
00000000000000000000000000000000000000000000000000000000001001000000001000000000
00000000000000000000000000000000000000000000000000000000001001000000011110000000
00000000000000000000000000000000000000000000000000000000000001000111110010000000
00000000000000000000000000000000000000000000000000000000100111111101000001000000
00000000000000000000000000000000000000000000000000000000111101100001000001000000
00000000000000000000000000000000000000000000000000000000010001100001000001000000
00000000000000000000000000000000000000000000000000000000010000100001000010000000
00000000000000000000000000000000000000000000000000000000010000100001001100000000
00000000000000000000000000000000000000000000000000000000010001111111111111111110
00000000000000000000000000000000000000000000000000001111111111000011000000000001
00000000000000000000000000000000000000000000000000011111000000000000000000000000
00000000000000000000000000000000000000000000000000000000000000000000000000000000
