00000000000000000000000000000000000000000000000000000000000000000000000000000000
00000000000000000000000000000000000000000000000000000000000000000000000000000000
00000000000000000000000000000000000000000000000000000000000000000000000000000000
00000000000000000000000000000000000000000000000000000000000000000000000000000000
00000000000000000000000000000000000000000000000000000000000000000000000000000000
00000000000000000000000000000000000000000000000000000000000000000000000000000000
00000000000000000000000000000000000000000000000000000000000000000000000000000000
00000000000000000000000000000000000000000000000000000000000000000000000000000000
00000000000000000000000000000000000000000000000000000000000000000000000000000000
00000000000000000000000000000000000000000000000000000000000000000000000000000000
00000000000000000000000000000000000000000000000000000000000000000000000000000000
00000000000000000000000000000000000000000000000000000000000000000000000000000000
00000000000000000000000000000000000000000000000000000000000000000000000000000000
00000000000000000000000000000000000000000000000000000000000000000000000000000000
00000000000000000000000000000000000000000000000000000000000000000000000000000000
00000000000000000000000000000000000000000000000000000000000000000000000000000000
00000000000000000000000000000000000000000000000000000000000000000000000000000000
00000000000000000000000000000000000000000000000000000000000000000000000000000000
00000000000000000000000000000000000000000000000000000000000000000000000000000000
00000000000000000000000000000000000000000000000000000000000000000000000000000000
00000000000000000000000000000000000000000000000000000000000000000000000000000000
00000000000000000000000000000000000000000000000000000000000000000000000000000000
00000000000000000000000000000000000000000000000000000000000000000000000000000000
00000000000000000000000000000000000000000000000000000000000000000000000000000000
00000000000000000000000000000000000000000000000000000000000000000000000000000000
00000000000000000000000000000000000000000000000000000000000000000000000000000000
00000000000000000000100000000010000000000000000000000000000000000000000000000000
00000000000000000000110000000010000000000000000000000000000000000000000000000000
00000000000000000000010000000010000000000000000000000000000000000000000000000000
00000000000000000000010000000011000000000000000000000000000000000000000000000000
00000000000000000000010000111111111111100000000000000000000000000000000000000000
00000000000000000000011111000001000000100000000000000000000000000000000000000000
00000000000111111111101000000001000000000000000000000000000000000000000000000000
00000000000000000000001000000001000000000000000000000000000000000000000000000000
00000000000000000000001000000001000000000000000000000000000000000000000000000000
00000000000000000000001000000010000000000000000000000000000000000000000000000000
00000000000000000000001000000110000000000000000000000000000000000000000000000000
00000000000000000000000000000000000000000000000000000000000000000000000000000000
00000000000000000000000000000000000000000000000000000000000000000000000000000000
00000000000000000000000010000110000011100000000000000000000000000000000000000000
00000000000000000001000010000011111110000000000000000000000000000000000000000000
00000000000000000000100011000010000000000000000000000000000000000000000000000000
00000000000000000000100001000011100000000000000000000000000000000000000000000000
00000000000000000000100001000010110000000000000000000000000000000000000000000000
00000000000000000000100001000110010000000000000000000000000000000000000000000000
00000000000000000000100001000000010000000000000000000000000000000000000000000000
00000000000000000000100001000000011000000000000000000000000000000000000000000000
00000000000000000000100001000000001000000000000000000000000000000000000000000000
00000000000000000000100001000000001000000000000000000000000000000000000000000000
00000000000000010000100001011111111110000000000000000000000000000000000000000000
00000000000000010000001111110100000010000000000000000000000000000000000000000000
00000000000000011111111010000100000010000000000000000000000000000000000000000000
00000000000000001100000010000100000010000000000000000000000000000000000000000000
00000000000000001100000011000100000010000000000000000000000000000000000000000000
00000000000000000110000001000100001100000000000000000000000000000000000000000000
00000000000000000010000001000100111000000000000000000000000000000000000000000000
00000000000000000011000001111111111111111000000000000000000000000000000000000000
00000000000000000011111111000000000000001110000000000000000000000000000000000000
00000000000011111110000000000000000000000000000000000000000000000000000000000000
00000000011111110000000000000000000000000000000000000000000000000000000000000000
