00000000000000000000000000000000000000000000000000000000000000000000000000000000
00000000000000000000000000000000000000000000000000000000000000000000000000000000
00000000000000000000000000000000000000000000000000000000000000000000000000000000
00000000000000000000000000000000000000000000000000000000000000000000000000000000
00000000000000000000000000000000000000000000000000000000000000000000000000000000
00000000000000000000000000000000000000000000000000000000000000000000000000000000
00000000000000000000000000000000000000000000000000000000000000000000000000000000
00000000000000000000000000000000000000000000000000000000000000000000000000000000
00000000000000000000000000000000000000000000000000000000000000000000000000000000
00000000000000000000000000000000000000000000000000000000000000000000000000000000
00000000000000000000000000000000000000000000000000000000000000000000000000000000
00000000000000000000000000000000000000000000000000000000000000000000000000000000
00000000000000000000000000000000000000000000000000000000000000000000000000000000
00000000000000000000000000000000000000000000000000000000000000000000000000000000
00000000000000000000000000000000000000000000000000000000000000000000000000000000
00000000000000000000000000000000000000000000000000000000000000000000000000000000
00000000000000000000000000000000000000000000000000000000000000000000000000000000
00000000000000000000000000000000000000000000000000000000000000000000000000000000
00000000000000000000000000000000000000000000000000000000000000000000000000000000
00000000000000000000000000000000000000000000000000000000000000000000000000000000
00000000000000000000000000000000000000000000000000000000000000000000000000000000
00000000000000000000000000000000000000000000000000000000000000000000000000000000
00000000000000000000000000000000000000000000000000000000000000000000000000000000
00000000000000000000000000000000000000000000000000000000000000000000000000000000
00000000000000000000000000000000000000000000000000000000000000000000000000000000
00000000000000000000000000000000000000000000000000000000000000000000000000000000
00000000000000000000000000000000000000000000000000000000000000000000000000000000
00000000000000000000000000000000000000000000000000000000000000000000000000000000
00000000000000000000000000000000000000000000000000000000000000000000000000000000
00000000000000000000000000000000000100000100000000000000000000000000000000000000
00000000000000000000000000000000000100000100000000000000000000000000000000000000
00000000000000000000000000000000000100000100000000000000000000000000000000000000
00000000000000000000000000000000000100000101111111110000000000000000000000000000
00000000000000000000000000000000000101111110000000000000000000000000000000000000
00000000000000000000000011111111111110000100000000000000000000000000000000000000
00000000000000000000000000000000000100000100000000000000000000000000000000000000
00000000000000000000000000000000000100000100000000000000000000000000000000000000
00000000000000000000000000000000000100000100000000000000000000000000000000000000
00000000000000000000000000000000001000001000000000000000000000000000000000000000
00000000000000000000000000000000001100001000000110000000000000000000000000000000
00000000000000000000000000000001000100001001111000000000000000000000000000000000
00000000000000000000000000000001000100001010000000000000000000000000000000000000
00000000000000000000000000000001000100001001000000000000000000000000000000000000
00000000000000000000000000000001100100001001100000000000000000000000000000000000
00000000000000000000000000000000100100001000110000000000000000000000000000000000
00000000000000000000000000000001100100001000011000000000000000000000000000000000
00000000000000000000000000000001100100010000001000000000000000000000000000000000
00000000000000000000000000000000000100000000000000000000000000000000000000000000
00000000000000000000000000000000000100000001111111000000000000000000000000000000
00000000000000000000000000010000000101111111000000100000000000000000000000000000
00000000000000000000000000010111111111000001000000100000000000000000000000000000
00000000000000000000000000010000000001100001000000100000000000000000000000000000
00000000000000000000000000001000000000100001000000100000000000000000000000000000
00000000000000000000000000001100000000100001000001100000000000000000000000000000
00000000000000000000000000000100000000100001000011000000000000000000000000000000
00000000000000000000000000000110000000100001001100000000000000000000000000000000
00000000000000000000000000000010000000100001001000000000000000000000000000000000
00000000000000000000000000000011000000100001000000000000000000000000000000000000
00000000000000000000000010000001000111111111111111111000000000000000000000000000
00000000000000000000000011111111111100000000000000000110000000000000000000000000
