00000000000000000000000000000000000000000000000000000000000000000000000000000000
00000000000000000000000000000000000000000000000000000000000000000000000000000000
00000000000000000000000000000000000000000000000000000000000000000000000000000000
00000000000000000000000000000000000000000000000000000000000000000000000000000000
00000000000000000000000000000000000000000000000000000000000000000000000000000000
00000000000000000000000000000000000000000000000000000000000000000000000000000000
00000000000000000000000000000000000000000000000000000000000000000000000000000000
00000000000000000000000000000000000000000000000000000000000000000000000000000000
00000000000000000000000000000000000000000000000000000000000000000000000000000000
00000000000000000000000000000000000000000000000000000000000000000000000000000000
00000000000000000000000000000000000000000000000000000000000000000000000000000000
00000000000000000000000000000000000000000000000000000000000000000000000000000000
00000000000000000000000000000000000000000000000000000000000000000000000000000000
00000000000000000000000000000000000000000000000000000000000000000000000000000000
00000000000000000000000000000000000000000000000000000000000000000000000000000000
00000000000000000000000000000000000000000000000000000000000000000000000000000000
00000000000000000000000000000000000000000000000000000000000000000000000000000000
00000000000000000000000000000000000000000000000000000000000000000000000000000000
00000000000000000000000000000000000000000000000000000000000000000000000000000000
00000000000000000000000000000000000010000000000000000000000000000000000000000000
00000000000000000000000000000000000001000000000000000000000000000000000000000000
00000000000000000000000000000000000001000000000000000000000000000000000000000000
00000000000000000000000000011110000001000110000000000000000000000000000000000000
00000000000000000000000111110000000001000011100000000000000000000000000000000000
00000000000000000000000000100000000001000000011100000000000000000000000000000000
00000000000000000000000000010000000001000000100000000000000000000000000000000000
00000000000000000000000000010011010001100000100000000000000000000000000000000000
00000000000000000000000001111110010000100000100000000000000000000000000000000000
00000000000000000000001111010000010000100000100000000000000000000000000000000000
00000000000000000000000000010000010000100000100000000000000000000000000000000000
00000000000000000000000000010000010000100000111111000000000000000000000000000000
00000000000000000000000000010000011000101111110000000000000000000000000000000000
00000000000000000000000000010000000000100000100000000000000000000000000000000000
00000000000000000000000000010000000000100000100000000000000000000000000000000000
00000000000000000000000000010000000010100000100000000000000000000000000000000000
00000000000000000000000000010000001110100000100001111000000000000000000000000000
00000000000000000000000000010000110001100011111111000000000000000000000000000000
00000000000000000000000000010111000001111110000000000000000000000000000000000000
00000000000000000000000000111000000001000000000000000000000000000000000000000000
00000000000000000000000111000000000001000000000000000000000000000000000000000000
00000000000000000000111100000000000011000000000000000000000000000000000000000000
00000000000000000000000000000000000010000000000000000000000000000000000000000000
00000000000000000000000000000000000110000000000000000000000000000000000000000000
00000000000000000000000000000000000100000000000000000000000000000000000000000000
00000000000000000000000000000000001100000000000000000000000000000000000000000000
00000000000000000000000000000000011000000000000000000000000000000000000000000000
00000000000000000000000000000000000000000000000000000000000000000000000000000000
00000000000000000000000000000000000000000000000000000000000000000000000000000000
00000000000000000000000000000000000000000000000000000000000000000000000000000000
00000000000000000000000000000000000000000000000000000000000000000000000000000000
00000000000000000000000000000000000000000000000000000000000000000000000000000000
00000000000000000000000000000000000000000000000000000000000000000000000000000000
00000000000000000000000000000000000000000000000000000000000000000000000000000000
00000000000000000000000000000000000000000000000000000000000000000000000000000000
00000000000000000000000000000000000000000000000000000000000000000000000000000000
00000000000000000000000000000000000000000000000000000000000000000000000000000000
00000000000000000000000000000000000000000000000000000000000000000000000000000000
00000000000000000000000000000000000000000000000000000000000000000000000000000000
00000000000000000000000000000000000000000000000000000000000000000000000000000000
00000000000000000000000000000000000000000000000000000000000000000000000000000000
