00000000000000000000000000000000000000000000000000000000000000000000000000000000
00000000000000000000000000000000000000000000000000000000000000000000000000000000
00000000000000000000000000000000000000000000000000000000000000000000000000000000
00000000000000000000000000000000000000000000000000000000000000000000000000000000
00000000000000000000000000000000000000000000000000000000000000000000000000000000
00000000000000000000000000000000000000000000000000000000000000000000000000000000
00000000000000000000000000000000000000000000000000000000000000000000000000000000
00000000000000000000000000000000000000000000000000000000000000000000000000000000
00000000000000000000000000000000000000000000000000000000000000000000000000000000
00000000000000000000000000000000000000000000000000000000000000000000000000000000
00000000000000000000000000000000000000000000000000000000000000000000000000000000
00000000000000000000000000000000000000000000000000000000000000000000000000000000
00000000000000000000000000000000000000000000000000000000000000000000000000000000
00000000000000000000000000000000000000000000000000000000000000000000000000000000
00000000000000000000000000000000000000000000000000000000000000000000000000000000
00000000000000000000000000000000000000000000000000000000000000000000000000000000
00000000000000000000000000000000000000000000000000000000000000000000000000000000
00000000000000000000000000000000000000000000000000000000000000000000000000000000
00000000000000000000000000000000000000000000100000000000000000000000000000000000
00000000000000000000000000000000000000000000100000000000000000000000000000000000
00000000000000000000000000000000000000000000100011111110000000000000000000000000
00000000000000000000000000001111111111110000100000000000000000000000000000000000
00000000000000000000000000000000000100010000100000011000000000000000000000000000
00000000000000000000000000000111111111111000101111111000000000000000000000000000
00000000000000000000000000000000000110011111110001001000000000000000000000000000
00000000000000000000000000001111111010011111111101001011000000000000000000000000
00000000000000000000000000011000111111110110110011111110000000000000000000000000
00000000000000000000000000000011100011010110110001001100000000000000000000000000
00000000000000000000000000000000100111111110111111111100000000000000000000000000
00000000000000000000000000000011111111010111111111000100000000000000000000000000
00000000000000000000000000001111111111010010110001000100000000000000000000000000
00000000000000000000000000000000100011111000110001000100000000000000000000000000
00000000000000000000000000000000100111110000110001000100000000000000000000000000
00000000000000000000000000001111111110011100111111111111110000000000000000000000
00000000000000000000000000000000101111111111111111111111111000000000000000000000
00000000000000000000000000000111111000010000110000000000000000000000000000000000
00000000000000000000000000111110000000010000110000000000000000000000000000000000
00000000000000000000000000000000000000010000100000000000000000000000000000000000
00000000000000000000000000000000000000110001100000000000000000000000000000000000
00000000000000000000000000000000000000100011000000000000000000000000000000000000
00000000000000000000000000000000000000000011000000000000000000000000000000000000
00000000000000000000000000000000000000000110000000000000000000000000000000000000
00000000000000000000000000000000000000001100000000000000000000000000000000000000
00000000000000000000000000000000000000000000000000000000000000000000000000000000
00000000000000000000000000000000000000000000000000000000000000000000000000000000
00000000000000000000000000000000000000000000000000000000000000000000000000000000
00000000000000000000000000000000000000000000000000000000000000000000000000000000
00000000000000000000000000000000000000000000000000000000000000000000000000000000
00000000000000000000000000000000000000000000000000000000000000000000000000000000
00000000000000000000000000000000000000000000000000000000000000000000000000000000
00000000000000000000000000000000000000000000000000000000000000000000000000000000
00000000000000000000000000000000000000000000000000000000000000000000000000000000
00000000000000000000000000000000000000000000000000000000000000000000000000000000
00000000000000000000000000000000000000000000000000000000000000000000000000000000
00000000000000000000000000000000000000000000000000000000000000000000000000000000
00000000000000000000000000000000000000000000000000000000000000000000000000000000
00000000000000000000000000000000000000000000000000000000000000000000000000000000
00000000000000000000000000000000000000000000000000000000000000000000000000000000
00000000000000000000000000000000000000000000000000000000000000000000000000000000
00000000000000000000000000000000000000000000000000000000000000000000000000000000
