00000000000000000000000000000000000000000000000000000000000000000000000000000000
00000000000000000000000000000000000000000000000000000000000000000000000000000000
00000000000000000000000000000000000000000000000000000000000000000000000000000000
00000000000000000000000000000000000000000000000000000000000000000000000000000000
00000000000000000000000000000000000000000000000000000000000000000000000000000000
00000000000000000000000000000000000000000000000000000000000000000000000000000000
00000000000000000000000000000000000000000000000000000000000000000000000000000000
00000000000000000000000000000000000000000000000000000000000000000000000000000000
00000000000000000000000000000000000000000000000000000000000000000000000000000000
00000000000000000000000000000000000000000000000000000000000000000000000000000000
00000000000000000000000000000000000000000000000000000000000000000000000000000000
00000000000000000000000000000000000000000000000000000000000000000000000000000000
00000000000000000000000000000000000000000000000000000000000000000000000000000000
00000000000000000000000000000000000000000000000000000000000000000000000000000000
00000000000000000000000000000000000000000000000000000000000000000000000000000000
00000000000000000000000000000000000000000000000000000000000000000000000000000000
00000000000000000000000000000000000000000000010000000000000000000000000000000000
00000000000000000000000000000000000000000000010000000000000000000000000000000000
00000000000000000000000000000000000000001000010000000000000000000000000000000000
00000000000000000000000000000000000000001010010000000000000000000000000000000000
00000000000000000000000000000000000000001110010000111000000000000000000000000000
00000000000000000000000000000000000000000110111111100000000000000000000000000000
00000000000000000000000000111111111111110110010000111111000000000000000000000000
00000000000000000000000111111111111100000110011111110000000000000000000000000000
00000000000000000000000111110010100000000110010010011111111000000000000000000000
00000000000000000000000000000010111001000110010011111001000000000000000000000000
00000000000000000000000000000010110001100111010001010001000000000000000000000000
00000000000000000000000000000010110001100101010111111001000000000000000000000000
00000000000000000000000000000011111110100101011101011111100000000000000000000000
00000000000000000000000000111111111111100101011111110001000000000000000000000000
00000000000000000000000111111110110011111101010001010001111110000000000000000000
00000000000000000000000000000111111110110101010001011111000000000000000000000000
00000000000000000000001111111001110001010101010011110001000000000000000000000000
00000000000000000000000000000001110111010101010101010001000000000000000000000000
00000000000000000000000000000001111100000101010001010001000000000000000000000000
00000000000000000000000000000001110000000101010001111111110000000000000000000000
00000000000000000000000000001111010000000101111111110001111111100000000000000000
00000000000000000000000000111001010011110111011111111111000000000000000000000000
00000000000000000000000000000111111110000110010000000011001111100000000000000000
00000000000000000000000011111000010000100110010000111111111000000000000000000000
00000000000000000000000000000000011111101010010111100010000000000000000000000000
00000000000000000000000000000011110000001110010000000000000000000000000000000000
00000000000000000000000111111100000000011100010000000000000000000000000000000000
00000000000000000000000000000000000000010100100000000000000000000000000000000000
00000000000000000000000000000000000000101100100000000000000000000000000000000000
00000000000000000000000000000000000001111000100000000000000000000000000000000000
00000000000000000000000000000000000011110001000000000000000000000000000000000000
00000000000000000000000000000000000010000001000000000000000000000000000000000000
00000000000000000000000000000000000000000010000000000000000000000000000000000000
00000000000000000000000000000000000000000110000000000000000000000000000000000000
00000000000000000000000000000000000000000100000000000000000000000000000000000000
00000000000000000000000000000000000000001000000000000000000000000000000000000000
00000000000000000000000000000000000000010000000000000000000000000000000000000000
00000000000000000000000000000000000011100000000000000000000000000000000000000000
00000000000000000000000000000000000011000000000000000000000000000000000000000000
00000000000000000000000000000000000000000000000000000000000000000000000000000000
00000000000000000000000000000000000000000000000000000000000000000000000000000000
00000000000000000000000000000000000000000000000000000000000000000000000000000000
00000000000000000000000000000000000000000000000000000000000000000000000000000000
00000000000000000000000000000000000000000000000000000000000000000000000000000000
