00000000000000000000000000000000000000000000000000000000000000000000000000000000
00000000000000000000000000000000000000000000000000000000000000000000000000000000
00000000000000000000000000000000000000000000000000000000000000000000000000000000
00000000000000000000000000000000000000000000000000000000000000000000000000000000
00000000000000000000000000000000000000000000000000000000000000000000000000000000
00000000000000000000000000000000000000000000000000000000000000000000000000000000
00000000000000000000000000000000000000000000000000000000000000000000000000000000
00000000000000000000000000000000000000000000000000000000000000000000000000000000
00000000000000000000000000000000000000000000000000000000000000000000000000000000
00000000000000000000000000000000000000000000000000000000000000000000000000000000
00000000000000000000000000000000000000000000000000000000000000000000000000000000
00000000000000000000000000000000000100000000000000000000000000000000000000000000
00000000000000000000000000000000000100000000000000000000000000000000000000000000
00000000000000000000000000000000000100000000000000000000000000000000000000000000
00000000000000000000000000000000000100000000000000000000000000000000000000000000
00000000000000000000000000000000000100000000000000000000000000000000000000000000
00000000000000000000000000000000000100000000000000000000000000000000000000000000
00000000000000000000000000000000000100000000000000111100000000000000000000000000
00000000000000000000000000000000000100000111111111000000000000000000000000000000
00000000000000000000000000000000000100000000000110000000000000000000000000000000
00000000000000000000000000000000000100000000000100000000000000000000000000000000
00000000000000000000000000000000000100000111001100000000000000000000000000000000
00000000000000000000000000000000000111111000001000000000000000000000000000000000
00000000000000000000000000111111111100000000011010000000000000000000000000000000
00000000000000000000000000000000001100000000111001000000000000000000000000000000
00000000000000000000000000000000001110000001101000100000000000000000000000000000
00000000000000000000000000000000001111000011001000010000000000000000000000000000
00000000000000000000000000000000011101100010001000001000000000000000000000000000
00000000000000000000000000000000010100100110001000000110000000000000000000000000
00000000000000000000000000000000010100010000001000000011100000000000000000000000
00000000000000000000000000000000110100000000001000000000110000000000000000000000
00000000000000000000000000000000100100000000001000000000000000000000000000000000
00000000000000000000000000000001100100000000001000000000000000000000000000000000
00000000000000000000000000000001000100000000001000000000000000000000000000000000
00000000000000000000000000000001000100000000001000000000000000000000000000000000
00000000000000000000000000000010000100000000001000000000000000000000000000000000
00000000000000000000000000000010000100000000001000000000000000000000000000000000
00000000000000000000000000000110000100000000001000000000000000000000000000000000
00000000000000000000000000000100000100000000001000000000000000000000000000000000
00000000000000000000000000000000000100000000001000000000000000000000000000000000
00000000000000000000000000000000000100000000001100000000000000000000000000000000
00000000000000000000000000000000000100000000000100000000000000000000000000000000
00000000000000000000000000000000000100000000000100000000000000000000000000000000
00000000000000000000000000000000000100000000000000000000000000000000000000000000
00000000000000000000000000000000000100000000000000000000000000000000000000000000
00000000000000000000000000000000000100000000000000000000000000000000000000000000
00000000000000000000000000000000000100000000000000000000000000000000000000000000
00000000000000000000000000000000000100000000000000000000000000000000000000000000
00000000000000000000000000000000000000000000000000000000000000000000000000000000
00000000000000000000000000000000000000000000000000000000000000000000000000000000
00000000000000000000000000000000000000000000000000000000000000000000000000000000
00000000000000000000000000000000000000000000000000000000000000000000000000000000
00000000000000000000000000000000000000000000000000000000000000000000000000000000
00000000000000000000000000000000000000000000000000000000000000000000000000000000
00000000000000000000000000000000000000000000000000000000000000000000000000000000
00000000000000000000000000000000000000000000000000000000000000000000000000000000
00000000000000000000000000000000000000000000000000000000000000000000000000000000
00000000000000000000000000000000000000000000000000000000000000000000000000000000
00000000000000000000000000000000000000000000000000000000000000000000000000000000
00000000000000000000000000000000000000000000000000000000000000000000000000000000
