00000000000000000000000000000000000000000000000000000000000000000000000000000000
00000000000000000000000000000000000000000000000000000000000000000000000000000000
00000000000000000000000000000000000000000000000000000000000000000000000000000000
00000000000000000000000000000000000000000000000000000000000000000000000000000000
00000000000000000000000000000000000000000000000000000000000000000000000000000000
00000000000000000000000000000000000000000000000000000000000000000000000000000000
00000000000000000000000000000000000000000000000000000000000000000000000000000000
00000000000000000000000000000000000000000000000000000000000000000000000000000000
00000000000000000000000000000000000000000000000000000000000000000000000000000000
00000000000000000000000000000000000000000000000000000000000000000000000000000000
00000000000000000000000000000000000000000000000000000000000000000000000000000000
00000000000000000000000000000000000000000000000000000000000000000000000000000000
00000000000000000000000000000000000000000000000000000000000000000000000000000000
00000000000000000000000000000000000000000000000000000000000000000000000000000000
00000000000000000000000000000000001000000000000000000000000000000000000000000000
00000000000000000000000000000000001000000000000000000000000000000000000000000000
00000000000000000000000000000000001000000000000000000000000000000000000000000000
00000000000000000000000000000000001000000000000000000000000000000000000000000000
00000000000000000000000000000000000100000000000000000000000000000000000000000000
00000000000000000000000000000000000100000000000000000000000000000000000000000000
00000000000000000000000000000000000100000000000000000000000000000000000000000000
00000000000000000000000000000000000100000000000000000000000000000000000000000000
00000000000000000000000000000000000100000000000001111000000000000000000000000000
00000000000000000000000000000000000010000011111111000000000000000000000000000000
00000000000000000000000000000000000010000000000010000000000000000000000000000000
00000000000000000000000000000000000010011000000110000000000000000000000000000000
00000000000000000000000000001111111111100000000111111110000000000000000000000000
00000000000000000000000000000000000010000000011011000011111100000000000000000000
00000000000000000000000000000000000010110000110001000000000000000000000000000000
00000000000000000000000000000000000110011001100001000000000000000000000000000000
00000000000000000000000000000000001110001101000001000000000000000000000000000000
00000000000000000000000000000000001001000100000001000000000000000000000000000000
00000000000000000000000000000000001001000011000001000000000000000000000000000000
00000000000000000000000000000000011001000001000000100000000000000000000000000000
00000000000000000000000000000000010001000000000000100000000000000000000000000000
00000000000000000000000000000000010001000000000000100000000000000000000000000000
00000000000000000000000000000000110001000000000000100000000000000000000000000000
00000000000000000000000000000000100001000000000000100000000000000000000000000000
00000000000000000000000000000000100001000000000000100000000000000000000000000000
00000000000000000000000000000001000001100000000000100000000000000000000000000000
00000000000000000000000000000000000000100000000000100000000000000000000000000000
00000000000000000000000000000000000000100000000000100000000000000000000000000000
00000000000000000000000000000000000000100000000000010000000000000000000000000000
00000000000000000000000000000000000000100000000000010000000000000000000000000000
00000000000000000000000000000000000000100000000000010000000000000000000000000000
00000000000000000000000000000000000000100000000000110000000000000000000000000000
00000000000000000000000000000000000000100000000000010000000000000000000000000000
00000000000000000000000000000000000000100000000000010000000000000000000000000000
00000000000000000000000000000000000000100000000000000000000000000000000000000000
00000000000000000000000000000000000000100000000000000000000000000000000000000000
00000000000000000000000000000000000000100000000000000000000000000000000000000000
00000000000000000000000000000000000000100000000000000000000000000000000000000000
00000000000000000000000000000000000000100000000000000000000000000000000000000000
00000000000000000000000000000000000000100000000000000000000000000000000000000000
00000000000000000000000000000000000000100000000000000000000000000000000000000000
00000000000000000000000000000000000000000000000000000000000000000000000000000000
00000000000000000000000000000000000000000000000000000000000000000000000000000000
00000000000000000000000000000000000000000000000000000000000000000000000000000000
00000000000000000000000000000000000000000000000000000000000000000000000000000000
00000000000000000000000000000000000000000000000000000000000000000000000000000000
