00000000000000000000000000000000000000000000000000000000000000000000000000000000
00000000000000000000000000000000000000000000000000000000000000000000000000000000
00000000000000000000000000000000000000000000000000000000000000000000000000000000
00000000000000000000000000000000000000000000000000000000000000000000000000000000
00000000000000000000000000000000000000000000000000000000000000000000000000000000
00000000000000000000000000000000000000000000000000000000000000000000000000000000
00000000000000000000000000000000000000000000000000000000000000000000000000000000
00000000000000000000000000000000000000000000000000000000000000000000000000000000
00000000000000000000000000000000000000000000000000000000000000000000000000000000
00000000000000000000000000000000000000000000000000000000000000000000000000000000
00000000000000000000000000000000000000000000000000000000000000000000000000000000
00000000000000000000000000000000000000000000000000000000000000000000000000000000
00000000000000000000000000000000000000000000000000000000000000000000000000000000
00000000000000000000000000000000000000000000000000000000000000000000000000000000
00000000000000000000000000000000000000000000000000000000000000000000000000000000
00000000000000000000000000000000000000000000000000000000000000000000000000000000
00000000000000000000000000000001000000000000000000000000000000000000000000000000
00000000000000000000000000000001000000000000000000000000000000000000000000000000
00000000000000000000000000000001000000000000000000000000000000000000000000000000
00000000000000000000000000000001000000000000000000000000000000000000000000000000
00000000000000000000000000000001000000000111110000000000000000000000000000000000
00000000000000000000000000000001001111111100000000000000000000000000000000000000
00000000000000000000000000000001000000011000000000000000000000000000000000000000
00000000000000000000000000000001000000010000000000000000000000000000000000000000
00000000000000000000000000011001000100011000000000000000000000000000000000000000
00000000000000000000000000001111111100110110000000000000000000000000000000000000
00000000000000000000000000000011110000110011100000000000000000000000000000000000
00000000000000000000000000000011011001010000110000000000000000000000000000000000
00000000000000000000000000000111001111001000001100000000000000000000000000000000
00000000000000000000000000000101000110001000000011100000000000000000000000000000
00000000000000000000000000000101001100001000000000010000000000000000000000000000
00000000000000000000000000001101001000001000000000000000000000000000000000000000
00000000000000000000000000001001000000001000000000000000000000000000000000000000
00000000000000000000000000000001000000001000000000000000000000000000000000000000
00000000000000000000000000000001000000001000000000000000000000000000000000000000
00000000000000000000000000000001000000001000000000000000000000000000000000000000
00000000000000000000000000000001000000000100000000000000000000000000000000000000
00000000000000000000000000000001000000000100000000000000000000000000000000000000
00000000000000000000000000000001000000000100000000000000000000000000000000000000
00000000000000000000000000000001000000000100000000000000000000000000000000000000
00000000000000000000000000000001000000000100000000000000000000000000000000000000
00000000000000000000000000000001000000000100000000000000000000000000000000000000
00000000000000000000000000000000000000000100000000000000000000000000000000000000
00000000000000000000000000000000000000000100000000000000000000000000000000000000
00000000000000000000000000000000000000000000000000000000000000000000000000000000
00000000000000000000000000000000000000000000000000000000000000000000000000000000
00000000000000000000000000000000000000000000000000000000000000000000000000000000
00000000000000000000000000000000000000000000000000000000000000000000000000000000
00000000000000000000000000000000000000000000000000000000000000000000000000000000
00000000000000000000000000000000000000000000000000000000000000000000000000000000
00000000000000000000000000000000000000000000000000000000000000000000000000000000
00000000000000000000000000000000000000000000000000000000000000000000000000000000
00000000000000000000000000000000000000000000000000000000000000000000000000000000
00000000000000000000000000000000000000000000000000000000000000000000000000000000
00000000000000000000000000000000000000000000000000000000000000000000000000000000
00000000000000000000000000000000000000000000000000000000000000000000000000000000
00000000000000000000000000000000000000000000000000000000000000000000000000000000
00000000000000000000000000000000000000000000000000000000000000000000000000000000
00000000000000000000000000000000000000000000000000000000000000000000000000000000
00000000000000000000000000000000000000000000000000000000000000000000000000000000
