00000000000000000000000000000000000000000000000000000000000000000000000000000000
00000000000000000000000000000000000000000000000000000000000000000000000000000000
00000000000000000000000000000000000000000000000000000000000000000000000000000000
00000000000000000000000000000000000000000000000000000000000000000000000000000000
00000000000000000000000000000000000000000000000000000000000000000000000000000000
00000000000000000000000000000000000000000000000000000000000000000000000000000000
00000000000000000000000000000000000000000000000000000000000000000000000000000000
00000000000000000000000000000000000000000000000000000000000000000000000000000000
00000000000000000000000000000000000000000000000000000000000000000000000000000000
00000000000000000000000000000000000000000000000000000000000000000000000000000000
00000000000000000000000000000000000000000000000000000000000000000000000000000000
00000000000000000000000000000000100000000000000000000000000000000000000000000000
00000000000000000000000000000000100000000000000000000000000000000000000000000000
00000000000000000000000000000000100000000000000000000000000000000000000000000000
00000000000000000000000000000000100000000000000000000000000000000000000000000000
00000000000000000000000000000000100000000000000000000000000000000000000000000000
00000000000000000000000000000000100000000000000000000000000000000000000000000000
00000000000000000000000000000000100000000000000000000000000000000000000000000000
00000000000000000000000000000000100000000000000000000000000000000000000000000000
00000000000000000000000000000000100000000000000000000000000000000000000000000000
00000000000000000000000000000000100000000100000111100000000000000000000000000000
00000000000000000000000000000000100000011100011100110000000000000000000000000000
00000000000000000000000000000000100001100111111000000000000000000000000000000000
00000000000000000000000000000000100110000000011000000000000000000000000000000000
00000000000000000000000000000000111000000000010000000000000000000000000000000000
00000000000000000000011000000111100000000000110000000000000000000000000000000000
00000000000000000000001111111000100000000001100000000000000000000000000000000000
00000000000000000000000000000000100000000001100000000000000000000000000000000000
00000000000000000000000000000000100000000010111110000000000000000000000000000000
00000000000000000000000000000001110000000100100011110000000000000000000000000000
00000000000000000000000000000011111000001100100000011100000000000000000000000000
00000000000000000000000000000010101100000000100000000000000000000000000000000000
00000000000000000000000000000110100100000000100000000000000000000000000000000000
00000000000000000000000000000100100110000000100000000000000000000000000000000000
00000000000000000000000000001000100000000000100000000000000000000000000000000000
00000000000000000000000000001000100000000000100000000000000000000000000000000000
00000000000000000000000000010000100000000000100000000000000000000000000000000000
00000000000000000000000000110000100000000000100000000000000000000000000000000000
00000000000000000000000000100000100000000000100000000000000000000000000000000000
00000000000000000000000001100000100000000000100000000000000000000000000000000000
00000000000000000000000000000000100000000000100000000000000000000000000000000000
00000000000000000000000000000000100000000000100000000000000000000000000000000000
00000000000000000000000000000000100000000000100000000000000000000000000000000000
00000000000000000000000000000000100000000000100000000000000000000000000000000000
00000000000000000000000000000000100000000000100000000000000000000000000000000000
00000000000000000000000000000000100000000000100000000000000000000000000000000000
00000000000000000000000000000000100000000000100000000000000000000000000000000000
00000000000000000000000000000000100000000000000000000000000000000000000000000000
00000000000000000000000000000000100000000000000000000000000000000000000000000000
00000000000000000000000000000000100000000000000000000000000000000000000000000000
00000000000000000000000000000000000000000000000000000000000000000000000000000000
00000000000000000000000000000000000000000000000000000000000000000000000000000000
00000000000000000000000000000000000000000000000000000000000000000000000000000000
00000000000000000000000000000000000000000000000000000000000000000000000000000000
00000000000000000000000000000000000000000000000000000000000000000000000000000000
00000000000000000000000000000000000000000000000000000000000000000000000000000000
00000000000000000000000000000000000000000000000000000000000000000000000000000000
00000000000000000000000000000000000000000000000000000000000000000000000000000000
00000000000000000000000000000000000000000000000000000000000000000000000000000000
00000000000000000000000000000000000000000000000000000000000000000000000000000000
