00000000000000000000000000000000000000000000000000000000000000000000000000000000
00000000000000000000000000000000000000000000000000000000000000000000000000000000
00000000000000000000000000000000000000000000000000000000000000000000000000000000
00000000000000000000000000000000000000000000000000000000000000000000000000000000
00000000000000000000000000000000000000000000000000000000000000000000000000000000
00000000000000000000000000000000000000000000000000000000000000000000000000000000
00000000000000000000000000000000000000000000000000000000000000000000000000000000
00000000000000000000000000000000001000000000000000000000000000000000000000000000
00000000000000000000000000000000000110000000000000000000000000000000000000000000
00000000000000000000000000000000000011000000000000000000000000000000000000000000
00000000000000000000000000000000000001100000000000000000000000000000000000000000
00000000000000000000000000000000000000010000001111000000000000000000000000000000
00000000000000000000000000001001110000000111110001000000000000000000000000000000
00000000000000000000000000001000011111111000000011000000000000000000000000000000
00000000000000000000000000001000000000000000000110000000000000000000000000000000
00000000000000000000000000001000000000000000111100000000000000000000000000000000
00000000000000000000000000001000000000000000100000000000000000000000000000000000
00000000000000000000000000001000000000000011110000000000000000000000000000000000
00000000000000000000000000001000001111111100000000000000000000000000000000000000
00000000000000000000000000001000000000110000000000000000000000000000000000000000
00000000000000000000000000001000000001111000000000000000000000000000000000000000
00000000000000000000000000001000000011000110000000000000000000000000000000000000
00000000000000000000000000001000000110000011000000000100000000000000000000000000
00000000000000000000000000001000001100000001100000001100000000000000000000000000
00000000000000000000000000001000111000000000100000011000000000000000000000000000
00000000000000000000000000001001100010000000010000100000000000000000000000000000
00000000000000000000000000000010000010000000010011000000000000000000000000000000
00000000000000000000000000000000000110001000001110000000000000000000000000000000
00000000000000000000000000000000000100001000001001100000000000000000000000000000
00000000000000000000000000000000001000001000001000110000000000000000000000000000
00000000000000000000000000000000010000010000001000001000000000000000000000000000
00000000000000000000000000000001100000110000001000000110000000000000000000000000
00000000000000000000000000000111000000100000001000000011000000000000000000000000
00000000000000000000000000000000000001100000001000000001100000000000000000000000
00000000000000000000000000000000000011000000001000000000011000000000000000000000
00000000000000000000000000000000000110100000001000000000000110000000000000000000
00000000000000000000000000000000001100100000001000000000000011100000000000000000
00000000000000000000000000000000011000010000001000000000000000111100000000000000
00000000000000000000000000000000110000011000010000000000000000000000000000000000
00000000000000000000000000000000000000001000110000000000000000000000000000000000
00000000000000000000000000000000000000000111000000000000000000000000000000000000
00000000000000000000000000000000000000000000000000000000000000000000000000000000
00000000000000000000000000000000000000000000000000000000000000000000000000000000
00000000000000000000000000000000000000000000000000000000000000000000000000000000
00000000000000000000000000000000000000000000000000000000000000000000000000000000
00000000000000000000000000000000000000000000000000000000000000000000000000000000
00000000000000000000000000000000000000000000000000000000000000000000000000000000
00000000000000000000000000000000000000000000000000000000000000000000000000000000
00000000000000000000000000000000000000000000000000000000000000000000000000000000
00000000000000000000000000000000000000000000000000000000000000000000000000000000
00000000000000000000000000000000000000000000000000000000000000000000000000000000
00000000000000000000000000000000000000000000000000000000000000000000000000000000
00000000000000000000000000000000000000000000000000000000000000000000000000000000
00000000000000000000000000000000000000000000000000000000000000000000000000000000
00000000000000000000000000000000000000000000000000000000000000000000000000000000
00000000000000000000000000000000000000000000000000000000000000000000000000000000
00000000000000000000000000000000000000000000000000000000000000000000000000000000
00000000000000000000000000000000000000000000000000000000000000000000000000000000
00000000000000000000000000000000000000000000000000000000000000000000000000000000
00000000000000000000000000000000000000000000000000000000000000000000000000000000
