00000000000000000000000000000000000000000000000000000000000000000000000000000000
00000000000000000000000000000000000000000000000000000000000000000000000000000000
00000000000000000000000000000000000000000000000000000000000000000000000000000000
00000000000000000000000000000000000000000000000000000000000000000000000000000000
00000000000000000000000000000000000000000000000000000000000000000000000000000000
00000000000000000000000000000000000000000000000000000000000000000000000000000000
00000000000000000000000000000000000000000000000000000000000000000000000000000000
00000000000000000000000000000000000000000000000000000000000000000000000000000000
00000000000000000000000000000000000000000000000000000000000000000000000000000000
00000000000000000000000000000000000000000000000000000000000000000000000000000000
00000000000000000000000000000000000000000000000000000000000000000000000000000000
00000000000000000000000000000000000000000000000000000000000000000000000000000000
00000000000000000000000000000000000000000000000000000000000000000000000000000000
00000000000000000000000000000000000000000000000000000000000000000000000000000000
00000000000000000000000000000000000000000000000000000000000000000000000000000000
00000000000000000000000000000000000010000000000000000000000000000000000000000000
00000000000000000000000000000000000011000000000000000000000000000000000000000000
00000000000000000000000000000000000000110000000000000000000000000000000000000000
00000000000000000000000000000000000000010000000000000000000000000000000000000000
00000000000000000000000000000000010000001111111110000000000000000000000000000000
00000000000000000000000000000000110011110000000010000000000000000000000000000000
00000000000000000000000000000001111100000000001100000000000000000000000000000000
00000000000000000000000000000000100000000000010000000000000000000000000000000000
00000000000000000000000000000001100000011111100000000000000000000000000000000000
00000000000000000000000000000001000111101000000000000000000000000000000000000000
00000000000000000000000000000001000000010000000000000000000000000000000000000000
00000000000000000000000000000011000000111000000001000000000000000000000000000000
00000000000000000000000000000110000001001100000001000000000000000000000000000000
00000000000000000000000000000100000011000110000001000000000000000000000000000000
00000000000000000000000000000000001100000010000010000000000000000000000000000000
00000000000000000000000000000000111000010001000110000000000000000000000000000000
00000000000000000000000000000000100000010001101100000000000000000000000000000000
00000000000000000000000000000000000000010000111000000000000000000000000000000000
00000000000000000000000000000000000000110000111100000000000000000000000000000000
00000000000000000000000000000000000000100010010110000000000000000000000000000000
00000000000000000000000000000000000001000010011011100000000000000000000000000000
00000000000000000000000000000000000110000010001000110000000000000000000000000000
00000000000000000000000000000000001100000100001000001110000000000000000000000000
00000000000000000000000000000001111001001100001000000011100000000000000000000000
00000000000000000000000000000000000001101000000100000000110000000000000000000000
00000000000000000000000000000000000000110000000100000000001100000000000000000000
00000000000000000000000000000000000000110000000100000000000111110000000000000000
00000000000000000000000000000000000001101000000100000000000000011000000000000000
00000000000000000000000000000000000011000110001100000000000000000000000000000000
00000000000000000000000000000000000110000011111000000000000000000000000000000000
00000000000000000000000000000000001100000000000000000000000000000000000000000000
00000000000000000000000000000000000000000000000000000000000000000000000000000000
00000000000000000000000000000000000000000000000000000000000000000000000000000000
00000000000000000000000000000000000000000000000000000000000000000000000000000000
00000000000000000000000000000000000000000000000000000000000000000000000000000000
00000000000000000000000000000000000000000000000000000000000000000000000000000000
00000000000000000000000000000000000000000000000000000000000000000000000000000000
00000000000000000000000000000000000000000000000000000000000000000000000000000000
00000000000000000000000000000000000000000000000000000000000000000000000000000000
00000000000000000000000000000000000000000000000000000000000000000000000000000000
00000000000000000000000000000000000000000000000000000000000000000000000000000000
00000000000000000000000000000000000000000000000000000000000000000000000000000000
00000000000000000000000000000000000000000000000000000000000000000000000000000000
00000000000000000000000000000000000000000000000000000000000000000000000000000000
00000000000000000000000000000000000000000000000000000000000000000000000000000000
