00000000000000000000000000000000000000000000000000000000000000000000000000000000
00000000000000000000000000000000000000000000000000000000000000000000000000000000
00000000000000000000000000000000000000000000000000000000000000000000000000000000
00000000000000000000000000000000000000000000000000000000000000000000000000000000
00000000000000000000000000000000000000000000000000000000000000000000000000000000
00000000000000000000000000000000000000000000000000000000000000000000000000000000
00000000000000000000000000000000000000000000000000000000000000000000000000000000
00000000000000000000000000000000000001000000000000000000000000000000000000000000
00000000000000000000000000000000000001100000000000000000000000000000000000000000
00000000000000000000000000000000000000110000000000000000000000000000000000000000
00000000000000000000000000000000000000011000000000000000000000000000000000000000
00000000000000000000000000000000000000001100000000000000000000000000000000000000
00000000000000000000000000000000000000000110001111111000000000000000000000000000
00000000000000000000000000000000100000011111110000001000000000000000000000000000
00000000000000000000000000000000111111110000000000011000000000000000000000000000
00000000000000000000000000000000100000000000000000010000000000000000000000000000
00000000000000000000000000000000100000000000001111100000000000000000000000000000
00000000000000000000000000000000100000000001111001000000000000000000000000000000
00000000000000000000000000000000110000001111000010000000000000000000000000000000
00000000000000000000000000000000010000111001101100000000000000000000000000000000
00000000000000000000000000000000010000100001011000000000000000000000000000000000
00000000000000000000000000000000011000000011001000000010000000000000000000000000
00000000000000000000000000000000001000000110000100001100000000000000000000000000
00000000000000000000000000000000001000001100000010111000000000000000000000000000
00000000000000000000000000000000000100011001000011000000000000000000000000000000
00000000000000000000000000000000000100000011000011000000000000000000000000000000
00000000000000000000000000000000000010000110001001100000000000000000000000000000
00000000000000000000000000000000000000001100011001110000000000000000000000000000
00000000000000000000000000000000000000011000010001011000000000000000000000000000
00000000000000000000000000000000000000110000100001001110000000000000000000000000
00000000000000000000000000000000000011100001100001000011100000000000000000000000
00000000000000000000000000000000000110000010000001000000111000000000000000000000
00000000000000000000000000000000000000000110000011000000000111111000000000000000
00000000000000000000000000000000000000001111111110000000000000000000000000000000
00000000000000000000000000000000000000110000000000000000000000000000000000000000
00000000000000000000000000000000011111000000000000000000000000000000000000000000
00000000000000000000000000000000000000000000000000000000000000000000000000000000
00000000000000000000000000000000000000000000000000000000000000000000000000000000
00000000000000000000000000000000000000000000000000000000000000000000000000000000
00000000000000000000000000000000000000000000000000000000000000000000000000000000
00000000000000000000000000000000000000000000000000000000000000000000000000000000
00000000000000000000000000000000000000000000000000000000000000000000000000000000
00000000000000000000000000000000000000000000000000000000000000000000000000000000
00000000000000000000000000000000000000000000000000000000000000000000000000000000
00000000000000000000000000000000000000000000000000000000000000000000000000000000
00000000000000000000000000000000000000000000000000000000000000000000000000000000
00000000000000000000000000000000000000000000000000000000000000000000000000000000
00000000000000000000000000000000000000000000000000000000000000000000000000000000
00000000000000000000000000000000000000000000000000000000000000000000000000000000
00000000000000000000000000000000000000000000000000000000000000000000000000000000
00000000000000000000000000000000000000000000000000000000000000000000000000000000
00000000000000000000000000000000000000000000000000000000000000000000000000000000
00000000000000000000000000000000000000000000000000000000000000000000000000000000
00000000000000000000000000000000000000000000000000000000000000000000000000000000
00000000000000000000000000000000000000000000000000000000000000000000000000000000
00000000000000000000000000000000000000000000000000000000000000000000000000000000
00000000000000000000000000000000000000000000000000000000000000000000000000000000
00000000000000000000000000000000000000000000000000000000000000000000000000000000
00000000000000000000000000000000000000000000000000000000000000000000000000000000
00000000000000000000000000000000000000000000000000000000000000000000000000000000
