00000000000000000000000000000000000000000000000000000000000000000000000000000000
00000000000000000000000000000000000000000000000000000000000000000000000000000000
00000000000000000000000000000000000000000000000000000000000000000000000000000000
00000000000000000000000000000000000000000000000000000000000000000000000000000000
00000000000000000000000000000000000000000000000000000000000000000000000000000000
00000000000000000000000000000000000000000000000000000000000000000000000000000000
00000000000000000000000000000000000000000000000000000000000000000000000000000000
00000000000000000000000000000000000000000000000000000000000000000000000000000000
00000000000000000000000000000000000000000000000000000000000000000000000000000000
00000000000000000000000000000000000000000000000000000000000000000000000000000000
00000000000000000000000000000000000000000000000000000000000000000000000000000000
00000000000000000000000000000000110000000000000000000000000000000000000000000000
00000000000000000000000000000000011000000000000000000000000000000000000000000000
00000000000000000000000000000000001100000000000000000000000000000000000000000000
00000000000000000000000000000000000110000000000000000000000000000000000000000000
00000000000000000000000000000000000010000000000000000000000000000000000000000000
00000000000000000000000000010000000000000011111000000000000000000000000000000000
00000000000000000000000000011111111111111100001000000000000000000000000000000000
00000000000000000000000000110000000000000000001000000000000000000000000000000000
00000000000000000000000000100000000000000000011000000000000000000000000000000000
00000000000000000000000000100000000000000000110000000000000000000000000000000000
00000000000000000000000000100000000000000011000000000000000000000000000000000000
00000000000000000000000000100001111111111100000000000000000000000000000000000000
00000000000000000000000000100000000100000000000000000000000000000000000000000000
00000000000000000000000000100000011100000000000000000000000000000000000000000000
00000000000000000000000000100000110110000010000000000000000000000000000000000000
00000000000000000000000000100011000010000010000000000000000000000000000000000000
00000000000000000000000000111110001011000100000000000000000000000000000000000000
00000000000000000000000000100000011001001100000000000000000000000000000000000000
00000000000000000000000000100000110001111000000000000000000000000000000000000000
00000000000000000000000000100001100010110000000000000000000000000000000000000000
00000000000000000000000000000011000110110000000000000000000000000000000000000000
00000000000000000000000000000110000100101100000000000000000000000000000000000000
00000000000000000000000000000000001000100111000000000000000000000000000000000000
00000000000000000000000000000000011000100001100000000000000000000000000000000000
00000000000000000000000000000000111000100000011000000000000000000000000000000000
00000000000000000000000000000001001100100000000111000000000000000000000000000000
00000000000000000000000000000011000111100000000001110000000000000000000000000000
00000000000000000000000000001100000000000000000000011111000000000000000000000000
00000000000000000000000000011000000000000000000000000000000000000000000000000000
00000000000000000000000000000000000000000000000000000000000000000000000000000000
00000000000000000000000000000000000000000000000000000000000000000000000000000000
00000000000000000000000000000000000000000000000000000000000000000000000000000000
00000000000000000000000000000000000000000000000000000000000000000000000000000000
00000000000000000000000000000000000000000000000000000000000000000000000000000000
00000000000000000000000000000000000000000000000000000000000000000000000000000000
00000000000000000000000000000000000000000000000000000000000000000000000000000000
00000000000000000000000000000000000000000000000000000000000000000000000000000000
00000000000000000000000000000000000000000000000000000000000000000000000000000000
00000000000000000000000000000000000000000000000000000000000000000000000000000000
00000000000000000000000000000000000000000000000000000000000000000000000000000000
00000000000000000000000000000000000000000000000000000000000000000000000000000000
00000000000000000000000000000000000000000000000000000000000000000000000000000000
00000000000000000000000000000000000000000000000000000000000000000000000000000000
00000000000000000000000000000000000000000000000000000000000000000000000000000000
00000000000000000000000000000000000000000000000000000000000000000000000000000000
00000000000000000000000000000000000000000000000000000000000000000000000000000000
00000000000000000000000000000000000000000000000000000000000000000000000000000000
00000000000000000000000000000000000000000000000000000000000000000000000000000000
00000000000000000000000000000000000000000000000000000000000000000000000000000000
