00000000000000000000000000000000000000000000000000000000000000000000000000000000
00000000000000000000000000000000000000000000000000000000000000000000000000000000
00000000000000000000000000000000000000000000000000000000000000000000000000000000
00000000000000000000000000000000000000000000000000000000000000000000000000000000
00000000000000000000000000000000000000000000000000000000000000000000000000000000
00000000000000000000000000000000000000000000000000000000000000000000000000000000
00000000000000000000000000000000000000000000000000000000000000000000000000000000
00000000000000000000000000000000000000000000000000000000000000000000000000000000
00000000000000000000000000000000000000000000000000000000000000000000000000000000
00000000000000000000000000000000000000000000000000000000000000000000000000000000
00000000000000000000000000000000000000000000000000000000000000000000000000000000
00000000000000000000000000000000000000000000000000000000000000000000000000000000
00000000000000000000000000000000000000000000000110000000000000000000000000000000
00000000000000000000000000000000000000000000000011000000000000000000000000000000
00000000000000000000000000000000000000000000000001100000000000000000000000000000
00000000000000000000000000000000000000000000000000000000000000000000000000000000
00000000000000000000000000000000000000000000000000000011100000000000000000000000
00000000000000000000000000000000000000000010000011111100010000000000000000000000
00000000000000000000000000000000000000000111111100000000110000000000000000000000
00000000000000000000000000000000000000000010000000000011000000000000000000000000
00000000000000000000000000000000000000000110000001001111000000000000000000000000
00000000000000000000000000000000000000000100011111111000000000000000000000000000
00000000000000000000000000000000000000000100000011110000000000000000000000000000
00000000000000000000000000000000000000000100000010011000000000000000000000000000
00000000000000000000000000000000000000000100000110011000000100000000000000000000
00000000000000000000000000000000000000000100000100011100001100000000000000000000
00000000000000000000000000000000000000000000001000110100011000000000000000000000
00000000000000000000000000000000000000000000110000100010110000000000000000000000
00000000000000000000000000000000000000000111000001000110000000000000000000000000
00000000000000000000000000000000000000000000000011000110000000000000000000000000
00000000000000000000000000000000000000000000000110000111000000000000000000000000
00000000000000000000000000000000000000000000001000001111100000000000000000000000
00000000000000000000000000000000000000000000000000001001110000000000000000000000
00000000000000000000000000000000000000000000000000010001011000000000000000000000
00000000000000000000000000000000000000000000000000110001001100000000000000000000
00000000000000000000000000000000000000000000000011100001000111100000000000000000
00000000000000000000000000000000000000000000000111000001000000000000000000000000
00000000000000000000000000000000000000000000000001000001000000000000000000000000
00000000000000000000000000000000000000000000000001100010000000000000000000000000
00000000000000000000000000000000000000000000000000111110000000000000000000000000
00000000000000000000000000000000000000000000000000000000000000000000000000000000
00000000000000000000000000000000000000000000000000000000000000000000000000000000
00000000000000000000000000000000000000000000000000000000000000000000000000000000
00000000000000000000000000000000000000000000000000000000000000000000000000000000
00000000000000000000000000000000000000000000000000000000000000000000000000000000
00000000000000000000000000000000000000000000000000000000000000000000000000000000
00000000000000000000000000000000000000000000000000000000000000000000000000000000
00000000000000000000000000000000000000000000000000000000000000000000000000000000
00000000000000000000000000000000000000000000000000000000000000000000000000000000
00000000000000000000000000000000000000000000000000000000000000000000000000000000
00000000000000000000000000000000000000000000000000000000000000000000000000000000
00000000000000000000000000000000000000000000000000000000000000000000000000000000
00000000000000000000000000000000000000000000000000000000000000000000000000000000
00000000000000000000000000000000000000000000000000000000000000000000000000000000
00000000000000000000000000000000000000000000000000000000000000000000000000000000
00000000000000000000000000000000000000000000000000000000000000000000000000000000
00000000000000000000000000000000000000000000000000000000000000000000000000000000
00000000000000000000000000000000000000000000000000000000000000000000000000000000
00000000000000000000000000000000000000000000000000000000000000000000000000000000
00000000000000000000000000000000000000000000000000000000000000000000000000000000
