00000000000000000000000000000000000000000000000000000000000000000000000000000000
00000000000000000000000000000000000000000000000000000000000000000000000000000000
00000000000000000000000000000000000000000000000000000000000000000000000000000000
00000000000000000000000000000000000000000000000000000000000000000000000000000000
00000000000000000000000000000000000000000000000000000000000000000000000000000000
00000000000000000000000000000000000000000000000000000000000000000000000000000000
00000000000000000000000000000000000000000000000000000000000000000000000000000000
00000000000000000000000000000000000000000000000000000000000000000000000000000000
00000000000000000000000000000000000000000000000000000000000000000000000000000000
00000000000000000000000000000000000000000000000000000000000000000000000000000000
00000000000000000000000000000000000000000000000000000000000000000000000000000000
00000000000000000000000000000000000000000000000000000000000000000000000000000000
00000000000000000000000000000000000110000000000000000000000000000000000000000000
00000000000000000000000000000000000011000000000000000000000000000000000000000000
00000000000000000000000000000000000001100000000000000000000000000000000000000000
00000000000000000000000000000000000000011000000000000000000000000000000000000000
00000000000000000000000000000000000000001100000000000000000000000000000000000000
00000000000000000000000000000010000000000011111000000000000000000000000000000000
00000000000000000000000000000010000011111110000100000000000000000000000000000000
00000000000000000000000000000011111100000000001100000000000000000000000000000000
00000000000000000000000000000010000000000000011000000000000000000000000000000000
00000000000000000000000000000110000000000000000000000000000000000000000000000000
00000000000000000000000000000100000011111111100000000000000000000000000000000000
00000000000000000000000000000100000000001000000000000000000000000000000000000000
00000000000000000000000000000100000000011000000000000000000000000000000000000000
00000000000000000000000000000100000000111000000000000000000000000000000000000000
00000000000000000000000000001100000001101100000000000000000000000000000000000000
00000000000000000000000000001000000011000100000010000000000000000000000000000000
00000000000000000000000000011000011110010100000100000000000000000000000000000000
00000000000000000000000000000001110000110110001100000000000000000000000000000000
00000000000000000000000000000000000001100010011000000000000000000000000000000000
00000000000000000000000000000000000011000111110000000000000000000000000000000000
00000000000000000000000000000000001100000111111000000000000000000000000000000000
00000000000000000000000000000000011000001111001100000000000000000000000000000000
00000000000000000000000000000000000000011001000110000000000000000000000000000000
00000000000000000000000000000000000000100001000001100000000000000000000000000000
00000000000000000000000000000000000001100001000000110000000000000000000000000000
00000000000000000000000000000000000111000001000000001110000000000000000000000000
00000000000000000000000000000000011100100001000000000011111111100000000000000000
00000000000000000000000000000000000000110011000000000000000000000000000000000000
00000000000000000000000000000000000000011110000000000000000000000000000000000000
00000000000000000000000000000000000000000000000000000000000000000000000000000000
00000000000000000000000000000000000000000000000000000000000000000000000000000000
00000000000000000000000000000000000000000000000000000000000000000000000000000000
00000000000000000000000000000000000000000000000000000000000000000000000000000000
00000000000000000000000000000000000000000000000000000000000000000000000000000000
00000000000000000000000000000000000000000000000000000000000000000000000000000000
00000000000000000000000000000000000000000000000000000000000000000000000000000000
00000000000000000000000000000000000000000000000000000000000000000000000000000000
00000000000000000000000000000000000000000000000000000000000000000000000000000000
00000000000000000000000000000000000000000000000000000000000000000000000000000000
00000000000000000000000000000000000000000000000000000000000000000000000000000000
00000000000000000000000000000000000000000000000000000000000000000000000000000000
00000000000000000000000000000000000000000000000000000000000000000000000000000000
00000000000000000000000000000000000000000000000000000000000000000000000000000000
00000000000000000000000000000000000000000000000000000000000000000000000000000000
00000000000000000000000000000000000000000000000000000000000000000000000000000000
00000000000000000000000000000000000000000000000000000000000000000000000000000000
00000000000000000000000000000000000000000000000000000000000000000000000000000000
00000000000000000000000000000000000000000000000000000000000000000000000000000000
