00000000000000000000000000000000000000000000000000000000000000000000000000000000
00000000000000000000000000000000000000000000000000000000000000000000000000000000
00000000000000000000000000000000000000000000000000000000000000000000000000000000
00000000000000000000000000000000000000000000000000000000000000000000000000000000
00000000000000000000000000000000000000000000000000000000000000000000000000000000
00000000000000000000000000000000000000000000000000000000000000000000000000000000
00000000000000000000000000000000000000000000000000000000000000000000000000000000
00000000000000000000000000000000000000000000000000000000000000000000000000000000
00000000000000000000000000000000000000000000000000000000000000000000000000000000
00000000000000000000000000000000000000000000000000000000000000000000000000000000
00000000000000000000000000000000000000000000000000000000000000000000000000000000
00000000000000000000000000000000000000000000000000000000000000000000000000000000
00000000000000000000000000000000001000000000000000000000000000000000000000000000
00000000000000000000000000000000001100000000000000000000000000000000000000000000
00000000000000000000000000000000000100000000000000000000000000000000000000000000
00000000000000000000000000000000000110000000111000000000000000000000000000000000
00000000000000000000000000111111111111111111101000000000000000000000000000000000
00000000000000000000000000100000000000000000001000000000000000000000000000000000
00000000000000000000000000100000000000000000010000000000000000000000000000000000
00000000000000000000000000100000000000000001100000000000000000000000000000000000
00000000000000000000000000100000111111110110000000000000000000000000000000000000
00000000000000000000000000100000001100000000000000000000000000000000000000000000
00000000000000000000000000100000011000000000010000000000000000000000000000000000
00000000000000000000000000100001100110000000110000000000000000000000000000000000
00000000000000000000000000100011000011000011000000000000000000000000000000000000
00000000000000000000000000100110001001100110000000000000000000000000000000000000
00000000000000000000000000101100010000111100000000000000000000000000000000000000
00000000000000000000000000100000110011011100000000000000000000000000000000000000
00000000000000000000000000000001100110001011000000000000000000000000000000000000
00000000000000000000000000000011000100001001110000000000000000000000000000000000
00000000000000000000000000000010001000001000011100000000000000000000000000000000
00000000000000000000000000001100011000001000000111111000000000000000000000000000
00000000000000000000000000111000110000001000000000000000000000000000000000000000
00000000000000000000000000110001100000001000000000000000000000000000000000000000
00000000000000000000000000000011010000001000000000000000000000000000000000000000
00000000000000000000000000000110010000011000000000000000000000000000000000000000
00000000000000000000000000000000001000110000000000000000000000000000000000000000
00000000000000000000000000000000001111000000000000000000000000000000000000000000
00000000000000000000000000000000000000000000000000000000000000000000000000000000
00000000000000000000000000000000000000000000000000000000000000000000000000000000
00000000000000000000000000000000000000000000000000000000000000000000000000000000
00000000000000000000000000000000000000000000000000000000000000000000000000000000
00000000000000000000000000000000000000000000000000000000000000000000000000000000
00000000000000000000000000000000000000000000000000000000000000000000000000000000
00000000000000000000000000000000000000000000000000000000000000000000000000000000
00000000000000000000000000000000000000000000000000000000000000000000000000000000
00000000000000000000000000000000000000000000000000000000000000000000000000000000
00000000000000000000000000000000000000000000000000000000000000000000000000000000
00000000000000000000000000000000000000000000000000000000000000000000000000000000
00000000000000000000000000000000000000000000000000000000000000000000000000000000
00000000000000000000000000000000000000000000000000000000000000000000000000000000
00000000000000000000000000000000000000000000000000000000000000000000000000000000
00000000000000000000000000000000000000000000000000000000000000000000000000000000
00000000000000000000000000000000000000000000000000000000000000000000000000000000
00000000000000000000000000000000000000000000000000000000000000000000000000000000
00000000000000000000000000000000000000000000000000000000000000000000000000000000
00000000000000000000000000000000000000000000000000000000000000000000000000000000
00000000000000000000000000000000000000000000000000000000000000000000000000000000
00000000000000000000000000000000000000000000000000000000000000000000000000000000
00000000000000000000000000000000000000000000000000000000000000000000000000000000
