00000000000000000000000000000000000000000000000000000000000000000000000000000000
00000000000000000000000000000000000000000000000000000000000000000000000000000000
00000000000000000000000000000000000000000000000000000000000000000000000000000000
00000000000000000000000000000000000000000000000000000000000000000000000000000000
00000000000000000000000000000000000000000000000000000000000000000000000000000000
00000000000000000000000000000000000000000000000000000000000000000000000000000000
00000000000000000000000000000000000000000000000000000000000000000000000000000000
00000000000000000000000000000000000000000000000000000000000000000000000000000000
00000000000000000000000000000001000000000000000000000000000000000000000000000000
00000000000000000000000000000001100000000000000000000000000000000000000000000000
00000000000000000000000000000000011000000000000000000000000000000000000000000000
00000000000000000000000000000000001100000000000000000000000000000000000000000000
00000000000000000000000001100000111111111000000000000000000000000000000000000000
00000000000000000000000001111111000000001000000000000000000000000000000000000000
00000000000000000000000001000000000000011000000000000000000000000000000000000000
00000000000000000000000001000000000000110000000000000000000000000000000000000000
00000000000000000000000001000011111111100000000000000000000000000000000000000000
00000000000000000000000001000001100000000000000000000000000000000000000000000000
00000000000000000000000001000011110000000000010000000000000000000000000000000000
00000000000000000000000001000110011000000000110000000000000000000000000000000000
00000000000000000000000001001100001100000001100000000000000000000000000000000000
00000000000000000000000000110000000110000011000000000000000000000000000000000000
00000000000000000000000111000000000011000110000000000000000000000000000000000000
00000000000000000000000000000000100001101100000000000000000000000000000000000000
00000000000000000000000000000001100000111100000000000000000000000000000000000000
00000000000000000000000000000011001000010111000000000000000000000000000000000000
00000000000000000000000000000010001000010001110000000000000000000000000000000000
00000000000000000000000000000100001000010000011100000000000000000000000000000000
00000000000000000000000000001000011000010000000111000000000000000000000000000000
00000000000000000000000000110000010000010000000000110000000000000000000000000000
00000000000000000000000000000000100000010000000000001100000000000000000000000000
00000000000000000000000000000001100000010000000000000011000000000000000000000000
00000000000000000000000000000011100000010000000000000001110000000000000000000000
00000000000000000000000000011100010000110000000000000000001100000000000000000000
00000000000000000000000000000000011011100000000000000000000000000000000000000000
00000000000000000000000000000000001110000000000000000000000000000000000000000000
00000000000000000000000000000000000000000000000000000000000000000000000000000000
00000000000000000000000000000000000000000000000000000000000000000000000000000000
00000000000000000000000000000000000000000000000000000000000000000000000000000000
00000000000000000000000000000000000000000000000000000000000000000000000000000000
00000000000000000000000000000000000000000000000000000000000000000000000000000000
00000000000000000000000000000000000000000000000000000000000000000000000000000000
00000000000000000000000000000000000000000000000000000000000000000000000000000000
00000000000000000000000000000000000000000000000000000000000000000000000000000000
00000000000000000000000000000000000000000000000000000000000000000000000000000000
00000000000000000000000000000000000000000000000000000000000000000000000000000000
00000000000000000000000000000000000000000000000000000000000000000000000000000000
00000000000000000000000000000000000000000000000000000000000000000000000000000000
00000000000000000000000000000000000000000000000000000000000000000000000000000000
00000000000000000000000000000000000000000000000000000000000000000000000000000000
00000000000000000000000000000000000000000000000000000000000000000000000000000000
00000000000000000000000000000000000000000000000000000000000000000000000000000000
00000000000000000000000000000000000000000000000000000000000000000000000000000000
00000000000000000000000000000000000000000000000000000000000000000000000000000000
00000000000000000000000000000000000000000000000000000000000000000000000000000000
00000000000000000000000000000000000000000000000000000000000000000000000000000000
00000000000000000000000000000000000000000000000000000000000000000000000000000000
00000000000000000000000000000000000000000000000000000000000000000000000000000000
00000000000000000000000000000000000000000000000000000000000000000000000000000000
00000000000000000000000000000000000000000000000000000000000000000000000000000000
