00000000000000000000000000000000000000000000000000000000000000000000000000000000
00000000000000000000000000000000000000000000000000000000000000000000000000000000
00000000000000000000000000000000000000000000000000000000000000000000000000000000
00000000000000000000000000000000000000000000000000000000000000000000000000000000
00000000000000000000000000000000000000000000000000000000000000000000000000000000
00000000000000000000000000000000000000000000000000000000000000000000000000000000
00000000000000000000000000000000000000000000000000000000000000000000000000000000
00000000000000000000000000000000000000000000000000000000000000000000000000000000
00000000000000000000000000000000000000000000000000000000000000000000000000000000
00000000000000000000000000000000000000000000000000000000000000000000000000000000
00000000000000000000000000000000000000000000000000000000000000000000000000000000
00000000000000000000000000000000001100000000000000000000000000000000000000000000
00000000000000000000000000000000000110000000000000000000000000000000000000000000
00000000000000000000000000000000000011100000000000000000000000000000000000000000
00000000000000000000000000000000000000110000000000000000000000000000000000000000
00000000000000000000000000000000000000000000000000000000000000000000000000000000
00000000000000000000000000000000000011111111000000000000000000000000000000000000
00000000000000000000000000000101111100000001100000000000000000000000000000000000
00000000000000000000000000001110000000000000100000000000000000000000000000000000
00000000000000000000000000001000000000000000100000000000000000000000000000000000
00000000000000000000000000001000000000000001100000000000000000000000000000000000
00000000000000000000000000001000011111111000000000000000000000000000000000000000
00000000000000000000000000001000000100000000000000000000000000000000000000000000
00000000000000000000000000001000001110000000000000000000000000000000000000000000
00000000000000000000000000001000011011000000001100000000000000000000000000000000
00000000000000000000000000001000110001100001110000000000000000000000000000000000
00000000000000000000000000001001101000101111000000000000000000000000000000000000
00000000000000000000000000001111001000111000000000000000000000000000000000000000
00000000000000000000000000000100011001011000000000000000000000000000000000000000
00000000000000000000000000000000110011010100000000000000000000000000000000000000
00000000000000000000000000000000100010010011000000000000000000000000000000000000
00000000000000000000000000000001100110010001111111111000000000000000000000000000
00000000000000000000000000000011001100010000000000000000000000000000000000000000
00000000000000000000000000000110011100010000000000000000000000000000000000000000
00000000000000000000000000000000010100110000000000000000000000000000000000000000
00000000000000000000000000000000100111100000000000000000000000000000000000000000
00000000000000000000000000000000000000000000000000000000000000000000000000000000
00000000000000000000000000000000000000000000000000000000000000000000000000000000
00000000000000000000000000000000000000000000000000000000000000000000000000000000
00000000000000000000000000000000000000000000000000000000000000000000000000000000
00000000000000000000000000000000000000000000000000000000000000000000000000000000
00000000000000000000000000000000000000000000000000000000000000000000000000000000
00000000000000000000000000000000000000000000000000000000000000000000000000000000
00000000000000000000000000000000000000000000000000000000000000000000000000000000
00000000000000000000000000000000000000000000000000000000000000000000000000000000
00000000000000000000000000000000000000000000000000000000000000000000000000000000
00000000000000000000000000000000000000000000000000000000000000000000000000000000
00000000000000000000000000000000000000000000000000000000000000000000000000000000
00000000000000000000000000000000000000000000000000000000000000000000000000000000
00000000000000000000000000000000000000000000000000000000000000000000000000000000
00000000000000000000000000000000000000000000000000000000000000000000000000000000
00000000000000000000000000000000000000000000000000000000000000000000000000000000
00000000000000000000000000000000000000000000000000000000000000000000000000000000
00000000000000000000000000000000000000000000000000000000000000000000000000000000
00000000000000000000000000000000000000000000000000000000000000000000000000000000
00000000000000000000000000000000000000000000000000000000000000000000000000000000
00000000000000000000000000000000000000000000000000000000000000000000000000000000
00000000000000000000000000000000000000000000000000000000000000000000000000000000
00000000000000000000000000000000000000000000000000000000000000000000000000000000
00000000000000000000000000000000000000000000000000000000000000000000000000000000
