00000000000000000000000000000000000000000000000000000000000000000000000000000000
00000000000000000000000000000000000000000000000000000000000000000000000000000000
00000000000000000000000000000000000000000000000000000000000000000000000000000000
00000000000000000000000000000000000000000000000000000000000000000000000000000000
00000000000000000000000000000000000000000000000000000000000000000000000000000000
00000000000000000000000000000000000000000000000000000000000000000000000000000000
00000000000000000000000000000000000000000000000000000000000000000000000000000000
00000000000000000000000000000000000000000000000000000000000000000000000000000000
00000000000000000000000000000000000000000000000000000000000000000000000000000000
00000000000000000000000000000000000000000000000000000000000000000000000000000000
00000000000000000000000000000000100000000000000000000000000000000000000000000000
00000000000000000000000000000000111000000000000000000000000000000000000000000000
00000000000000000000000000000000001110000000000000000000000000000000000000000000
00000000000000000000000000000000000011000000000000000000000000000000000000000000
00000000000000000000000000000000000000000000000000000000000000000000000000000000
00000000000000000000000000000111111111111111110000000000000000000000000000000000
00000000000000000000000000000110000000000000110000000000000000000000000000000000
00000000000000000000000000000100000000000001100000000000000000000000000000000000
00000000000000000000000000000100000000000000000000000000000000000000000000000000
00000000000000000000000000001001111111111100000000000000000000000000000000000000
00000000000000000000000000001000000010000000000000000000000000000000000000000000
00000000000000000000000000010000000010000000000000000000000000000000000000000000
00000000000000000000000000010000000111000000000100000000000000000000000000000000
00000000000000000000000000110000001101100000001100000000000000000000000000000000
00000000000000000000000000100000001000110000111000000000000000000000000000000000
00000000000000000000000000000000010010010011100000000000000000000000000000000000
00000000000000000000000000000000100110011010000000000000000000000000000000000000
00000000000000000000000000000001100100011100000000000000000000000000000000000000
00000000000000000000000000000111001000010101000000000000000000000000000000000000
00000000000000000000000000000000110000100100110000000000000000000000000000000000
00000000000000000000000000000011100001100100011000000000000000000000000000000000
00000000000000000000000000000110000011000100000100000000000000000000000000000000
00000000000000000000000000000000000110000100000011000000000000000000000000000000
00000000000000000000000000000000011100000100000000100000000000000000000000000000
00000000000000000000000000000011100000001100000000011000000000000000000000000000
00000000000000000000000000000000000110011000000000001100000000000000000000000000
00000000000000000000000000000000000011110000000000000011100000000000000000000000
00000000000000000000000000000000000011000000000000000000011110000000000000000000
00000000000000000000000000000000000000000000000000000000000000000000000000000000
00000000000000000000000000000000000000000000000000000000000000000000000000000000
00000000000000000000000000000000000000000000000000000000000000000000000000000000
00000000000000000000000000000000000000000000000000000000000000000000000000000000
00000000000000000000000000000000000000000000000000000000000000000000000000000000
00000000000000000000000000000000000000000000000000000000000000000000000000000000
00000000000000000000000000000000000000000000000000000000000000000000000000000000
00000000000000000000000000000000000000000000000000000000000000000000000000000000
00000000000000000000000000000000000000000000000000000000000000000000000000000000
00000000000000000000000000000000000000000000000000000000000000000000000000000000
00000000000000000000000000000000000000000000000000000000000000000000000000000000
00000000000000000000000000000000000000000000000000000000000000000000000000000000
00000000000000000000000000000000000000000000000000000000000000000000000000000000
00000000000000000000000000000000000000000000000000000000000000000000000000000000
00000000000000000000000000000000000000000000000000000000000000000000000000000000
00000000000000000000000000000000000000000000000000000000000000000000000000000000
00000000000000000000000000000000000000000000000000000000000000000000000000000000
00000000000000000000000000000000000000000000000000000000000000000000000000000000
00000000000000000000000000000000000000000000000000000000000000000000000000000000
00000000000000000000000000000000000000000000000000000000000000000000000000000000
00000000000000000000000000000000000000000000000000000000000000000000000000000000
00000000000000000000000000000000000000000000000000000000000000000000000000000000
