00000000000000000000000000000000000000000000000000000000000000000000000000000000
00000000000000000000000000000000000000000000000000000000000000000000000000000000
00000000000000000000000000000000000000000000000000000000000000000000000000000000
00000000000000000000000000000000000000000000000000000000000000000000000000000000
00000000000000000000000000000000000000000000000000000000000000000000000000000000
00000000000000000000000000000000000000000000000000000000000000000000000000000000
00000000000000000000000000000000000000000000000000000000000000000000000000000000
00000000000000000000000000000000000000000000000000000000000000000000000000000000
00000000000000000000000000000000100000000000000000000000000000000000000000000000
00000000000000000000000000000000110000000000000000000000000000000000000000000000
00000000000000000000000000000000011000000000000000000000000000000000000000000000
00000000000000000000000000000000001100000000000000000000000000000000000000000000
00000000000000000000000000000000000000001111111000000000000000000000000000000000
00000000000000000000000000000000000111110000001000000000000000000000000000000000
00000000000000000000000001001111111000000000010000000000000000000000000000000000
00000000000000000000000011111000000000000000110000000000000000000000000000000000
00000000000000000000000001000000000000000011100000000000000000000000000000000000
00000000000000000000000001000000000000000000000000000000000000000000000000000000
00000000000000000000000010000001111111111110000000000000000000000000000000000000
00000000000000000000000010000000000010000000000000000000000000000000000000000000
00000000000000000000000010000000000110000000000000000000000000000000000000000000
00000000000000000000000010000000001100100000000000000000000000000000000000000000
00000000000000000000000110000000011000110000000100000000000000000000000000000000
00000000000000000000000000000001100000011000000100000000000000000000000000000000
00000000000000000000000000011110000001001000001100000000000000000000000000000000
00000000000000000000000000000000000010001000011000000000000000000000000000000000
00000000000000000000000000000000000110001010110000000000000000000000000000000000
00000000000000000000000000000000001100100111000000000000000000000000000000000000
00000000000000000000000000000000011000100101100000000000000000000000000000000000
00000000000000000000000000000011110001100100110000000000000000000000000000000000
00000000000000000000000000000010000001000100001000000000000000000000000000000000
00000000000000000000000000000000000011000100000110000000000000000000000000000000
00000000000000000000000000000000000110000100000011000000000000000000000000000000
00000000000000000000000000000000011110000100000000110000000000000000000000000000
00000000000000000000000000000011110001111000000000011111100000000000000000000000
00000000000000000000000000000000000000000000000000000000010000000000000000000000
00000000000000000000000000000000000000000000000000000000000000000000000000000000
00000000000000000000000000000000000000000000000000000000000000000000000000000000
00000000000000000000000000000000000000000000000000000000000000000000000000000000
00000000000000000000000000000000000000000000000000000000000000000000000000000000
00000000000000000000000000000000000000000000000000000000000000000000000000000000
00000000000000000000000000000000000000000000000000000000000000000000000000000000
00000000000000000000000000000000000000000000000000000000000000000000000000000000
00000000000000000000000000000000000000000000000000000000000000000000000000000000
00000000000000000000000000000000000000000000000000000000000000000000000000000000
00000000000000000000000000000000000000000000000000000000000000000000000000000000
00000000000000000000000000000000000000000000000000000000000000000000000000000000
00000000000000000000000000000000000000000000000000000000000000000000000000000000
00000000000000000000000000000000000000000000000000000000000000000000000000000000
00000000000000000000000000000000000000000000000000000000000000000000000000000000
00000000000000000000000000000000000000000000000000000000000000000000000000000000
00000000000000000000000000000000000000000000000000000000000000000000000000000000
00000000000000000000000000000000000000000000000000000000000000000000000000000000
00000000000000000000000000000000000000000000000000000000000000000000000000000000
00000000000000000000000000000000000000000000000000000000000000000000000000000000
00000000000000000000000000000000000000000000000000000000000000000000000000000000
00000000000000000000000000000000000000000000000000000000000000000000000000000000
00000000000000000000000000000000000000000000000000000000000000000000000000000000
00000000000000000000000000000000000000000000000000000000000000000000000000000000
00000000000000000000000000000000000000000000000000000000000000000000000000000000
