00000000000000000000000000000000000000000000000000000000000000000000000000000000
00000000000000000000000000000000000000000000000000000000000000000000000000000000
00000000000000000000000000000000000000000000000000000000000000000000000000000000
00000000000000000000000000000000000000000000000000000000000000000000000000000000
00000000000000000000000000000000000000000000000000000000000000000000000000000000
00000000000000000000000000000000000000000000000000000000000000000000000000000000
00000000000000000000000000000000000000000000000000000000000000000000000000000000
00000000000000000000000000000000000000000000000000000000000000000000000000000000
00000000000000000000000000000000000000000000000000000000000000000000000000000000
00000000000000000000000000000000000000000000000000000000000000000000000000000000
00000000000000000000000000000000000000000000000000000000000000000000000000000000
00000000000000000000000000000000000000000000000000000000000000000000000000000000
00000000000000000000000000000000000011000000000000000000000000000000000000000000
00000000000000000000000000000000000000110000000000000000000000000000000000000000
00000000000000000000000000000000000000011000000000000000000000000000000000000000
00000000000000000000000000000000000000001110000000000000000000000000000000000000
00000000000000000000000000000000000000000010000000000000000000000000000000000000
00000000000000000000000000000000000000000111111111110000000000000000000000000000
00000000000000000000000000000000100111111100000000010000000000000000000000000000
00000000000000000000000000000001111100000000000000110000000000000000000000000000
00000000000000000000000000000000100000000000000000000000000000000000000000000000
00000000000000000000000000000000100000000100001100000000000000000000000000000000
00000000000000000000000000000000100011111111111000000000000000000000000000000000
00000000000000000000000000000001100000001100000000000000000000000000000000000000
00000000000000000000000000000001000000011110000000001000000000000000000000000000
00000000000000000000000000000001000000110010000000010000000000000000000000000000
00000000000000000000000000000001000001010011000001100000000000000000000000000000
00000000000000000000000000000001000110010001000011000000000000000000000000000000
00000000000000000000000000000011111100010001101110000000000000000000000000000000
00000000000000000000000000000001000000100011111000000000000000000000000000000000
00000000000000000000000000000000000001100010101000000000000000000000000000000000
00000000000000000000000000000000000011000100100100000000000000000000000000000000
00000000000000000000000000000000011110001000100011000000000000000000000000000000
00000000000000000000000000000000000000110000100001100000000000000000000000000000
00000000000000000000000000000000000001110000100000110000000000000000000000000000
00000000000000000000000000000000000011011000100000001100000000000000000000000000
00000000000000000000000000000000001100001111100000000111100000000000000000000000
00000000000000000000000000000000000000000000000000000000011100000000000000000000
00000000000000000000000000000000000000000000000000000000000010000000000000000000
00000000000000000000000000000000000000000000000000000000000000000000000000000000
00000000000000000000000000000000000000000000000000000000000000000000000000000000
00000000000000000000000000000000000000000000000000000000000000000000000000000000
00000000000000000000000000000000000000000000000000000000000000000000000000000000
00000000000000000000000000000000000000000000000000000000000000000000000000000000
00000000000000000000000000000000000000000000000000000000000000000000000000000000
00000000000000000000000000000000000000000000000000000000000000000000000000000000
00000000000000000000000000000000000000000000000000000000000000000000000000000000
00000000000000000000000000000000000000000000000000000000000000000000000000000000
00000000000000000000000000000000000000000000000000000000000000000000000000000000
00000000000000000000000000000000000000000000000000000000000000000000000000000000
00000000000000000000000000000000000000000000000000000000000000000000000000000000
00000000000000000000000000000000000000000000000000000000000000000000000000000000
00000000000000000000000000000000000000000000000000000000000000000000000000000000
00000000000000000000000000000000000000000000000000000000000000000000000000000000
00000000000000000000000000000000000000000000000000000000000000000000000000000000
00000000000000000000000000000000000000000000000000000000000000000000000000000000
00000000000000000000000000000000000000000000000000000000000000000000000000000000
00000000000000000000000000000000000000000000000000000000000000000000000000000000
00000000000000000000000000000000000000000000000000000000000000000000000000000000
00000000000000000000000000000000000000000000000000000000000000000000000000000000
