00000000000000000000000000000000000000000000000000000000000000000000000000000000
00000000000000000000000000000000000000000000000000000000000000000000000000000000
00000000000000000000000000000000000000000000000000000000000000000000000000000000
00000000000000000000000000000000000000000000000000000000000000000000000000000000
00000000000000000000000000000000000000000000000000000000000000000000000000000000
00000000000000000000000000000000000000000000000000000000000000000000000000000000
00000000000000000000000000000000000000000000000000000000000000000000000000000000
00000000000000000000000000000000000000000000000000000000000000000000000000000000
00000000000000000000000000000000000000000000000000000000000000000000000000000000
00000000000000000000000000000000000000000000000000000000000000000000000000000000
00000000000000000000000000000000000000000000000000000000000000000000000000000000
00000000000000000000000000000000000000000000000000000000000000000000000000000000
00000000000000000000000000000000000011000000000000000000000000000000000000000000
00000000000000000000000000000000000001100000000000000000000000000000000000000000
00000000000000000000000000000000000000110000000000000000000000000000000000000000
00000000000000000000000000000000000000011000000000000000000000000000000000000000
00000000000000000000000000000000000000001000000000000000000000000000000000000000
00000000000000000000000000000000000000000000000000000000000000000000000000000000
00000000000000000000000000000010000111111111111100000000000000000000000000000000
00000000000000000000000000000011111000000000001100000000000000000000000000000000
00000000000000000000000000000010000000000000011000000000000000000000000000000000
00000000000000000000000000000010000000000000000000000000000000000000000000000000
00000000000000000000000000000010000001111111100000000000000000000000000000000000
00000000000000000000000000000010111111100000000000000000000000000000000000000000
00000000000000000000000000000010000011100000000000000000000000000000000000000000
00000000000000000000000000000010000010110000000001000000000000000000000000000000
00000000000000000000000000000010000110110000000011000000000000000000000000000000
00000000000000000000000000000010001100111010001100000000000000000000000000000000
00000000000000000000000000000010011001001011011000000000000000000000000000000000
00000000000000000000000000000010110011001001100000000000000000000000000000000000
00000000000000000000000000000011000110001110110000000000000000000000000000000000
00000000000000000000000000000000001100001100011000000000000000000000000000000000
00000000000000000000000000000000011000011100001100000000000000000000000000000000
00000000000000000000000000000001101000010100000010000000000000000000000000000000
00000000000000000000000000000011000100100100000001100000000000000000000000000000
00000000000000000000000000000000000101100100000000110000000000000000000000000000
00000000000000000000000000000000000111000100000000001100000000000000000000000000
00000000000000000000000000000000000110000100000000000111100000000000000000000000
00000000000000000000000000000011111010001100000000000000111111000000000000000000
00000000000000000000000000000000000011011000000000000000000000000000000000000000
00000000000000000000000000000000000001110000000000000000000000000000000000000000
00000000000000000000000000000000000000000000000000000000000000000000000000000000
00000000000000000000000000000000000000000000000000000000000000000000000000000000
00000000000000000000000000000000000000000000000000000000000000000000000000000000
00000000000000000000000000000000000000000000000000000000000000000000000000000000
00000000000000000000000000000000000000000000000000000000000000000000000000000000
00000000000000000000000000000000000000000000000000000000000000000000000000000000
00000000000000000000000000000000000000000000000000000000000000000000000000000000
00000000000000000000000000000000000000000000000000000000000000000000000000000000
00000000000000000000000000000000000000000000000000000000000000000000000000000000
00000000000000000000000000000000000000000000000000000000000000000000000000000000
00000000000000000000000000000000000000000000000000000000000000000000000000000000
00000000000000000000000000000000000000000000000000000000000000000000000000000000
00000000000000000000000000000000000000000000000000000000000000000000000000000000
00000000000000000000000000000000000000000000000000000000000000000000000000000000
00000000000000000000000000000000000000000000000000000000000000000000000000000000
00000000000000000000000000000000000000000000000000000000000000000000000000000000
00000000000000000000000000000000000000000000000000000000000000000000000000000000
00000000000000000000000000000000000000000000000000000000000000000000000000000000
00000000000000000000000000000000000000000000000000000000000000000000000000000000
