00000000000000000000000000000000000000000000000000000000000000000000000000000000
00000000000000000000000000000000000000000000000000000000000000000000000000000000
00000000000000000000000000000000000000000000000000000000000000000000000000000000
00000000000000000000000000000000000000000000000000000000000000000000000000000000
00000000000000000000000000000000000000000000000000000000000000000000000000000000
00000000000000000000000000000000000000000000000000000000000000000000000000000000
00000000000000000000000000000000000000000000000000000000000000000000000000000000
00000000000000000000000000000000000000000000000000000000000000000000000000000000
00000000000000000000000000000000000000000000000000000000000000000000000000000000
00000000000000000000000000000000000000000000000000000000000000000000000000000000
00000000000000000000000000000000000000000000000000000000000000000000000000000000
00000000000000000000000000000000000000000000000000000000000000000000000000000000
00000000000000000000000000000000000000000000000000000000000000000000000000000000
00000000000000000000000000000000000000000000000000000000000000000000000000000000
00000000000000000000000000000000000000110000000000000000000000000000000000000000
00000000000000000000000000000000000000011000000000000000000000000000000000000000
00000000000000000000000000000000000000001100000000000000000000000000000000000000
00000000000000000000000000000000000000000110000000000000000000000000000000000000
00000000000000000000000000000000000000000011000000000000000000000000000000000000
00000000000000000000000000000000000000000001000000000000000000000000000000000000
00000000000000000000000000000000000111111111110000000000000000000000000000000000
00000000000000000000000000000000111100000000011111000000000000000000000000000000
00000000000000000000000000000011100000000000000001000000000000000000000000000000
00000000000000000000000000000010000000000000000001000000000000000000000000000000
00000000000000000000000000000010000000000000001111000000000000000000000000000000
00000000000000000000000000000010000111111110000000000000000000000000000000000000
00000000000000000000000000000010000000001000000000000000000000000000000000000000
00000000000000000000000000000010000000111100000000000000000000000000000000000000
00000000000000000000000000000010000001100100000000000000000000000000000000000000
00000000000000000000000000000010000011000010000000011000000000000000000000000000
00000000000000000000000000000010000110000011000000110000000000000000000000000000
00000000000000000000000000000010111000001001000001100000000000000000000000000000
00000000000000000000000000000011100000001001000011000000000000000000000000000000
00000000000000000000000000000001000000011001100110000000000000000000000000000000
00000000000000000000000000000001000000010000101100000000000000000000000000000000
00000000000000000000000000000000000000100000111000000000000000000000000000000000
00000000000000000000000000000000000001000100101100000000000000000000000000000000
00000000000000000000000000000000000011000100100111000000000000000000000000000000
00000000000000000000000000000000000110001000100001110000000000000000000000000000
00000000000000000000000000000000001100011000100000011100000000000000000000000000
00000000000000000000000000000000111000010000100000000111000000000000000000000000
00000000000000000000000000000000000000100000100000000001110000000000000000000000
00000000000000000000000000000000000001100000100000000000000000000000000000000000
00000000000000000000000000000000000011010000100000000000000000000000000000000000
00000000000000000000000000000000001100010000100000000000000000000000000000000000
00000000000000000000000000000000111000001001100000000000000000000000000000000000
00000000000000000000000000000000000000001111000000000000000000000000000000000000
00000000000000000000000000000000000000000000000000000000000000000000000000000000
00000000000000000000000000000000000000000000000000000000000000000000000000000000
00000000000000000000000000000000000000000000000000000000000000000000000000000000
00000000000000000000000000000000000000000000000000000000000000000000000000000000
00000000000000000000000000000000000000000000000000000000000000000000000000000000
00000000000000000000000000000000000000000000000000000000000000000000000000000000
00000000000000000000000000000000000000000000000000000000000000000000000000000000
00000000000000000000000000000000000000000000000000000000000000000000000000000000
00000000000000000000000000000000000000000000000000000000000000000000000000000000
00000000000000000000000000000000000000000000000000000000000000000000000000000000
00000000000000000000000000000000000000000000000000000000000000000000000000000000
00000000000000000000000000000000000000000000000000000000000000000000000000000000
00000000000000000000000000000000000000000000000000000000000000000000000000000000
