00000000000000000000000000000000000000000000000000000000000000000000000000000000
00000000000000000000000000000000000000000000000000000000000000000000000000000000
00000000000000000000000000000000000000000000000000000000000000000000000000000000
00000000000000000000000000000000000000000000000000000000000000000000000000000000
00000000000000000000000000000000000000000000000000000000000000000000000000000000
00000000000000000000000000000000000000000000000000000000000000000000000000000000
00000000000000000000000000000000000000000000000000000000000000000000000000000000
00000000000000000000000000000000000000000000000000000000000000000000000000000000
00000000000000000000000000000000000000000000000000000000000000000000000000000000
00000000000000000000000000000000000000000000000000000000000000000000000000000000
00000000000000000000000000000000000000110000000000000000000000000000000000000000
00000000000000000000000000000000000000011000000000000000000000000000000000000000
00000000000000000000000000000000000000001100000000000000000000000000000000000000
00000000000000000000000000000000000000000110000000000000000000000000000000000000
00000000000000000000000000000000000000000011000000000000000000000000000000000000
00000000000000000000000000000000000000000000000000000000000000000000000000000000
00000000000000000000000000000001000000001111111111100000000000000000000000000000
00000000000000000000000000000001011111111000000000100000000000000000000000000000
00000000000000000000000000000001000000000000000000100000000000000000000000000000
00000000000000000000000000000001000000000000000011000000000000000000000000000000
00000000000000000000000000000001000000000000001110000000000000000000000000000000
00000000000000000000000000000001000000000011111110000000000000000000000000000000
00000000000000000000000000000001000011111110000000000000000000000000000000000000
00000000000000000000000000000001000010000010000000000000000000000000000000000000
00000000000000000000000000000001100000000111000000000000000000000000000000000000
00000000000000000000000000000000100000001001100000000000000000000000000000000000
00000000000000000000000000000000100000010000100000000110000000000000000000000000
00000000000000000000000000000000110000110010110000001100000000000000000000000000
00000000000000000000000000000000010011000110010000110000000000000000000000000000
00000000000000000000000000000000000110000100001001100000000000000000000000000000
00000000000000000000000000000000000000001100001110000000000000000000000000000000
00000000000000000000000000000000000000011000101100000000000000000000000000000000
00000000000000000000000000000000000000100000101110000000000000000000000000000000
00000000000000000000000000000000000001000001100101000000000000000000000000000000
00000000000000000000000000000000000010000001000100110000000000000000000000000000
00000000000000000000000000000000000000000011000100011100000000000000000000000000
00000000000000000000000000000000000000000110000100000111100000000000000000000000
00000000000000000000000000000000000000000100000100000000000000000000000000000000
00000000000000000000000000000000000000001100000100000000000000000000000000000000
00000000000000000000000000000000000000011100001100000000000000000000000000000000
00000000000000000000000000000000000011100110011000000000000000000000000000000000
00000000000000000000000000000000000000000011110000000000000000000000000000000000
00000000000000000000000000000000000000000000000000000000000000000000000000000000
00000000000000000000000000000000000000000000000000000000000000000000000000000000
00000000000000000000000000000000000000000000000000000000000000000000000000000000
00000000000000000000000000000000000000000000000000000000000000000000000000000000
00000000000000000000000000000000000000000000000000000000000000000000000000000000
00000000000000000000000000000000000000000000000000000000000000000000000000000000
00000000000000000000000000000000000000000000000000000000000000000000000000000000
00000000000000000000000000000000000000000000000000000000000000000000000000000000
00000000000000000000000000000000000000000000000000000000000000000000000000000000
00000000000000000000000000000000000000000000000000000000000000000000000000000000
00000000000000000000000000000000000000000000000000000000000000000000000000000000
00000000000000000000000000000000000000000000000000000000000000000000000000000000
00000000000000000000000000000000000000000000000000000000000000000000000000000000
00000000000000000000000000000000000000000000000000000000000000000000000000000000
00000000000000000000000000000000000000000000000000000000000000000000000000000000
00000000000000000000000000000000000000000000000000000000000000000000000000000000
00000000000000000000000000000000000000000000000000000000000000000000000000000000
00000000000000000000000000000000000000000000000000000000000000000000000000000000
