00000000000000000000000000000000000000000000000000000000000000000000000000000000
00000000000000000000000000000000000000000000000000000000000000000000000000000000
00000000000000000000000000000000000000000000000000000000000000000000000000000000
00000000000000000000000000000000000000000000000000000000000000000000000000000000
00000000000000000000000000000000000000000000000000000000000000000000000000000000
00000000000000000000000000000000000000000000000000000000000000000000000000000000
00000000000000000000000000000000000000000000000000000000000000000000000000000000
00000000000000000000000000000000000000000000000000000000000000000000000000000000
00000000000000000000000000000000000000000000000000000000000000000000000000000000
00000000000000000000000000000000000000100000000000000000000000000000000000000000
00000000000000000000000000000000000000110000000000000000000000000000000000000000
00000000000000000000000000000000000000011000000000000000000000000000000000000000
00000000000000000000000000000000000000001110000000000000000000000000000000000000
00000000000000000000000000000000000100000010000000000000000000000000000000000000
00000000000000000000000000000000001000000011111111100000000000000000000000000000
00000000000000000000000000000000011111111100000000100000000000000000000000000000
00000000000000000000000000000000011000000000000000100000000000000000000000000000
00000000000000000000000000000000010000000000000001100000000000000000000000000000
00000000000000000000000000000000010000000000000110000000000000000000000000000000
00000000000000000000000000000000100000000000111100000000000000000000000000000000
00000000000000000000000000000000100000000111100000000000000000000000000000000000
00000000000000000000000000000000100111111110000000000000000000000000000000000000
00000000000000000000000000000000100000010000000000000000000000000000000000000000
00000000000000000000000000000000100000111111000001000000000000000000000000000000
00000000000000000000000000000000100001010001000011000000000000000000000000000000
00000000000000000000000000000000000110010000100110000000000000000000000000000000
00000000000000000000000000000000001100010100101100000000000000000000000000000000
00000000000000000000000000000000111000100100111000000000000000000000000000000000
00000000000000000000000000000000100001100101111000000000000000000000000000000000
00000000000000000000000000000000000011000101011100000000000000000000000000000000
00000000000000000000000000000000000111001000010110000000000000000000000000000000
00000000000000000000000000000000011100111000010011000000000000000000000000000000
00000000000000000000000000000000010000110000010001110000000000000000000000000000
00000000000000000000000000000000000000111000010000011100000000000000000000000000
00000000000000000000000000000000000001101100010000000111111100000000000000000000
00000000000000000000000000000000000111000110010000000000000000000000000000000000
00000000000000000000000000000000000000000001110000000000000000000000000000000000
00000000000000000000000000000000000000000000000000000000000000000000000000000000
00000000000000000000000000000000000000000000000000000000000000000000000000000000
00000000000000000000000000000000000000000000000000000000000000000000000000000000
00000000000000000000000000000000000000000000000000000000000000000000000000000000
00000000000000000000000000000000000000000000000000000000000000000000000000000000
00000000000000000000000000000000000000000000000000000000000000000000000000000000
00000000000000000000000000000000000000000000000000000000000000000000000000000000
00000000000000000000000000000000000000000000000000000000000000000000000000000000
00000000000000000000000000000000000000000000000000000000000000000000000000000000
00000000000000000000000000000000000000000000000000000000000000000000000000000000
00000000000000000000000000000000000000000000000000000000000000000000000000000000
00000000000000000000000000000000000000000000000000000000000000000000000000000000
00000000000000000000000000000000000000000000000000000000000000000000000000000000
00000000000000000000000000000000000000000000000000000000000000000000000000000000
00000000000000000000000000000000000000000000000000000000000000000000000000000000
00000000000000000000000000000000000000000000000000000000000000000000000000000000
00000000000000000000000000000000000000000000000000000000000000000000000000000000
00000000000000000000000000000000000000000000000000000000000000000000000000000000
00000000000000000000000000000000000000000000000000000000000000000000000000000000
00000000000000000000000000000000000000000000000000000000000000000000000000000000
00000000000000000000000000000000000000000000000000000000000000000000000000000000
00000000000000000000000000000000000000000000000000000000000000000000000000000000
00000000000000000000000000000000000000000000000000000000000000000000000000000000
