00000000000000000000000000000000000000000000000000000000000000000000000000000000
00000000000000000000000000000000000000000000000000000000000000000000000000000000
00000000000000000000000000000000000000000000000000000000000000000000000000000000
00000000000000000000000000000000000000000000000000000000000000000000000000000000
00000000000000000000000000000000000000000000000000000000000000000000000000000000
00000000000000000000000000000000000000000000000000000000000000000000000000000000
00000000000000000000000000000000000000000000000000000000000000000000000000000000
00000000000000000000000000000000000000000000000000000000000000000000000000000000
00000000000000000000000000000000000000000000000000000000000000000000000000000000
00000000000000000000000000000000000000000000000000000000000000000000000000000000
00000000000000000000000000000000000000000000000000000000000000000000000000000000
00000000000000000000000000000000000000000000000000000000000000000000000000000000
00000000000000000000000000000000000000000000000000000000000000000000000000000000
00000000000000000000000000000000000000000000000000000000000000000000000000000000
00000000000000000000000000000000000000000000000000000000000000000000000000000000
00000000000000000000000000000000000000000000000000000000000000000000000000000000
00000000000000000000000000000000000000000000000000000000000000000000000000000000
00000000000000000000000000000000000000001000000000000000000000000000000000000000
00000000000000000000000000000000000000001100000000000000000000000000000000000000
00000000000000000000000000000000000000000010000000000000000000000000000000000000
00000000000000000000000000000000000000000001111111000000000000000000000000000000
00000000000000000000000000000000000111111110000001000000000000000000000000000000
00000000000000000000000000000000000110000000000001000000000000000000000000000000
00000000000000000000000000000000001000000000000111000000000000000000000000000000
00000000000000000000000000000000001000000000000000000000000000000000000000000000
00000000000000000000000000000000001000011111111000000000000000000000000000000000
00000000000000000000000000000000011000000110000000000000000000000000000000000000
00000000000000000000000000000000010000001111000000010000000000000000000000000000
00000000000000000000000000000000110000011001100000010000000000000000000000000000
00000000000000000000000000000000000011100001110000010000000000000000000000000000
00000000000000000000000000000000000110000110011000110000000000000000000000000000
00000000000000000000000000000000000000001100011001100000000000000000000000000000
00000000000000000000000000000000000000111000011110000000000000000000000000000000
00000000000000000000000000000000000011100000111111000000000000000000000000000000
00000000000000000000000000000000000110000000100101100000000000000000000000000000
00000000000000000000000000000000000000000001000100110000000000000000000000000000
00000000000000000000000000000000000000000110000100011100000000000000000000000000
00000000000000000000000000000000000000011100000100000111000000000000000000000000
00000000000000000000000000000000000000110000000100000001110000000000000000000000
00000000000000000000000000000000000000001000001100000000000000000000000000000000
00000000000000000000000000000000000000001111111000000000000000000000000000000000
00000000000000000000000000000000000000000000000000000000000000000000000000000000
00000000000000000000000000000000000000000000000000000000000000000000000000000000
00000000000000000000000000000000000000000000000000000000000000000000000000000000
00000000000000000000000000000000000000000000000000000000000000000000000000000000
00000000000000000000000000000000000000000000000000000000000000000000000000000000
00000000000000000000000000000000000000000000000000000000000000000000000000000000
00000000000000000000000000000000000000000000000000000000000000000000000000000000
00000000000000000000000000000000000000000000000000000000000000000000000000000000
00000000000000000000000000000000000000000000000000000000000000000000000000000000
00000000000000000000000000000000000000000000000000000000000000000000000000000000
00000000000000000000000000000000000000000000000000000000000000000000000000000000
00000000000000000000000000000000000000000000000000000000000000000000000000000000
00000000000000000000000000000000000000000000000000000000000000000000000000000000
00000000000000000000000000000000000000000000000000000000000000000000000000000000
00000000000000000000000000000000000000000000000000000000000000000000000000000000
00000000000000000000000000000000000000000000000000000000000000000000000000000000
00000000000000000000000000000000000000000000000000000000000000000000000000000000
00000000000000000000000000000000000000000000000000000000000000000000000000000000
00000000000000000000000000000000000000000000000000000000000000000000000000000000
