00000000000000000000000000000000000000000000000000000000000000000000000000000000
00000000000000000000000000000000000000000000000000000000000000000000000000000000
00000000000000000000000000000000000000000000000000000000000000000000000000000000
00000000000000000000000000000000000000000000000000000000000000000000000000000000
00000000000000000000000000000000000000000000000000000000000000000000000000000000
00000000000000000000000000000000000000000000000000000000000000000000000000000000
00000000000000000000000000000000000000000000000000000000000000000000000000000000
00000000000000000000000000000000000000000000000000000000000000000000000000000000
00000000000000000000000000000000000000000000000000000000000000000000000000000000
00000000000000000000000000000000011000000000000000000000000000000000000000000000
00000000000000000000000000000000001100000000000000000000000000000000000000000000
00000000000000000000000000000000000010000000000000000000000000000000000000000000
00000000000000000000000000000000000001000000000000000000000000000000000000000000
00000000000000000000000000000000000000100000000000000000000000000000000000000000
00000000000000000000000000000000000000110000000000000000000000000000000000000000
00000000000000000000000000001000000000011000000000000000000000000000000000000000
00000000000000000000000000001000000000111111111000000000000000000000000000000000
00000000000000000000000000001111111111100000011000000000000000000000000000000000
00000000000000000000000000001000000000000000110000000000000000000000000000000000
00000000000000000000000000001000000000000011000000000000000000000000000000000000
00000000000000000000000000001000000111111110000000000000000000000000000000000000
00000000000000000000000000001011111011000000000000000000000000000000000000000000
00000000000000000000000000001000000011110000000000000000000000000000000000000000
00000000000000000000000000001000000100011100000000000000000000000000000000000000
00000000000000000000000000001000001100000111000000110000000000000000000000000000
00000000000000000000000000001000011000000001100000100000000000000000000000000000
00000000000000000000000000001000110000100000100011100000000000000000000000000000
00000000000000000000000000001100000000100000010110000000000000000000000000000000
00000000000000000000000000000100000001100000011100000000000000000000000000000000
00000000000000000000000000000000000001001000010110000000000000000000000000000000
00000000000000000000000000000000000010001000010011000000000000000000000000000000
00000000000000000000000000000000000110011000010001100000000000000000000000000000
00000000000000000000000000000000001100010000010000011000000000000000000000000000
00000000000000000000000000000000011000100000010000001100000000000000000000000000
00000000000000000000000000000000000001000000010000000111000000000000000000000000
00000000000000000000000000000000000010000000010000000000100000000000000000000000
00000000000000000000000000000000000100000000010000000000000000000000000000000000
00000000000000000000000000000000111000000000010000000000000000000000000000000000
00000000000000000000000000000011101100000000100000000000000000000000000000000000
00000000000000000000000000000000000110000001100000000000000000000000000000000000
00000000000000000000000000000000000011100011000000000000000000000000000000000000
00000000000000000000000000000000000000111110000000000000000000000000000000000000
00000000000000000000000000000000000000000000000000000000000000000000000000000000
00000000000000000000000000000000000000000000000000000000000000000000000000000000
00000000000000000000000000000000000000000000000000000000000000000000000000000000
00000000000000000000000000000000000000000000000000000000000000000000000000000000
00000000000000000000000000000000000000000000000000000000000000000000000000000000
00000000000000000000000000000000000000000000000000000000000000000000000000000000
00000000000000000000000000000000000000000000000000000000000000000000000000000000
00000000000000000000000000000000000000000000000000000000000000000000000000000000
00000000000000000000000000000000000000000000000000000000000000000000000000000000
00000000000000000000000000000000000000000000000000000000000000000000000000000000
00000000000000000000000000000000000000000000000000000000000000000000000000000000
00000000000000000000000000000000000000000000000000000000000000000000000000000000
00000000000000000000000000000000000000000000000000000000000000000000000000000000
00000000000000000000000000000000000000000000000000000000000000000000000000000000
00000000000000000000000000000000000000000000000000000000000000000000000000000000
00000000000000000000000000000000000000000000000000000000000000000000000000000000
00000000000000000000000000000000000000000000000000000000000000000000000000000000
00000000000000000000000000000000000000000000000000000000000000000000000000000000
