00000000000000000000000000000000000000000000000000000000000000000000000000000000
00000000000000000000000000000000000000000000000000000000000000000000000000000000
00000000000000000000000000000000000000000000000000000000000000000000000000000000
00000000000000000000000000000000000000000000000000000000000000000000000000000000
00000000000000000000000000000000000000000000000000000000000000000000000000000000
00000000000000000000000000000000000000000000000000000000000000000000000000000000
00000000000000000000000000000000000000000000000000000000000000000000000000000000
00000000000000000000000000000000000000000000000000000000000000000000000000000000
00000000000000000000000000000000000000000000000000000000000000000000000000000000
00000000000000000000000000000000000000000000000000000000000000000000000000000000
00000000000000000000000000000000000000000000000000000000000000000000000000000000
00000000000000000000000000000000000000000000000000000000000000000000000000000000
00000000000000000000000000000000000000000000000000000000000000000000000000000000
00000000000000000000000000000000000000000000000000000000000000000000000000000000
00000000000000000000000000000000000000000000000000000000000000000000000000000000
00000000000000000000000000011000000000000000000000000000000000000000000000000000
00000000000000000000000000001100000000000000000000000000000000000000000000000000
00000000000000000000000000000100000000000000000000000000000000000000000000000000
00000000000000000000000000000000111111000000000000000000000000000000000000000000
00000000000000000000000010011111100001000000000000000000000000000000000000000000
00000000000000000000001111100000000001000000000000000000000000000000000000000000
00000000000000000000000110000000000011000000000000000000000000000000000000000000
00000000000000000000000100000000000010000000000000000000000000000000000000000000
00000000000000000000000100111111111100000000000000000000000000000000000000000000
00000000000000000000001100100011000000000000000000000000000000000000000000000000
00000000000000000000001000000111000000000000000000000000000000000000000000000000
00000000000000000000011000001100100001000000000000000000000000000000000000000000
00000000000000000000010000010000100001000000000000000000000000000000000000000000
00000000000000000000000001100001010010000000000000000000000000000000000000000000
00000000000000000000000000000011010110000000000000000000000000000000000000000000
00000000000000000000000000000110011100000000000000000000000000000000000000000000
00000000000000000000000000000100111110000000000000000000000000000000000000000000
00000000000000000000000000011000101011000000000000000000000000000000000000000000
00000000000000000000000000110000101001100000000000000000000000000000000000000000
00000000000000000000000001100001001000011000000000000000000000000000000000000000
00000000000000000000000000000011001000001110000000000000000000000000000000000000
00000000000000000000000000000010001000000011100000000000000000000000000000000000
00000000000000000000000000001110011000000000111111000000000000000000000000000000
00000000000000000000000000011011110000000000000000000000000000000000000000000000
00000000000000000000000001110000000000000000000000000000000000000000000000000000
00000000000000000000000000000000000000000000000000000000000000000000000000000000
00000000000000000000000000000000000000000000000000000000000000000000000000000000
00000000000000000000000000000000000000000000000000000000000000000000000000000000
00000000000000000000000000000000000000000000000000000000000000000000000000000000
00000000000000000000000000000000000000000000000000000000000000000000000000000000
00000000000000000000000000000000000000000000000000000000000000000000000000000000
00000000000000000000000000000000000000000000000000000000000000000000000000000000
00000000000000000000000000000000000000000000000000000000000000000000000000000000
00000000000000000000000000000000000000000000000000000000000000000000000000000000
00000000000000000000000000000000000000000000000000000000000000000000000000000000
00000000000000000000000000000000000000000000000000000000000000000000000000000000
00000000000000000000000000000000000000000000000000000000000000000000000000000000
00000000000000000000000000000000000000000000000000000000000000000000000000000000
00000000000000000000000000000000000000000000000000000000000000000000000000000000
00000000000000000000000000000000000000000000000000000000000000000000000000000000
00000000000000000000000000000000000000000000000000000000000000000000000000000000
00000000000000000000000000000000000000000000000000000000000000000000000000000000
00000000000000000000000000000000000000000000000000000000000000000000000000000000
00000000000000000000000000000000000000000000000000000000000000000000000000000000
00000000000000000000000000000000000000000000000000000000000000000000000000000000
