00000000000000000000000000000000000000000000000000000000000000000000000000000000
00000000000000000000000000000000000000000000000000000000000000000000000000000000
00000000000000000000000000000000000000000000000000000000000000000000000000000000
00000000000000000000000000000000000000000000000000000000000000000000000000000000
00000000000000000000000000000000000000000000000000000000000000000000000000000000
00000000000000000000000000000000000000000000000000000000000000000000000000000000
00000000000000000000000000000000000000000000000000000000000000000000000000000000
00000000000000000000000000000000000000000000000000000000000000000000000000000000
00000000000000000000000000000000000000000000000000000000000000000000000000000000
00000000000000000000000000000000000000000000000000000000000000000000000000000000
00000000000000000000000000000000000000000000000000000000000000000000000000000000
00000000000000000000000000000000000000000000000000000000000000000000000000000000
00000000000000000000000000000000000000000000000000000000000000000000000000000000
00000000000000000000000000000000000000000000000000000000000000000000000000000000
00000000000000000000000000000000000000000000000000000000000000000000000000000000
00000000000000000000000000000001100000000000000000000000000000000000000000000000
00000000000000000000000000000000011000000000000000000000000000000000000000000000
00000000000000000000000000000000001100000000000000000000000000000000000000000000
00000000000000000000000000000000000000000000000000000000000000000000000000000000
00000000000000000000000000010001111111111100000000000000000000000000000000000000
00000000000000000000000000011111000000000100000000000000000000000000000000000000
00000000000000000000000000010000000000001000000000000000000000000000000000000000
00000000000000000000000000010000000000110000000000000000000000000000000000000000
00000000000000000000000000110000011111100000000000000000000000000000000000000000
00000000000000000000000000100000101110000000000000000000000000000000000000000000
00000000000000000000000000100000011110000000110000000000000000000000000000000000
00000000000000000000000001100000110011000001100000000000000000000000000000000000
00000000000000000000000001000001101001000011000000000000000000000000000000000000
00000000000000000000000011000110001001000110000000000000000000000000000000000000
00000000000000000000000010111000010001011100000000000000000000000000000000000000
00000000000000000000000000000000110001110000000000000000000000000000000000000000
00000000000000000000000000000011100010101100000000000000000000000000000000000000
00000000000000000000000000001110000110100111000000000000000000000000000000000000
00000000000000000000000000001000001100100001100000000000000000000000000000000000
00000000000000000000000000000000110000100000011000000000000000000000000000000000
00000000000000000000000000000001110000100000001110000000000000000000000000000000
00000000000000000000000000000011011000100000000001111111000000000000000000000000
00000000000000000000000000000000001101100000000000000000000000000000000000000000
00000000000000000000000000000000000111000000000000000000000000000000000000000000
00000000000000000000000000000000000000000000000000000000000000000000000000000000
00000000000000000000000000000000000000000000000000000000000000000000000000000000
00000000000000000000000000000000000000000000000000000000000000000000000000000000
00000000000000000000000000000000000000000000000000000000000000000000000000000000
00000000000000000000000000000000000000000000000000000000000000000000000000000000
00000000000000000000000000000000000000000000000000000000000000000000000000000000
00000000000000000000000000000000000000000000000000000000000000000000000000000000
00000000000000000000000000000000000000000000000000000000000000000000000000000000
00000000000000000000000000000000000000000000000000000000000000000000000000000000
00000000000000000000000000000000000000000000000000000000000000000000000000000000
00000000000000000000000000000000000000000000000000000000000000000000000000000000
00000000000000000000000000000000000000000000000000000000000000000000000000000000
00000000000000000000000000000000000000000000000000000000000000000000000000000000
00000000000000000000000000000000000000000000000000000000000000000000000000000000
00000000000000000000000000000000000000000000000000000000000000000000000000000000
00000000000000000000000000000000000000000000000000000000000000000000000000000000
00000000000000000000000000000000000000000000000000000000000000000000000000000000
00000000000000000000000000000000000000000000000000000000000000000000000000000000
00000000000000000000000000000000000000000000000000000000000000000000000000000000
00000000000000000000000000000000000000000000000000000000000000000000000000000000
00000000000000000000000000000000000000000000000000000000000000000000000000000000
