00000000000000000000000000000000000000000000000000000000000000000000000000000000
00000000000000000000000000000000000000000000000000000000000000000000000000000000
00000000000000000000000000000000000000000000000000000000000000000000000000000000
00000000000000000000000000000000000000000000000000000000000000000000000000000000
00000000000000000000000000000000000000000000000000000000000000000000000000000000
00000000000000000000000000000000000000000000000000000000000000000000000000000000
00000000000000000000000000000000000000000000000000000000000000000000000000000000
00000000000000000000000000000000000000000000000000000000000000000000000000000000
00000000000000000000000000000000000000000000000000000000000000000000000000000000
00000000000000000000000000000000000000000000000000000000000000000000000000000000
00000000000000000000000000000000000000000000000000000000000000000000000000000000
00000000000000000000000000000000000000000000000000000000000000000000000000000000
00000000000000000000000000000000000001000000000000000000000000000000000000000000
00000000000000000000000000000000000000100000000000000000000000000000000000000000
00000000000000000000000000000000000000110000000000000000000000000000000000000000
00000000000000000000000000000000000000010000000000000000000000000000000000000000
00000000000000000000000000000000000000000000000000000000000000000000000000000000
00000000000000000000000000000000000111111111000000000000000000000000000000000000
00000000000000000000000000000011111100000001000000000000000000000000000000000000
00000000000000000000000000000110000000000001000000000000000000000000000000000000
00000000000000000000000000000100000000000011000000000000000000000000000000000000
00000000000000000000000000001100000000000110000000000000000000000000000000000000
00000000000000000000000000001000000000001000000000000000000000000000000000000000
00000000000000000000000000001000111111111100000000000000000000000000000000000000
00000000000000000000000000001101100011000000000000000000000000000000000000000000
00000000000000000000000000000000000110000000000000000000000000000000000000000000
00000000000000000000000000000000001100000000000000000000000000000000000000000000
00000000000000000000000000000000001110000000000000000000000000000000000000000000
00000000000000000000000000000000110011000000000000000000000000000000000000000000
00000000000000000000000000000001100001100000001000000000000000000000000000000000
00000000000000000000000000000011000000110000011000000000000000000000000000000000
00000000000000000000000000000110000100001000110000000000000000000000000000000000
00000000000000000000000000011000001100001111000000000000000000000000000000000000
00000000000000000000000000110000001000000110000000000000000000000000000000000000
00000000000000000000000001100000011000000111000000000000000000000000000000000000
00000000000000000000001111000000110001000101100000000000000000000000000000000000
00000000000000000000011000000001100011000100110000000000000000000000000000000000
00000000000000000000000000000011000110000100001100000000000000000000000000000000
00000000000000000000000000001100001100000100000110000000000000000000000000000000
00000000000000000000000000011000011000000100000011100000000000000000000000000000
00000000000000000000000000000001110010000100000000111111000000000000000000000000
00000000000000000000000000000110000011001100000000000001100000000000000000000000
00000000000000000000000000000000000001111000000000000000000000000000000000000000
00000000000000000000000000000000000000000000000000000000000000000000000000000000
00000000000000000000000000000000000000000000000000000000000000000000000000000000
00000000000000000000000000000000000000000000000000000000000000000000000000000000
00000000000000000000000000000000000000000000000000000000000000000000000000000000
00000000000000000000000000000000000000000000000000000000000000000000000000000000
00000000000000000000000000000000000000000000000000000000000000000000000000000000
00000000000000000000000000000000000000000000000000000000000000000000000000000000
00000000000000000000000000000000000000000000000000000000000000000000000000000000
00000000000000000000000000000000000000000000000000000000000000000000000000000000
00000000000000000000000000000000000000000000000000000000000000000000000000000000
00000000000000000000000000000000000000000000000000000000000000000000000000000000
00000000000000000000000000000000000000000000000000000000000000000000000000000000
00000000000000000000000000000000000000000000000000000000000000000000000000000000
00000000000000000000000000000000000000000000000000000000000000000000000000000000
00000000000000000000000000000000000000000000000000000000000000000000000000000000
00000000000000000000000000000000000000000000000000000000000000000000000000000000
00000000000000000000000000000000000000000000000000000000000000000000000000000000
