00000000000000000000000000000000000000000000000000000000000000000000000000000000
00000000000000000000000000000000000000000000000000000000000000000000000000000000
00000000000000000000000000000000000000000000000000000000000000000000000000000000
00000000000000000000000000000000000000000000000000000000000000000000000000000000
00000000000000000000000000000000000000000000000000000000000000000000000000000000
00000000000000000000000000000000000000000000000000000000000000000000000000000000
00000000000000000000000000000000000000000000000000000000000000000000000000000000
00000000000000000000000000000000000000000000000000000000000000000000000000000000
00000000000000000000000000000000000000000000000000000000000000000000000000000000
00000000000000000000000000000000000000000000000000000000000000000000000000000000
00000000000000000000000000000000000000000000000000000000000000000000000000000000
00000000000000000000000000000000110000000000000000000000000000000000000000000000
00000000000000000000000000000000011100000000000000000000000000000000000000000000
00000000000000000000000000000000000111000000000000000000000000000000000000000000
00000000000000000000000000000000000001100000000000000000000000000000000000000000
00000000000000000000000000000000000000100000000000000000000000000000000000000000
00000000000000000000000000000000000011111111111000000000000000000000000000000000
00000000000000000000000000001001111110000000001000000000000000000000000000000000
00000000000000000000000000001110000000000000011000000000000000000000000000000000
00000000000000000000000000001000000000000000110000000000000000000000000000000000
00000000000000000000000000001000000000000001100000000000000000000000000000000000
00000000000000000000000000011000111111111100000000000000000000000000000000000000
00000000000000000000000000010000000000100000000000000000000000000000000000000000
00000000000000000000000000010000000001100000001000000000000000000000000000000000
00000000000000000000000000100000000011010000001000000000000000000000000000000000
00000000000000000000000000100000000110001000001000000000000000000000000000000000
00000000000000000000000001000000001000001100011000000000000000000000000000000000
00000000000000000000000011000000110000100100010000000000000000000000000000000000
00000000000000000000000000000011100001100011100000000000000000000000000000000000
00000000000000000000000000000110000001000011100000000000000000000000000000000000
00000000000000000000000000000000000010000101110000000000000000000000000000000000
00000000000000000000000000000000000100001001001100000000000000000000000000000000
00000000000000000000000000000000001000001001100110000000000000000000000000000000
00000000000000000000000000000000010000010000100011000000000000000000000000000000
00000000000000000000000000000001100000100000100001110000000000000000000000000000
00000000000000000000000000000111000001000000100000011110000000000000000000000000
00000000000000000000000000000000000011000000100000000000000000000000000000000000
00000000000000000000000000000000000100100001100000000000000000000000000000000000
00000000000000000000000000000000011000010011000000000000000000000000000000000000
00000000000000000000000000000000110000011110000000000000000000000000000000000000
00000000000000000000000000000000000000000000000000000000000000000000000000000000
00000000000000000000000000000000000000000000000000000000000000000000000000000000
00000000000000000000000000000000000000000000000000000000000000000000000000000000
00000000000000000000000000000000000000000000000000000000000000000000000000000000
00000000000000000000000000000000000000000000000000000000000000000000000000000000
00000000000000000000000000000000000000000000000000000000000000000000000000000000
00000000000000000000000000000000000000000000000000000000000000000000000000000000
00000000000000000000000000000000000000000000000000000000000000000000000000000000
00000000000000000000000000000000000000000000000000000000000000000000000000000000
00000000000000000000000000000000000000000000000000000000000000000000000000000000
00000000000000000000000000000000000000000000000000000000000000000000000000000000
00000000000000000000000000000000000000000000000000000000000000000000000000000000
00000000000000000000000000000000000000000000000000000000000000000000000000000000
00000000000000000000000000000000000000000000000000000000000000000000000000000000
00000000000000000000000000000000000000000000000000000000000000000000000000000000
00000000000000000000000000000000000000000000000000000000000000000000000000000000
00000000000000000000000000000000000000000000000000000000000000000000000000000000
00000000000000000000000000000000000000000000000000000000000000000000000000000000
00000000000000000000000000000000000000000000000000000000000000000000000000000000
00000000000000000000000000000000000000000000000000000000000000000000000000000000
