00000000000000000000000000000000000000000000000000000000000000000000000000000000
00000000000000000000000000000000000000000000000000000000000000000000000000000000
00000000000000000000000000000000000000000000000000000000000000000000000000000000
00000000000000000000000000000000000000000000000000000000000000000000000000000000
00000000000000000000000000000000000000000000000000000000000000000000000000000000
00000000000000000000000000000000000000000000000000000000000000000000000000000000
00000000000000000000000000000000000000000000000000000000000000000000000000000000
00000000000000000000000000000000000000000000000000000000000000000000000000000000
00000000000000000000000000000000000000000000000000000000000000000000000000000000
00000000000000000000000000000000000000000000000000000000000000000000000000000000
00000000000000000000000000000000000000000000000000000000000000000000000000000000
00000000000000000000000000000000000000000000000000000000000000000000000000000000
00000000000000000000000000000000000000000000000000000000000000000000000000000000
00000000000000000000000000000000000000000000000000000000000000000000000000000000
00000000000000000000000000000000000000000000000000000000000000000000000000000000
00000000000000000000000000000000000000000000000000000000000000000000000000000000
00000000000000000000000000000000000000100000000000000000000000000000000000000000
00000000000000000000000000000000000001100000001000000000000000000000000000000000
00000000000000000000000000000000001110000000010000000000000000000000000000000000
00000000000000000000000000000011111000000000110000000000000000000000000000000000
00000000000000000000000000000010010000000001100000000000000000000000000000000000
00000000000000000000000000000000011111100011000110000000000000000000000000000000
00000000000000000000000000000000011000000110001100000000000000000000000000000000
00000000000000000000000000000000010000000000011000000000000000000000000000000000
00000000000000000000000000000000011111110001110000000000000000000000000000000000
00000000000000000000000000000000010000000111000000000000000000000000000000000000
00000000000000000000000000000000010000000000000110000000000000000000000000000000
00000000000000000000000000000000011111111100001100000000000000000000000000000000
00000000000000000000000000001111111000000001111000000000000000000000000000000000
00000000000000000000000000111000010011000111000000000000000000000000000000000000
00000000000000000000000000000000110001101100000000000000000000000000000000000000
00000000000000000000000000000001101111110100000000000000000000000000000000000000
00000000000000000000000000000001111000000110000000000000000000000000000000000000
00000000000000000000000000000000000011111111111111000000000000000000000000000000
00000000000000000000000000000001111110000000000001000000000000000000000000000000
00000000000000000000000000000001000000000100000111000000000000000000000000000000
00000000000000000000000000000001000000111100000100000000000000000000000000000000
00000000000000000000000000000001000011100000000000000000000000000000000000000000
00000000000000000000000000000000000000100011000000000000000000000000000000000000
00000000000000000000000000000000000000111110000000000000000000000000000000000000
00000000000000000000000000000000000000100100000000000000000000000000000000000000
00000000000000000000000000000000000000110100000000000000000000000000000000000000
00000000000000000000000000000000111111111111111100000000000000000000000000000000
00000000000000000000000000000000000000000000000000000000000000000000000000000000
00000000000000000000000000000000000001000011000000000000000000000000000000000000
00000000000000000000000000000000000001000001000000000000000000000000000000000000
00000000000000000000000000000000000011000001100000000000000000000000000000000000
00000000000000000000000000000000000110000000110000000000000000000000000000000000
00000000000000000000000000000000001100000000011100000000000000000000000000000000
00000000000000000000000000000000000000000000000110000000000000000000000000000000
00000000000000000000000000000000000000000000000000000000000000000000000000000000
00000000000000000000000000000000000000000000000000000000000000000000000000000000
00000000000000000000000000000000000000000000000000000000000000000000000000000000
00000000000000000000000000000000000000000000000000000000000000000000000000000000
00000000000000000000000000000000000000000000000000000000000000000000000000000000
00000000000000000000000000000000000000000000000000000000000000000000000000000000
00000000000000000000000000000000000000000000000000000000000000000000000000000000
00000000000000000000000000000000000000000000000000000000000000000000000000000000
00000000000000000000000000000000000000000000000000000000000000000000000000000000
00000000000000000000000000000000000000000000000000000000000000000000000000000000
