00000000000000000000000000000000000000000000000000000000000000000000000000000000
00000000000000000000000000000000000000000000000000000000000000000000000000000000
00000000000000000000000000000000000000000000000000000000000000000000000000000000
00000000000000000000000000000000000000000000000000000000000000000000000000000000
00000000000000000000000000000000000000000000000000000000000000000000000000000000
00000000000000000000000000000000000000000000000000000000000000000000000000000000
00000000000000000000000000000000000000000000000000000000000000000000000000000000
00000000000000000000000000000000000000000000000000000000000000000000000000000000
00000000000000000000000000000000000000000000000000000000000000000000000000000000
00000000000000000000000000000000000000000000000000000000000000000000000000000000
00000000000000000000000000000000000000000000000000000000000000000000000000000000
00000000000000000000000000000000000000000000000000000000000000000000000000000000
00000000000000000000000000000000000000000000000000000000000000000000000000000000
00000000000000000000000000000000000111100000000000000000000000000000000000000000
00000000000000000000000000000011111100000000110000000000000000000000000000000000
00000000000000000000000000000000100000000001100000000000000000000000000000000000
00000000000000000000000000000000111110000111000000000000000000000000000000000000
00000000000000000000000000000000100000000100001000000000000000000000000000000000
00000000000000000000000000000000100000000000001000000000000000000000000000000000
00000000000000000000000000000000111110000000011000000000000000000000000000000000
00000000000000000000000000000000100000000000110000000000000000000000000000000000
00000000000000000000000000000000100000000001100000000000000000000000000000000000
00000000000000000000000000000000100000000111000010000000000000000000000000000000
00000000000000000000000111111111111111111100000010000000000000000000000000000000
00000000000000000000000000000000100000000000000100000000000000000000000000000000
00000000000000000000000000000001111000000000011100000000000000000000000000000000
00000000000000000000000000000011001100000000110000000000000000000000000000000000
00000000000000000000000000000110000110011111100000000000000000000000000000000000
00000000000000000000000000000111111111010000000000000000000000000000000000000000
00000000000000000000000000000000000001001000000000000000000000000000000000000000
00000000000000000000000000000001111111111111111100000000000000000000000000000000
00000000000000000000000000000001000000000000001100000000000000000000000000000000
00000000000000000000000000000010000000000000111000000000000000000000000000000000
00000000000000000000000000000010000001111110100000000000000000000000000000000000
00000000000000000000000000000010000001000000000000000000000000000000000000000000
00000000000000000000000000000010000001000000000000000000000000000000000000000000
00000000000000000000000000000010000001111111000000000000000000000000000000000000
00000000000000000000000000000010000001001000000000000000000000000000000000000000
00000000000000000000000000000000000001001000000000000000000000000000000000000000
00000000000000000000000000000000000001001000000000000000000000000000000000000000
00000000000000000000000000000111111111111111111110000000000000000000000000000000
00000000000000000000000000000000000000000000000000000000000000000000000000000000
00000000000000000000000000000000000100000100000000000000000000000000000000000000
00000000000000000000000000000000000100000110000000000000000000000000000000000000
00000000000000000000000000000000001100000011100000000000000000000000000000000000
00000000000000000000000000000000001000000000111000000000000000000000000000000000
00000000000000000000000000000000000000000000000000000000000000000000000000000000
00000000000000000000000000000000000000000000000000000000000000000000000000000000
00000000000000000000000000000000000000000000000000000000000000000000000000000000
00000000000000000000000000000000000000000000000000000000000000000000000000000000
00000000000000000000000000000000000000000000000000000000000000000000000000000000
00000000000000000000000000000000000000000000000000000000000000000000000000000000
00000000000000000000000000000000000000000000000000000000000000000000000000000000
00000000000000000000000000000000000000000000000000000000000000000000000000000000
00000000000000000000000000000000000000000000000000000000000000000000000000000000
00000000000000000000000000000000000000000000000000000000000000000000000000000000
00000000000000000000000000000000000000000000000000000000000000000000000000000000
00000000000000000000000000000000000000000000000000000000000000000000000000000000
00000000000000000000000000000000000000000000000000000000000000000000000000000000
00000000000000000000000000000000000000000000000000000000000000000000000000000000
