00000000000000000000000000000000000000000000000000000000000000000000000000000000
00000000000000000000000000000000000000000000000000000000000000000000000000000000
00000000000000000000000000000000000000000000000000000000000000000000000000000000
00000000000000000000000000000000000000000100000000000000000000000000000000000000
00000000000000000000000000000000000000000100000000000000000000000000000000000000
00000000000000000000000000000000000000000100000000000000000000000000000000000000
00000000000000000000000000000000000000000110000000000000000000000000000000000000
00000000000000000000000000000000000000000010000000000000000000000000000000000000
00000000000000000000000000000000000000000010000000000000000000000000000000000000
00000000000000000000000000000000000000000010000000000000000000000000000000000000
00000000000000000000000000000000000000000010000001111111111000000000000000000000
00000000000000000000000000011111111111111111111111000000000000000000000000000000
00000000000000000000000000000000000000000011000000000000000000000000000000000000
00000000000000000000000000000000000000000001111111111111000000000000000000000000
00000000000000000000000000000100111111111111000000000001000000000000000000000000
00000000000000000000000000000111100000000001000000000001000000000000000000000000
00000000000000000000000000000100000000000001000000000001000000000000000000000000
00000000000000000000000000000110000000000001000000000011000000000000000000000000
00000000000000000000000000000010000000000001100000000110000000000000000000000000
00000000000000000000000000000011000000011111111111111100000000000000000000000000
00000000000000000000000000000001111111110000100000110000000000000000000000000000
00000000000000000000000000000000000000000000100001111100000000000000000000000000
00000000000000000000000000000000000000011111111111000110000000000000000000000000
00000000000000000000000000000001111111100000100000000010000000000000000000000000
00000000000000000000000000000000000000000000100000000010000000000000000000000000
00000000000000000000000000000000000000000000100000000010000000000000000000000000
00000000000000000000000000000000000000000000100000011111111110000000000000000000
00000000000000000000000000000000000000111111111111100010000000000000000000000000
00000000000000000000000000000011111111000000100000000110000000000000000000000000
00000000000000000000000000000000000000000000100000000100000000000000000000000000
00000000000000000000000000000000000000000000100000001100000000000000000000000000
00000000000000000000000000000000000000000000100000001000000000000000000000000000
00000000000000000000000000000000000000000000111111111000000000000000000000000000
00000000000000000000000000000000000000011111110000010000000000000000000000000000
00000000000000000000000000000000011111110000100000010000000000000000000000000000
00000000000000000000000000000000000000000000100000000000000000000000000000000000
00000000000000000000000000000000000000000000100000000000000000000000000000000000
00000000000000000000000000000000000000000000100000000000000000000000000000000000
00000000000000000000000000000000000000000000100000000000000000000000000000000000
00000000000000000000000000000000000000000000100000000000000000000000000000000000
00000000000000000000000000000000000011000000100000000000000000000000000000000000
00000000000000000000000000000000000001000000100000000000000000000000000000000000
00000000000000000000000000000000000000110000100000000000000000000000000000000000
00000000000000000000000000000000000000011101100000000000000000000000000000000000
00000000000000000000000000000000000000000111000000000000000000000000000000000000
00000000000000000000000000000000000000000000000000000000000000000000000000000000
00000000000000000000000000000000000000000000000000000000000000000000000000000000
00000000000000000000000000000000000000000000000000000000000000000000000000000000
00000000000000000000000000000000000000000000000000000000000000000000000000000000
00000000000000000000000000000000000000000000000000000000000000000000000000000000
00000000000000000000000000000000000000000000000000000000000000000000000000000000
00000000000000000000000000000000000000000000000000000000000000000000000000000000
00000000000000000000000000000000000000000000000000000000000000000000000000000000
00000000000000000000000000000000000000000000000000000000000000000000000000000000
00000000000000000000000000000000000000000000000000000000000000000000000000000000
00000000000000000000000000000000000000000000000000000000000000000000000000000000
00000000000000000000000000000000000000000000000000000000000000000000000000000000
00000000000000000000000000000000000000000000000000000000000000000000000000000000
00000000000000000000000000000000000000000000000000000000000000000000000000000000
00000000000000000000000000000000000000000000000000000000000000000000000000000000
