00000000000000000000000000000000000000000000000000000000000000000000000000000000
00000000000000000000000000000000000000000000000000000000000000000000000000000000
00000000000000000000000000000000000000000000000000000000000000000000000000000000
00000000000000000000000000000000000000000000000000000000000000000000000000000000
00000000000000000000000000000000000000100000000000000000000000000000000000000000
00000000000000000000000000000000000000110000000000000000000000000000000000000000
00000000000000000000000000000000000000010000000000000000000000000000000000000000
00000000000000000000000000000000000000011000000000000000000000000000000000000000
00000000000000000000000000000000000000001000000000000000000000000000000000000000
00000000000000000000000000000000000000000100000000000000000000000000000000000000
00000000000000000000000000000000000000000100000011111000000000000000000000000000
00000000000000000000000000000000111111111111111100000000000000000000000000000000
00000000000000000000000000011111100000000110000000000000000000000000000000000000
00000000000000000000000000000000000000000010000000000000000000000000000000000000
00000000000000000000000000000000000000000010000000000000000000000000000000000000
00000000000000000000000000111111111111111111111111111110000000000000000000000000
00000000000000000000000000100000000000000010000000000010000000000000000000000000
00000000000000000000000000110000000000000010000000000010000000000000000000000000
00000000000000000000000000010000000000000010000000000010000000000000000000000000
00000000000000000000000000001000000000000010000000000110000000000000000000000000
00000000000000000000000000001100000000011111111111111100000000000000000000000000
00000000000000000000000000000111111111110010000000011000000000000000000000000000
00000000000000000000000000000000000000000010000000110000000000000000000000000000
00000000000000000000000000000000000000000010000000000000000000000000000000000000
00000000000000000000000000000000000000000010011111111000000000000000000000000000
00000000000000000000000000000011111111111111100000001100000000000000000000000000
00000000000000000000000000000000000000000001000000000100000000000000000000000000
00000000000000000000000000000000000000000001000000000100000000000000000000000000
00000000000000000000000000000000000000000001111111111111111110000000000000000000
00000000000000000000000000000000011111111111100000001000000000000000000000000000
00000000000000000000000000111111110000000001000000001000000000000000000000000000
00000000000000000000000000000000000000000001000000011000000000000000000000000000
00000000000000000000000000000000000000000001000000110000000000000000000000000000
00000000000000000000000000000000000000000001011111100000000000000000000000000000
00000000000000000000000000000000000000111111110000000000000000000000000000000000
00000000000000000000000000000111111111000001000000000000000000000000000000000000
00000000000000000000000000000000000000000001000000000000000000000000000000000000
00000000000000000000000000000000000000000001000000000000000000000000000000000000
00000000000000000000000000000000001100000001000000000000000000000000000000000000
00000000000000000000000000000000000110000001000000000000000000000000000000000000
00000000000000000000000000000000000001100011000000000000000000000000000000000000
00000000000000000000000000000000000000110010000000000000000000000000000000000000
00000000000000000000000000000000000000011010000000000000000000000000000000000000
00000000000000000000000000000000000000001110000000000000000000000000000000000000
00000000000000000000000000000000000000000000000000000000000000000000000000000000
00000000000000000000000000000000000000000000000000000000000000000000000000000000
00000000000000000000000000000000000000000000000000000000000000000000000000000000
00000000000000000000000000000000000000000000000000000000000000000000000000000000
00000000000000000000000000000000000000000000000000000000000000000000000000000000
00000000000000000000000000000000000000000000000000000000000000000000000000000000
00000000000000000000000000000000000000000000000000000000000000000000000000000000
00000000000000000000000000000000000000000000000000000000000000000000000000000000
00000000000000000000000000000000000000000000000000000000000000000000000000000000
00000000000000000000000000000000000000000000000000000000000000000000000000000000
00000000000000000000000000000000000000000000000000000000000000000000000000000000
00000000000000000000000000000000000000000000000000000000000000000000000000000000
00000000000000000000000000000000000000000000000000000000000000000000000000000000
00000000000000000000000000000000000000000000000000000000000000000000000000000000
00000000000000000000000000000000000000000000000000000000000000000000000000000000
00000000000000000000000000000000000000000000000000000000000000000000000000000000
