00000000000000000000000000000000000000000000000000000000000000000000000000000000
00000000000000000000000000000000000000000000000000000000000000000000000000000000
00000000000000000000000000000000000000000000000000000000000000000000000000000000
00000000000000000000000000000000000000000000000000000000000000000000000000000000
00000000000000000000000000000000000000000000000000000000000000000000000000000000
00000000000000000000000000000000000000000000000000000000000000000000000000000000
00000000000000000000000000000000000000000000000000000000000000000000000000000000
00000000000000000000000000000000000000000000000000000000000000000000000000000000
00000000000000000000000000000000000000000000000000000000000000000000000000000000
00000000000000000000000000000000000000000000000000000000000000000000000000000000
00000000000000000000000000000000000000000000000000000000000000000000000000000000
00000000000000000000000000000000000011000000000000000000000000000000000000000000
00000000000000000000000000000000000001000000000000000000000000000000000000000000
00000000000000000000000000000000000001000000000000000000000000000000000000000000
00000000000000000000000000000000000000100000000000000000000000000000000000000000
00000000000000000000000000000000000000100000000000000000000000000000000000000000
00000000000000000000000000000000000000100000000011100000000000000000000000000000
00000000000000000000000001111111111111111111111110000000000000000000000000000000
00000000000000000000000000000000000000100000000000000000000000000000000000000000
00000000000000000000000000000000000000100000000000000000000000000000000000000000
00000000000000000000000000000000000000110000000000000000000000000000000000000000
00000000000000000000000000100000001111111111111111000000000000000000000000000000
00000000000000000000000000111111111000010000000001000000000000000000000000000000
00000000000000000000000000110000000000010000000001000000000000000000000000000000
00000000000000000000000000010000000000010000000011000000000000000000000000000000
00000000000000000000000000011000000000010000000010000000000000000000000000000000
00000000000000000000000000001000000000010000000110000000000000000000000000000000
00000000000000000000000000001100011111111111111100000000000000000000000000000000
00000000000000000000000000000111110000010011111111100000000000000000000000000000
00000000000000000000000000000000000111111100000000110000000000000000000000000000
00000000000000000000000000011111111000010000000000010000000000000000000000000000
00000000000000000000000000000000000000010000000000011111100000000000000000000000
00000000000000000000000000000000000000010011111111110000000000000000000000000000
00000000000000000000000000000000011111111110000000100000000000000000000000000000
00000000000000000000000000111111110000010000000001000000000000000000000000000000
00000000000000000000000001100000000000010000000011000000000000000000000000000000
00000000000000000000000000000000000000010111111110000000000000000000000000000000
00000000000000000000000000000000001111111100000000000000000000000000000000000000
00000000000000000000000000000111111000010000000000000000000000000000000000000000
00000000000000000000000000001100000000010000000000000000000000000000000000000000
00000000000000000000000000000000000000010000000000000000000000000000000000000000
00000000000000000000000000000000000000010000000000000000000000000000000000000000
00000000000000000000000000000000000000010000000000000000000000000000000000000000
00000000000000000000000000000000110000010000000000000000000000000000000000000000
00000000000000000000000000000000010000010000000000000000000000000000000000000000
00000000000000000000000000000000001100110000000000000000000000000000000000000000
00000000000000000000000000000000000111100000000000000000000000000000000000000000
00000000000000000000000000000000000000000000000000000000000000000000000000000000
00000000000000000000000000000000000000000000000000000000000000000000000000000000
00000000000000000000000000000000000000000000000000000000000000000000000000000000
00000000000000000000000000000000000000000000000000000000000000000000000000000000
00000000000000000000000000000000000000000000000000000000000000000000000000000000
00000000000000000000000000000000000000000000000000000000000000000000000000000000
00000000000000000000000000000000000000000000000000000000000000000000000000000000
00000000000000000000000000000000000000000000000000000000000000000000000000000000
00000000000000000000000000000000000000000000000000000000000000000000000000000000
00000000000000000000000000000000000000000000000000000000000000000000000000000000
00000000000000000000000000000000000000000000000000000000000000000000000000000000
00000000000000000000000000000000000000000000000000000000000000000000000000000000
00000000000000000000000000000000000000000000000000000000000000000000000000000000
