00000000000000000000000000000000000000000000000000000000000000000000000000000000
00000000000000000000000000000000000000000000000000000000000000000000000000000000
00000000000000000000000000000000000000000000000000000000000000000000000000000000
00000000000000000000000000000000000000000000000000000000000000000000000000000000
00000000000000000000000000000000000000000000000000000000000000000000000000000000
00000000000000000000000000000000000000000000000000000000000000000000000000000000
00000000000000000000000000000000000000000000000000000000000000000000000000000000
00000000000000000000000000000000000000000000000000000000000000000000000000000000
00000000000000000000000000000000000001000000000000000000000000000000000000000000
00000000000000000000000000000000000001000000000000000000000000000000000000000000
00000000000000000000000000000000000001000000000000000000000000000000000000000000
00000000000000000000000000000000000001000000000000000000000000000000000000000000
00000000000000000000000000000000000001000000000000000000000000000000000000000000
00000000000000000000000000000000000001000000000000000000000000000000000000000000
00000000000000000000000000100000000001001111111110000000000000000000000000000000
00000000000000000000000000111111111111111000000000000000000000000000000000000000
00000000000000000000000000000000000001000000000000000000000000000000000000000000
00000000000000000000000000000000011111111111111111000000000000000000000000000000
00000000000000000000000000111111110000100000000001000000000000000000000000000000
00000000000000000000000000100000000000100000000001000000000000000000000000000000
00000000000000000000000000100000000000100000000011000000000000000000000000000000
00000000000000000000000000100000000000100000000010000000000000000000000000000000
00000000000000000000000000100000000000100000000100000000000000000000000000000000
00000000000000000000000000110001111111111111111110000000000000000000000000000000
00000000000000000000000000011111000000100000000000000000000000000000000000000000
00000000000000000000000000000000000000100000000000000000000000000000000000000000
00000000000000000000000000000000000111111111110000000000000000000000000000000000
00000000000000000000000000011111111100100000011000000000000000000000000000000000
00000000000000000000000000000000000000100000001100000000000000000000000000000000
00000000000000000000000000000000000000100000000100000000000000000000000000000000
00000000000000000000000000000000000011111111111111111111000000000000000000000000
00000000000000000000000000111111111100100000000100000000000000000000000000000000
00000000000000000000000000000000000000100000001100000000000000000000000000000000
00000000000000000000000000000000000000100000001000000000000000000000000000000000
00000000000000000000000000000000000011111111111000000000000000000000000000000000
00000000000000000000000000001111111100100000000000000000000000000000000000000000
00000000000000000000000000000000000000100000000000000000000000000000000000000000
00000000000000000000000000000000000000100000000000000000000000000000000000000000
00000000000000000000000000000000000000100000000000000000000000000000000000000000
00000000000000000000000000000000000000100000000000000000000000000000000000000000
00000000000000000000000000000000110000100000000000000000000000000000000000000000
00000000000000000000000000000000011000100000000000000000000000000000000000000000
00000000000000000000000000000000000111000000000000000000000000000000000000000000
00000000000000000000000000000000000000000000000000000000000000000000000000000000
00000000000000000000000000000000000000000000000000000000000000000000000000000000
00000000000000000000000000000000000000000000000000000000000000000000000000000000
00000000000000000000000000000000000000000000000000000000000000000000000000000000
00000000000000000000000000000000000000000000000000000000000000000000000000000000
00000000000000000000000000000000000000000000000000000000000000000000000000000000
00000000000000000000000000000000000000000000000000000000000000000000000000000000
00000000000000000000000000000000000000000000000000000000000000000000000000000000
00000000000000000000000000000000000000000000000000000000000000000000000000000000
00000000000000000000000000000000000000000000000000000000000000000000000000000000
00000000000000000000000000000000000000000000000000000000000000000000000000000000
00000000000000000000000000000000000000000000000000000000000000000000000000000000
00000000000000000000000000000000000000000000000000000000000000000000000000000000
00000000000000000000000000000000000000000000000000000000000000000000000000000000
00000000000000000000000000000000000000000000000000000000000000000000000000000000
00000000000000000000000000000000000000000000000000000000000000000000000000000000
00000000000000000000000000000000000000000000000000000000000000000000000000000000
