00000000000000000000000000000000000000000000000000000000000000000000000000000000
00000000000000000000000000000000000000000000000000000000000000000000000000000000
00000000000000000000000000000000000000000000000000000000000000000000000000000000
00000000000000000000000000000000000000000000000000000000000000000000000000000000
00000000000000000000000000000000000001000000000000000000000000000000000000000000
00000000000000000000000000000000000001000000000000000000000000000000000000000000
00000000000000000000000000000000000001000000000000000000000000000000000000000000
00000000000000000000000000000000000001000000000000000000000000000000000000000000
00000000000000000000000000000000000001000000000000000000000000000000000000000000
00000000000000000000000000000000000001000000000000000000000000000000000000000000
00000000000000000000000000000000000001000000000000000000000000000000000000000000
00000000000000000000000000000000000001000000001100000000000000000000000000000000
00000000000000000000000000000000000001000111110000000000000000000000000000000000
00000000000000000000000000011111111111111000000000000000000000000000000000000000
00000000000000000000000000000000000000100000000000000000000000000000000000000000
00000000000000000000000000000000000000100001111100000000000000000000000000000000
00000000000000000000000000000000000000111110000100000000000000000000000000000000
00000000000000000000000000000000011111110000000100000000000000000000000000000000
00000000000000000000000000100111110000100000000100000000000000000000000000000000
00000000000000000000000000110000000000100000000100000000000000000000000000000000
00000000000000000000000000001000000000100000000100000000000000000000000000000000
00000000000000000000000000000100000000100000001000000000000000000000000000000000
00000000000000000000000000000110000000100000011000000000000000000000000000000000
00000000000000000000000000000010000000100000100111000000000000000000000000000000
00000000000000000000000000000001000000100001111110000000000000000000000000000000
00000000000000000000000000000000111111111110000000000000000000000000000000000000
00000000000000000000000000000000110000110000000000000000000000000000000000000000
00000000000000000000000000000000011000111111111110000000000000000000000000000000
00000000000000000000000000000011111111010000000010000000000000000000000000000000
00000000000000000000000000000000000000010000000110000000000000000000000000000000
00000000000000000000000000000000000000010000001100000000000000000000000000000000
00000000000000000000000000000000000000010000011111111110000000000000000000000000
00000000000000000000000000011111111111111111110000000000000000000000000000000000
00000000000000000000000000000000000000010000100000000000000000000000000000000000
00000000000000000000000000000000000000010011000000000000000000000000000000000000
00000000000000000000000000000000000000010010000000000000000000000000000000000000
00000000000000000000000000000000000000010111111000000000000000000000000000000000
00000000000000000000000000000111111111111100000000000000000000000000000000000000
00000000000000000000000000000000000000010000000000000000000000000000000000000000
00000000000000000000000000010000000000110000000000000000000000000000000000000000
00000000000000000000000000001000000000100000000000000000000000000000000000000000
00000000000000000000000000000100000000100000000000000000000000000000000000000000
00000000000000000000000000000010000000100000000000000000000000000000000000000000
00000000000000000000000000000001000000100000000000000000000000000000000000000000
00000000000000000000000000000000100001100000000000000000000000000000000000000000
00000000000000000000000000000000110011000000000000000000000000000000000000000000
00000000000000000000000000000000011110000000000000000000000000000000000000000000
00000000000000000000000000000000000000000000000000000000000000000000000000000000
00000000000000000000000000000000000000000000000000000000000000000000000000000000
00000000000000000000000000000000000000000000000000000000000000000000000000000000
00000000000000000000000000000000000000000000000000000000000000000000000000000000
00000000000000000000000000000000000000000000000000000000000000000000000000000000
00000000000000000000000000000000000000000000000000000000000000000000000000000000
00000000000000000000000000000000000000000000000000000000000000000000000000000000
00000000000000000000000000000000000000000000000000000000000000000000000000000000
00000000000000000000000000000000000000000000000000000000000000000000000000000000
00000000000000000000000000000000000000000000000000000000000000000000000000000000
00000000000000000000000000000000000000000000000000000000000000000000000000000000
00000000000000000000000000000000000000000000000000000000000000000000000000000000
00000000000000000000000000000000000000000000000000000000000000000000000000000000
