00000000000000000000000000000000000000000000000000000000000000000000000000000000
00000000000000000000000000000000000000000000000000000000000000000000000000000000
00000000000000000000000000000000000000000000000000000000000000000000000000000000
00000000000000000000000000000000000000000000000000000000000000000000000000000000
00000000000000000000000000000000000000000000000000000000000000000000000000000000
00000000000000000000000000000000000000000000000000000000000000000000000000000000
00000000000000000000000000000000000000000000000000000000000000000000000000000000
00000000000000000000000000000000000000000000000000000000000000000000000000000000
00000000000000000000000000000000000000000000000000000000000000000000000000000000
00000000000000000000000000000000000000000000000000000000000000000000000000000000
00000000000000000000000000000000000000000000000000000000000000000000000000000000
00000000000000000000000000000000000000000000000000000000000000000000000000000000
00000000000000000000000000000000000000000000000000000000000000000000000000000000
00000000000000000000000000000000000000000000000000000000000000000000000000000000
00000000000000000000000000000000000011111111111111000000000000000000000000000000
00000000000000000000000000000001111100000000000001000000000000000000000000000000
00000000000000000000000000001111000000000000000000100000000000000000000000000000
00000000000000000000000001111000000000000000000000100000000000000000000000000000
00000000000000000000000111000000000000000000000000110000000000000000000000000000
00000000000000000000000100000000000000000000000000010000000000000000000000000000
00000000000000000000000100000000000000000000000000010000000000000000000000000000
00000000000000000000000110000000000000000000000000010000000000000000000000000000
00000000000000000000000010000000000000000000000000010000000000000000000000000000
00000000000000000000000010000000011111111110000000010000000000000000000000000000
00000000000000000000000010000000000000010000000000010000000000000000000000000000
00000000000000000000000011000000000000010000000000010000000000000000000000000000
00000000000000000000000001000000000000010000000000010000000000000000000000000000
00000000000000000000000001000000000000010000000000010000000000000000000000000000
00000000000000000000000001000000000000010000000000001000000000000000000000000000
00000000000000000000000001000000000000111111111000001000000000000000000000000000
00000000000000000000000001100000001111010000000000001000000000000000000000000000
00000000000000000000000000100000000000010000000000001000000000000000000000000000
00000000000000000000000000100000000000010000000000001000000000000000000000000000
00000000000000000000000000100000000000011000100000001000000000000000000000000000
00000000000000000000000000100000000000001000011100001000000000000000000000000000
00000000000000000000000000100000000000001000000110001000000000000000000000000000
00000000000000000000000000100000000000001000000000001000000000000000000000000000
00000000000000000000000000100000000000001111111000001000000000000000000000000000
00000000000000000000000000100000000111111100000000001000000000000000000000000000
00000000000000000000000000100000000000000000000000001000000000000000000000000000
00000000000000000000000000100000000000000000000000001000000000000000000000000000
00000000000000000000000000100000000000000000000000001000000000000000000000000000
00000000000000000000000000100000000000001111111111111100000000000000000000000000
00000000000000000000000000111111111111110000000000001000000000000000000000000000
00000000000000000000000000000000000000000000000000001000000000000000000000000000
00000000000000000000000000000000000000000000000000000000000000000000000000000000
00000000000000000000000000000000000000000000000000000000000000000000000000000000
00000000000000000000000000000000000000000000000000000000000000000000000000000000
00000000000000000000000000000000000000000000000000000000000000000000000000000000
00000000000000000000000000000000000000000000000000000000000000000000000000000000
00000000000000000000000000000000000000000000000000000000000000000000000000000000
00000000000000000000000000000000000000000000000000000000000000000000000000000000
00000000000000000000000000000000000000000000000000000000000000000000000000000000
00000000000000000000000000000000000000000000000000000000000000000000000000000000
00000000000000000000000000000000000000000000000000000000000000000000000000000000
00000000000000000000000000000000000000000000000000000000000000000000000000000000
00000000000000000000000000000000000000000000000000000000000000000000000000000000
00000000000000000000000000000000000000000000000000000000000000000000000000000000
00000000000000000000000000000000000000000000000000000000000000000000000000000000
00000000000000000000000000000000000000000000000000000000000000000000000000000000
