00000000000000000000000000000000000000000000000000000000000000000000000000000000
00000000000000000000000000000000000000000000000000000000000000000000000000000000
00000000000000000000000000000000000000000000000000000000000000000000000000000000
00000000000000000000000000000000000000000000000000000000000000000000000000000000
00000000000000000000000000000000000000000000000000000000000000000000000000000000
00000000000000000000000000000000000000000000000000000000000000000000000000000000
00000000000000000000000000000000000000000000000000000000000000000000000000000000
00000000000000000000000000000000000000000000000000000000000000000000000000000000
00000000000000000000000000000000000000000000000000000000000000000000000000000000
00000000000000000000000000000000000000000000000000000000000000000000000000000000
00000000000000000000000000000000000000000000000000000000000000000000000000000000
00000000000000000000000000000000000000000000000000000000000000000000000000000000
00000000000000000000000000000000000000000000000000000000000000000000000000000000
00000000000000000000000000000000000000000000000000000000000000000000000000000000
00000000000000000000000000000000000000000000000000000000000000000000000000000000
00000000000000000000000000000000000000000000000000000000000000000000000000000000
00000000000000000000000000000000000000000000000000000000000000000000000000000000
00000000000000000000000000000000000000000000000000000000000000000000000000000000
00000000000000000000000000000000000000000000000000000000000000000000000000000000
00000000000000000000000000000000000000000000000000000000000000000000000000000000
00000000000000000000000000000000000000000000000000000000000000000000000000000000
00000000000000000000000000000000000000000000000000000000000000000000000000000000
00000000000000000000000000000000000000000000000000000000000000000000000000000000
00000000000000000000000000000000000000000000000000000000000000000000000000000000
00000000000000000000000000000000000000000000000000000000000000000000000000000000
00000000000000000000000000000000000000000000000000000000000000000000000000000000
00000000000000000000000000000000000000000000000000000000000000000000000000000000
00000000000000000000000000000000000000000000000000000000000000000000000000000000
00000000000000000000000000000000000000000000000000000000000000000000000000000000
00000000000000000000000000000000000000000000000000000000000000000001111110000000
00000000000000000000000000000000000000000000000000000000000000111111000010000000
00000000000000000000000000000000000000000000000000000000111111100000000001000000
00000000000000000000000000000000000000000000000000000000011100000000000000001100
00000000000000000000000000000000000000000000000000000001000000000000000000000100
00000000000000000000000000000000000000000000000000000001000000000000000000000100
00000000000000000000000000000000000000000000000000000001000000000000000000000100
00000000000000000000000000000000000000000000000000000001000000000000000000000100
00000000000000000000000000000000000000000000000000000001000000000000000000000100
00000000000000000000000000000000000000000000000000000001000000000000000000000100
00000000000000000000000000000000000000000000000000000001000000000111111100000100
00000000000000000000000000000000000000000000000000000001000000001000000000000100
00000000000000000000000000000000000000000000000000000001000000000000010000000100
00000000000000000000000000000000000000000000000000000001000000000000010000000100
00000000000000000000000000000000000000000000000000000001000000000000010000000100
00000000000000000000000000000000000000000000000000000001000000000000011111100100
00000000000000000000000000000000000000000000000000000001000000000011111000000100
00000000000000000000000000000000000000000000000000000001000000000000010000000100
00000000000000000000000000000000000000000000000000000001000000000000010011000100
00000000000000000000000000000000000000000000000000000001000000000000010001100100
00000000000000000000000000000000000000000000000000000001000000000000000000110100
00000000000000000000000000000000000000000000000000000001000000000000000000010100
00000000000000000000000000000000000000000000000000000001000000001111111111000100
00000000000000000000000000000000000000000000000000000000100000111000000000000100
00000000000000000000000000000000000000000000000000000000100000000000000000000100
00000000000000000000000000000000000000000000000000000000100000000000000000000100
00000000000000000000000000000000000000000000000000000000110000000000000000000100
00000000000000000000000000000000000000000000000000000000010011111111111111111110
00000000000000000000000000000000000000000000000000000000011110000000000000000000
00000000000000000000000000000000000000000000000000000000000000000000000000000000
00000000000000000000000000000000000000000000000000000000000000000000000000000000
