00000000000000000000000000000000000000000000000000000000000000000000000000000000
00000000000000000000000000000000000000000000000000000000000000000000000000000000
00000000000000000000000000000000000000000000000000000000000000000000000000000000
00000000000000000000000000000000000000000000000000000000000000000000000000000000
00000000000000000000000000000000000000000000000000000000000000000000000000000000
00000000000000000000000000000000000000000000000000000000000000000000000000000000
00000000000000000000000000000000000000000000000000000000000000000000000000000000
00000000000000000000000000000000000000000000000000000000000000000000000000000000
00000000000000000000000000000000000000000000000000000000000000000000000000000000
00000000000000000000000000000000000000000000000000000000000000000000000000000000
00000000000000000000000000000000000000000000000000000000000000000000000000000000
00000000000000000000000000000000000000000000000000000000000000000000000000000000
00000000000000000000000000000000000000000000000000000000000000000000000000000000
00000000000000000000000000000000000000000000000000000000000000000000000000000000
00000000000000000000000000000000000000000000000000000000000000000000000000000000
00000000000000000000000000000000000000000000000000000000000000000000000000000000
00000000000000000000000000000000000000000000000000000000000000000000000000000000
00000000000000000000000000000000000000000000000000000000000000000000000000000000
00000000000000000000000000000000000010000000000000000000000000000000000000000000
00000000000000000000000000000000000110000000000000000000000000000000000000000000
00000000000000000000000000000000000100000000000000000000000000000000000000000000
00000000000000000000000000000000000100000000000000000000000000000000000000000000
00000000000000000000000000000000001000000000000000000000000000000000000000000000
00000000000000000000000000000000011000000000000000000000000000000000000000000000
00000000000000000000000000000000011000000000000000000000000000000000000000000000
00000000000000000000000000000000100100110000000000000000000000000000000000000000
00000000000000000000000000000011100100011100000000000000000000000000000000000000
00000000000000000000000000000110000110000111000000000000000000000000000000000000
00000000000000000000000000000100000111000001100000000000000000000000000000000000
00000000000000000000000000000000000101000000000000000000000000000000000000000000
00000000000000000000000000000000000101000000111111000000000000000000000000000000
00000000000000000000000000000000000100111111000000000000000000000000000000000000
00000000000000000000000000000111111111010000000000000000000000000000000000000000
00000000000000000001111111111000000010010000010000000000000000000000000000000000
00000000000000000000000000000000000010111000010000000000000000000000000000000000
00000000000000000000000000000000000011100100110000000000000000000000000000000000
00000000000000000000000000001111111110000110100000000000000000000000000000000000
00000000000000000000000000011000000010000010100000000000000000000000000000000000
00000000000000000000000000000000000010000011100000000000000000000000000000000000
00000000000000000000000000000000000010000001100000000000000000000000000000000000
00000000000000000000000000000000000010000001100000000000000000000000000000000000
00000000000000000000000000000000000010000010010000000000000000000000000000000000
00000000000000000000000000000000000010000010001000000000000000000000000000000000
00000000000000000000000000000001000010000110000100000000000000000000000000000000
00000000000000000000000000000000100110000100000110000000000000000000000000000000
00000000000000000000000000000000011100011000000011000000000000000000000000000000
00000000000000000000000000000000000000000000000001100000000000000000000000000000
00000000000000000000000000000000000000000000000000110000000000000000000000000000
00000000000000000000000000000000000000000000000000011100000000000000000000000000
00000000000000000000000000000000000000000000000000000000000000000000000000000000
00000000000000000000000000000000000000000000000000000000000000000000000000000000
00000000000000000000000000000000000000000000000000000000000000000000000000000000
00000000000000000000000000000000000000000000000000000000000000000000000000000000
00000000000000000000000000000000000000000000000000000000000000000000000000000000
00000000000000000000000000000000000000000000000000000000000000000000000000000000
00000000000000000000000000000000000000000000000000000000000000000000000000000000
00000000000000000000000000000000000000000000000000000000000000000000000000000000
00000000000000000000000000000000000000000000000000000000000000000000000000000000
00000000000000000000000000000000000000000000000000000000000000000000000000000000
00000000000000000000000000000000000000000000000000000000000000000000000000000000
