00000000000000000000000000000000000000000000000000000000000000000000000000000000
00000000000000000000000000000000000000000000000000000000000000000000000000000000
00000000000000000000000000000000000000000000000000000000000000000000000000000000
00000000000000000000000000000000000000000000000000000000000000000000000000000000
00000000000000000000000000000000000000000000000000000000000000000000000000000000
00000000000000000000000000000000000000000000000000000000000000000000000000000000
00000000000000000000000000000000000000000000000000000000000000000000000000000000
00000000000000000000000000000000000000000000000000000000000000000000000000000000
00000000000000000000000000000000000000000000000000000000000000000000000000000000
00000000000000000000000000000000000000000000000000000000000000000000000000000000
00000000000000000000000000000000000000000000000000000000000000000000000000000000
00000000000000000000000000000000000000000000000000000000000000000000000000000000
00000000000000000000000000000000000000100000000000000000000000000000000000000000
00000000000000000000000000000000000000100000000000000000000000000000000000000000
00000000000000000000000000000000000000100000000000000000000000000000000000000000
00000000000000000000000000000000000001100000000000000000000000000000000000000000
00000000000000000000000000000000000001000000000000000000000000000000000000000000
00000000000000000000000000000000000011000000000000000000000000000000000000000000
00000000000000000000000000000000000010000000000000000000000000000000000000000000
00000000000000000000000000000000000100001000000000000000000000000000000000000000
00000000000000000000000000000000001100001100000000000000000000000000000000000000
00000000000000000000000000000000011000000110000000000000000000000000000000000000
00000000000000000000000000000000110000000001100000000000000000000000000000000000
00000000000000000000000000000001100000000000110000000000000000000000000000000000
00000000000000000000000000000011000000000000000000000000000000000000000000000000
00000000000000000000000000000010000000000000000111100000000000000000000000000000
00000000000000000000000000000001000100000011111000000000000000000000000000000000
00000000000000000000000000000001000010111100000000000000000000000000000000000000
00000000000000000000000000000001101111000000000000000000000000000000000000000000
00000000000000000000000000000011110001000000000000000000000000000000000000000000
00000000000000000000000000111100100001000000100000000000000000000000000000000000
00000000000000000000011111000000110000100000100000000000000000000000000000000000
00000000000000000000000000000000010001010001100000000000000000000000000000000000
00000000000000000000000000000000010110001001000000000000000000000000000000000000
00000000000000000000000000000000111000001111000000000000000000000000000000000000
00000000000000000000000000000111010000000110000000000000000000000000000000000000
00000000000000000000000000001100010000000010000000000000000000000000000000000000
00000000000000000000000000011000010000000111000000000000000000000000000000000000
00000000000000000000000000000000010000001001100000000000000000000000000000000000
00000000000000000000000000001000010000011000110000000000000000000000000000000000
00000000000000000000000000000110110000110000010000000000000000000000000000000000
00000000000000000000000000000011100011000000001000000000000000000000000000000000
00000000000000000000000000000000000000000000001100000000000000000000000000000000
00000000000000000000000000000000000000000000000110000000000000000000000000000000
00000000000000000000000000000000000000000000000011000000000000000000000000000000
00000000000000000000000000000000000000000000000001110000000000000000000000000000
00000000000000000000000000000000000000000000000000011000000000000000000000000000
00000000000000000000000000000000000000000000000000000111000000000000000000000000
00000000000000000000000000000000000000000000000000000000000000000000000000000000
00000000000000000000000000000000000000000000000000000000000000000000000000000000
00000000000000000000000000000000000000000000000000000000000000000000000000000000
00000000000000000000000000000000000000000000000000000000000000000000000000000000
00000000000000000000000000000000000000000000000000000000000000000000000000000000
00000000000000000000000000000000000000000000000000000000000000000000000000000000
00000000000000000000000000000000000000000000000000000000000000000000000000000000
00000000000000000000000000000000000000000000000000000000000000000000000000000000
00000000000000000000000000000000000000000000000000000000000000000000000000000000
00000000000000000000000000000000000000000000000000000000000000000000000000000000
00000000000000000000000000000000000000000000000000000000000000000000000000000000
00000000000000000000000000000000000000000000000000000000000000000000000000000000
