00000000000000000000000000000000000000000000000000000000000000000000000000000000
00000000000000000000000000000000000000000000000000000000000000000000000000000000
00000000000000000000000000000000000000000000000000000000000000000000000000000000
00000000000000000000000000000000000000000000000000000000000000000000000000000000
00000000000000000000000000000000000000000000000000000000000000000000000000000000
00000000000000000000000000000000000000000000000000000000000000000000000000000000
00000000000000000000000000000000000000000000000000000000000000000000000000000000
00000000000000000000000000000000000000000000000000000000000000000000000000000000
00000000000000000000000000000000000000000000000000000000000000000000000000000000
00000000000000000000000000000000000000000000000000000000000000000000000000000000
00000000000000000000000000000000000000000000000000000000000000000000000000000000
00000000000000000000000000000000000000000000000000000000000000000000000000000000
00000000000000000000000000000000000000000000000000000000000000000000000000000000
00000000000000000000000000000000000000000000000000000000000000000000000000000000
00000000000000000000000000000000000000000000000000000000000000000000000000000000
00000000000000000000000000000000000000000000000000000000000000000000000000000000
00000000000000000000000000000000000000000000000000000000000000000000000000000000
00000000000000000000000000000000000110000000000000000000000000000000000000000000
00000000000000000000000000000000000100000000010000000000000000000000000000000000
00000000000000000000000000000000000100010000011000000000000000000000000000000000
00000000000000000000000000000000001000010000000100000000000000000000000000000000
00000000000000000000000000000000011000010000000110000000000000000000000000000000
00000000000000000000000000000000110100001000000001000000000000000000000000000000
00000000000000000000000000000001100100001000000001100000000000000000000000000000
00000000000000000000000000000011000110000100001111111000000000000000000000000000
00000000000000000000000000000110000010001111110000000000000000000000000000000000
00000000000000000000000000000000001111110010001000000000000000000000000000000000
00000000000000000000000000000011110010000011001000000000000000000000000000000000
00000000000000000000000100001100000010000001111000000000000000000000000000000000
00000000000000000000000111110000000010000000111000000000000000000000000000000000
00000000000000000000000000000000000001000001111000000000000000000000000000000000
00000000000000000000000000000000000001001110011000000000000000000000000000000000
00000000000000000000000000000000000111110000001100000000000000000000000000000000
00000000000000000000000000000000111001000000001100000000000000000000000000000000
00000000000000000000000000000111000001000000010010000000000000000000000000000000
00000000000000000000000000000100000001000000010001000000000000000000000000000000
00000000000000000000000000000000000001000001110001100000000000000000000000000000
00000000000000000000000000000000000001000000000000010000000000000000000000000000
00000000000000000000000000000000011111000000000000001000000000000000000000000000
00000000000000000000000000000000000000000000000000001100010000000000000000000000
00000000000000000000000000000000000000000000000000000010010000000000000000000000
00000000000000000000000000000000000000000000000000000001110000000000000000000000
00000000000000000000000000000000000000000000000000000000110000000000000000000000
00000000000000000000000000000000000000000000000000000000000000000000000000000000
00000000000000000000000000000000000000000000000000000000000000000000000000000000
00000000000000000000000000000000000000000000000000000000000000000000000000000000
00000000000000000000000000000000000000000000000000000000000000000000000000000000
00000000000000000000000000000000000000000000000000000000000000000000000000000000
00000000000000000000000000000000000000000000000000000000000000000000000000000000
00000000000000000000000000000000000000000000000000000000000000000000000000000000
00000000000000000000000000000000000000000000000000000000000000000000000000000000
00000000000000000000000000000000000000000000000000000000000000000000000000000000
00000000000000000000000000000000000000000000000000000000000000000000000000000000
00000000000000000000000000000000000000000000000000000000000000000000000000000000
00000000000000000000000000000000000000000000000000000000000000000000000000000000
00000000000000000000000000000000000000000000000000000000000000000000000000000000
00000000000000000000000000000000000000000000000000000000000000000000000000000000
00000000000000000000000000000000000000000000000000000000000000000000000000000000
00000000000000000000000000000000000000000000000000000000000000000000000000000000
00000000000000000000000000000000000000000000000000000000000000000000000000000000
