00000000000000000000000000000000000000000000000000000000000000000000000000000000
00000000000000000000000000000000000000000000000000000000000000000000000000000000
00000000000000000000000000000000000000000000000000000000000000000000000000000000
00000000000000000000000000000000000000000000000000000000000000000000000000000000
00000000000000000000000000000000000000000000000000000000000000000000000000000000
00000000000000000000000000000000000000000000000000000000000000000000000000000000
00000000000000000000000000000000000000000000000000000000000000000000000000000000
00000000000000000000000000000000000000000000000000000000000000000000000000000000
00000000000000000000000000000000000000000000000000000000000000000000000000000000
00000000000000000000000000000000000000000000000000000000000000000000000000000000
00000000000000000000000000000000000000000000000000000000000000000000000000000000
00000000000000000000000000000000000000000000000000000000000000000000000000000000
00000000000000000000000000000000000000000000000000000000000000000000000000000000
00000000000000000000000000000000000000000000000000000000000000000000000000000000
00000000000000000000000000000000000000000000000000000000000000000000000000000000
00000000000000000000000000000000000000010000000000000000000000000000000000000000
00000000000000000000000000000000000000010000000000000000000000000000000000000000
00000000000000000000000000000000000000010000000000000000000000000000000000000000
00000000000000000000000000000000000000010000000001000000000000000000000000000000
00000000000000000000000000000000000000110000000000100000000000000000000000000000
00000000000000000000000000000000000000100000000000010000000000000000000000000000
00000000000000000000000000000000000001100010000000011000000000000000000000000000
00000000000000000000000000000000000001000011000000000000000000000000000000000000
00000000000000000000000000000000000010100001000000000000000000000000000000000000
00000000000000000000000000000000000110110000100000000000000000000000000000000000
00000000000000000000000000000000011100010000110000001111111110000000000000000000
00000000000000000000000000000000000000010000010111111000000000000000000000000000
00000000000000000000000000000000000000001100011000000000000000000000000000000000
00000000000000000000000011111111111100001000001000000000000000000000000000000000
00000000000000000000000000000000000000001000001100000000000000000000000000000000
00000000000000000000000000000000000000000100000100000100000000000000000000000000
00000000000000000000000000000000000000000100100010000100000000000000000000000000
00000000000000000000000000000000000000000101100001000100000000000000000000000000
00000000000000000000000000000000000000000111000001001100000000000000000000000000
00000000000000000000000000000000000000111110000000101000000000000000000000000000
00000000000000000000000000000000000011000010000000011000000000000000000000000000
00000000000000000000000000000000011100000010000000011000000000000000000000000000
00000000000000000000000000000000010000000010000000011000000000000000000000000000
00000000000000000000000000000000000000000001000000011000000000000000000000000000
00000000000000000000000000000000000000000001000000010100000000000000000000000000
00000000000000000000000000000000000000000001000000110110000000000000000000000000
00000000000000000000000000000000000000000001000000100010000000000000000000000000
00000000000000000000000000000000000000000001000111100001000000000000000000000000
00000000000000000000000000000000000000000011000000000000100000000000000000000000
00000000000000000000000000000000000000110010000000000000110000000000000000000000
00000000000000000000000000000000000000011110000000000000010000000000000000000000
00000000000000000000000000000000000000000000000000000000001000000000000000000000
00000000000000000000000000000000000000000000000000000000000100000000000000000000
00000000000000000000000000000000000000000000000000000000000010000000000000000000
00000000000000000000000000000000000000000000000000000000000001110000000000000000
00000000000000000000000000000000000000000000000000000000000000110000000000000000
00000000000000000000000000000000000000000000000000000000000000000000000000000000
00000000000000000000000000000000000000000000000000000000000000000000000000000000
00000000000000000000000000000000000000000000000000000000000000000000000000000000
00000000000000000000000000000000000000000000000000000000000000000000000000000000
00000000000000000000000000000000000000000000000000000000000000000000000000000000
00000000000000000000000000000000000000000000000000000000000000000000000000000000
00000000000000000000000000000000000000000000000000000000000000000000000000000000
00000000000000000000000000000000000000000000000000000000000000000000000000000000
00000000000000000000000000000000000000000000000000000000000000000000000000000000
