00000000000000000000000000000000000000000000000000000000000000000000000000000000
00000000000000000000000000000000000000000000000000000000000000000000000000000000
00000000000000000000000000000000000000000000000000000000000000000000000000000000
00000000000000000000000000000000000000000000000000000000000000000000000000000000
00000000000000000000000000000000000000000000000000000000000000000000000000000000
00000000000000000000000000000000000000000000000000000000000000000000000000000000
00000000000000000000000000000000000000000000000000000000000000000000000000000000
00000000000000000000000000000000000000000000000000000000000000000000000000000000
00000000000000000000000000000000000000000000000000000000000000000000000000000000
00000000000000000000000000000000000000000000000000000000000000000000000000000000
00000000000000000000000000000000000000000000000000000000000000000000000000000000
00000000000000000000000000000000000000000000000000000000000000000000000000000000
00000000000000000000000000000000000000000000000000000000000000000000000000000000
00000000000000000000000000000000000000000000000000000000000000000000000000000000
00000000000000000000000000000000000000000000000000000000000000000000000000000000
00000000000000000000000000000000000000000000000000000000000000000000000000000000
00000000000000000000000000000000000000000000000000000000000000000000000000000000
00000000000000000000000000000000000001000000000000000000000000000000000000000000
00000000000000000000000000000000000001000000000000000000000000000000000000000000
00000000000000000000000000000000000010000000000000000000000000000000000000000000
00000000000000000000000000000000000010000000000000000000000000000000000000000000
00000000000000000000000000000000000100000111000000000000000000000000000000000000
00000000000000000000000000000000001100000001110000000000000000000000000000000000
00000000000000000000000000000000011011000000011100000000000000000000000000000000
00000000000000000000000000000000110001000000000000000000000000000000000000000000
00000000000000000000000000000001101100100000000000000000000000000000000000000000
00000000000000000000000000000011000100110000000000000000000000000000000000000000
00000000000000000000000000001110000100010011111000000000000000000000000000000000
00000000000000000000000000011000000101111100000000000000000000000000000000000000
00000000000000000000000000000000011110001000000000000000000000000000000000000000
00000000000000000000000000000111110110000100000010000000000000000000000000000000
00000000000000000000000111111000000010010110000010000000000000000000000000000000
00000000000000000000000000000000000010110010000110000000000000000000000000000000
00000000000000000000000000000000000011100011000100000000000000000000000000000000
00000000000000000000000000000000001110000001001100000000000000000000000000000000
00000000000000000000000000000000011010000000101000000000000000000000000000000000
00000000000000000000000000000001100010000000111000000000000000000000000000000000
00000000000000000000000000000010000010000000110000000000000000000000000000000000
00000000000000000000000000000000000010000001101000000000000000000000000000000000
00000000000000000000000000000000000110000011001100000000000000000000000000000000
00000000000000000000000000000000011100000000000100000000000000000000000000000000
00000000000000000000000000000000000000000000000010000000000000000000000000000000
00000000000000000000000000000000000000000000000011000000000000000000000000000000
00000000000000000000000000000000000000000000000001000000000000000000000000000000
00000000000000000000000000000000000000000000000001100000000000000000000000000000
00000000000000000000000000000000000000000000000000110000000000000000000000000000
00000000000000000000000000000000000000000000000000011100000000000000000000000000
00000000000000000000000000000000000000000000000000000000000000000000000000000000
00000000000000000000000000000000000000000000000000000000000000000000000000000000
00000000000000000000000000000000000000000000000000000000000000000000000000000000
00000000000000000000000000000000000000000000000000000000000000000000000000000000
00000000000000000000000000000000000000000000000000000000000000000000000000000000
00000000000000000000000000000000000000000000000000000000000000000000000000000000
00000000000000000000000000000000000000000000000000000000000000000000000000000000
00000000000000000000000000000000000000000000000000000000000000000000000000000000
00000000000000000000000000000000000000000000000000000000000000000000000000000000
00000000000000000000000000000000000000000000000000000000000000000000000000000000
00000000000000000000000000000000000000000000000000000000000000000000000000000000
00000000000000000000000000000000000000000000000000000000000000000000000000000000
00000000000000000000000000000000000000000000000000000000000000000000000000000000
