00000000000000000000000000000000000000000000000000000000000000000000000000000000
00000000000000000000000000000000000000000000000000000000000000000000000000000000
00000000000000000000000000000000000000000000000000000000000000000000000000000000
00000000000000000000000000000000000000000000000000000000000000000000000000000000
00000000000000000000000000000000000000000000000000000000000000000000000000000000
00000000000000000000000000000000000000000000000000000000000000000000000000000000
00000000000000000000000000000000000000000000000000000000000000000000000000000000
00000000000000000000000000000000000000000000000000000000000000000000000000000000
00000000000000000000000000000000000000000000000000000000000000000000000000000000
00000000000000000000000000000000000000000000000000000000000000000000000000000000
00000000000000000000000000000000000000000000000000000000000000000000000000000000
00000000000000000000000000000000000000000000000000000000000000000000000000000000
00000000000000000000000000000000000000000000000000000000000000000000000000000000
00000000000000000000000000000000000000000000000000000000000000000000000000000000
00000000000000000000000000000000000000000000000000000000000000000000000000000000
00000000000000000000000000000000000000000000000000000000000000000000000000000000
00000000000000000000000000000000000000001000000000000000000000000000000000000000
00000000000000000000000000000000000000011000000000000000000000000000000000000000
00000000000000000000000000000000000000010000000000000000000000000000000000000000
00000000000000000000000000000000000000010100000000000000000000000000000000000000
00000000000000000000000000000000000000110100011100000000000000000000000000000000
00000000000000000000000000000000000001100010000111000000000000000000000000000000
00000000000000000000000000000000000011000010000001111000000000000000000000000000
00000000000000000000000000000000000110000011000000000000000000000000000000000000
00000000000000000000000000000000001100010001000000000000000000000000000000000000
00000000000000000000000000000000111000010001111111111000000000000000000000000000
00000000000000000000000000000000000000011111110000000000000000000000000000000000
00000000000000000000000000000000001111110001010000000000000000000000000000000000
00000000000000000000000001111111110000010001010000100000000000000000000000000000
00000000000000000000000000000000000000010011001000100000000000000000000000000000
00000000000000000000000000000000000000010110001001000000000000000000000000000000
00000000000000000000000000000000000000011100000111000000000000000000000000000000
00000000000000000000000000000000000001110000000110000000000000000000000000000000
00000000000000000000000000000000001110010000000110000000000000000000000000000000
00000000000000000000000000000000110000010000000111000000000000000000000000000000
00000000000000000000000000000000000000010000001001000000000000000000000000000000
00000000000000000000000000000000000000010000110000100000000000000000000000000000
00000000000000000000000000000000000000010111100000010000000000000000000000000000
00000000000000000000000000000000000000010000000000011000000000000000000000000000
00000000000000000000000000000000000000010000000000001100000000000000000000000000
00000000000000000000000000000000000000010000000000000110000000000000000000000000
00000000000000000000000000000000000001110000000000000011001000000000000000000000
00000000000000000000000000000000000000110000000000000000111000000000000000000000
00000000000000000000000000000000000000000000000000000000000000000000000000000000
00000000000000000000000000000000000000000000000000000000000000000000000000000000
00000000000000000000000000000000000000000000000000000000000000000000000000000000
00000000000000000000000000000000000000000000000000000000000000000000000000000000
00000000000000000000000000000000000000000000000000000000000000000000000000000000
00000000000000000000000000000000000000000000000000000000000000000000000000000000
00000000000000000000000000000000000000000000000000000000000000000000000000000000
00000000000000000000000000000000000000000000000000000000000000000000000000000000
00000000000000000000000000000000000000000000000000000000000000000000000000000000
00000000000000000000000000000000000000000000000000000000000000000000000000000000
00000000000000000000000000000000000000000000000000000000000000000000000000000000
00000000000000000000000000000000000000000000000000000000000000000000000000000000
00000000000000000000000000000000000000000000000000000000000000000000000000000000
00000000000000000000000000000000000000000000000000000000000000000000000000000000
00000000000000000000000000000000000000000000000000000000000000000000000000000000
00000000000000000000000000000000000000000000000000000000000000000000000000000000
00000000000000000000000000000000000000000000000000000000000000000000000000000000
