00000000000000000000000000000000000000000000000000000000000000000000000000000000
00000000000000000000000000000000000000000000000000000000000000000000000000000000
00000000000000000000000000000000000000000000000000000000000000000000000000000000
00000000000000000000000000000000000000000000000000000000000000000000000000000000
00000000000000000000000000000000000000000000000000000000000000000000000000000000
00000000000000000000000000000000000000000000000000000000000000000000000000000000
00000000000000000000000000000000000000000000000000000000000000000000000000000000
00000000000000000000000000000000000000000000000000000000000000000000000000000000
00000000000000000000000000000000000000000000000000000000000000000000000000000000
00000000000000000000000000000000000000000000000000000000000000000000000000000000
00000000000000000000000000000000000000000000000000000000000000000000000000000000
00000000000000000000000000000000000000000000000000000000000000000000000000000000
00000000000000000000000000000000000000000000000000000000000000000000000000000000
00000000000000000000000000000000000000000000000000000000000000000000000000000000
00000000000000000000000000000000000000000000000000000000000000000000000000000000
00000000000000000000000000000000000000000000000000000000000000000000000000000000
00000000000000000000000000000000000000010000000000000000000000000000000000000000
00000000000000000000000000000000000000110000000000000000000000000000000000000000
00000000000000000000000000000000000000100000000000000000000000000000000000000000
00000000000000000000000000000000000001100000000000000000000000000000000000000000
00000000000000000000000000000000000011000000000000000000000000000000000000000000
00000000000000000000000000000000001100000000000000000000000000000000000000000000
00000000000000000000000000000000111100000110000000000000000000000000000000000000
00000000000000000000000000000111100110000011110000000000000000000000000000000000
00000000000000000000000000000100000010110000011100000000000000000000000000000000
00000000000000000000000000000000000010010000000000000000000000000000000000000000
00000000000000000000000000000000000011011000000000000000000000000000000000000000
00000000000000000000000000000000000001001000000011100000000000000000000000000000
00000000000000000000000000000000000001111111111110000000000000000000000000000000
00000000000000000000000000000000111111000010000000000000000000000000000000000000
00000000000000000000011111111111100000100010000011000000000000000000000000000000
00000000000000000000000000000000000000100001000010000000000000000000000000000000
00000000000000000000000000000000000000101001000110000000000000000000000000000000
00000000000000000000000000000000000000101000101100000000000000000000000000000000
00000000000000000000000000000000000001111000011000000000000000000000000000000000
00000000000000000000000000000000001111100000011000000000000000000000000000000000
00000000000000000000000000000000110000100000011100000000000000000000000000000000
00000000000000000000000000000001000000100000100110000000000000000000000000000000
00000000000000000000000000000000000000100001100011000000000000000000000000000000
00000000000000000000000000000000000000100111000001100000000000000000000000000000
00000000000000000000000000000000010000100000000000110000000000000000000000000000
00000000000000000000000000000000001111100000000000011000000000000000000000000000
00000000000000000000000000000000000000000000000000001101000000000000000000000000
00000000000000000000000000000000000000000000000000000111000000000000000000000000
00000000000000000000000000000000000000000000000000000000000000000000000000000000
00000000000000000000000000000000000000000000000000000000000000000000000000000000
00000000000000000000000000000000000000000000000000000000000000000000000000000000
00000000000000000000000000000000000000000000000000000000000000000000000000000000
00000000000000000000000000000000000000000000000000000000000000000000000000000000
00000000000000000000000000000000000000000000000000000000000000000000000000000000
00000000000000000000000000000000000000000000000000000000000000000000000000000000
00000000000000000000000000000000000000000000000000000000000000000000000000000000
00000000000000000000000000000000000000000000000000000000000000000000000000000000
00000000000000000000000000000000000000000000000000000000000000000000000000000000
00000000000000000000000000000000000000000000000000000000000000000000000000000000
00000000000000000000000000000000000000000000000000000000000000000000000000000000
00000000000000000000000000000000000000000000000000000000000000000000000000000000
00000000000000000000000000000000000000000000000000000000000000000000000000000000
00000000000000000000000000000000000000000000000000000000000000000000000000000000
00000000000000000000000000000000000000000000000000000000000000000000000000000000
