00000000000000000000000000000000000000000000000000000000000000000000000000000000
00000000000000000000000000000000000000000000000000000000000000000000000000000000
00000000000000000000000000000000000000000000000000000000000000000000000000000000
00000000000000000000000000000000000000000000000000000000000000000000000000000000
00000000000000000000000000000000000000000000000000000000000000000000000000000000
00000000000000000000000000000000000000000000000000000000000000000000000000000000
00000000000000000000000000000000000000000000000000000000000000000000000000000000
00000000000000000000000000000000000000000000000000000000000000000000000000000000
00000000000000000000000000000000000000000000000000000000000000000000000000000000
00000000000000000000000000000000000000000000000000000000000000000000000000000000
00000000000000000000000000000000000000000000000000000000000000000000000000000000
00000000000000000000000000000000000000000000000000000000000000000000000000000000
00000000000000000000000000000000000000000000000000000000000000000000000000000000
00000000000000000000000000000000000000000000000000000000000000000000000000000000
00000000000000000000000000000000000000000000000000000000000000000000000000000000
00000000000000000000000000000000000000000000000000000000000000000000000000000000
00000000000000000000000000000000000000000000000000000000000000000000000000000000
00000000000000000000000000000000000000000000000000000000000000000000000000000000
00000000000000000000000000000000000000000000000000000000000000000000000000000000
00000000000000000000000000000000000000000000000000000000000000000000000000000000
00000000000000000000000000000000000000000000000000000000000000000000000000000000
00000000000000000000000000000000000000000000000000000000000000000000000000000000
00000000000000000000000000000000000000000000000000000000000000000000000000000000
00000000000000000000000000000000000000000000000000000000000000000000000000000000
00000000000000000000000000000000000000000000000000000000000000000000000000000000
00000000000000000000000000000000000000000000000000000000000000000000000000000000
00000000000000000000000000000000000000000000000000000000000000000000000000000000
00000000000000000000000000000000000000000000000000000000000000000000000000000000
00000000000000000000000000000000000000000000000000000000000000000000000000000000
00000000000000000000000000000000000000000000000000000000000000000000000000000000
00000000000000000000000000000000000000000000000000000000000000000000000000000000
00000000000000000000000000000000000000000000000000000000000000000000000000000000
00000000000000000000000000000000000000000000000000000000000000000000000000000000
00000000000000000000000000000000000000000000000000000000000000000000000000000000
00000000000000000000000000000000000000000000000000000000000000000000000000000000
00000000000000000000100000000000000000000000000000000000000000000000000000000000
00000000000000000000100000000000000000000000000000000000000000000000000000000000
00000000000000000001100000110000000000000000000000000000000000000000000000000000
00000000000000000011001000011000000000000000000000000000000000000000000000000000
00000000000000000110001100000110000000000000000000000000000000000000000000000000
00000000000000011100010100000000000000000000000000000000000000000000000000000000
00000000000000010000010110000000000000000000000000000000000000000000000000000000
00000000000000000000010010000000000000000000000000000000000000000000000000000000
00000000000000000001111011111111100000000000000000000000000000000000000000000000
00000000000001111110010001000000000000000000000000000000000000000000000000000000
00000000001111000000010001000000000000000000000000000000000000000000000000000000
00000001110000000000010001100010000000000000000000000000000000000000000000000000
00000000000000000000110000100110000000000000000000000000000000000000000000000000
00000000000000000001010000011100000000000000000000000000000000000000000000000000
00000000000000000110010000011000000000000000000000000000000000000000000000000000
00000000000000001100010000011000000000000000000000000000000000000000000000000000
00000000000000001000010000110100000000000000000000000000000000000000000000000000
00000000000000000000010001100110000000000000000000000000000000000000000000000000
00000000000000000000010011000010000000000000000000000000000000000000000000000000
00000000000000000100100110000001000000000000000000000000000000000000000000000000
00000000000000000010111100000001100000000000000000000000000000000000000000000000
00000000000000000001100000000000110010000000000000000000000000000000000000000000
00000000000000000000000000000000011110000000000000000000000000000000000000000000
00000000000000000000000000000000000110000000000000000000000000000000000000000000
00000000000000000000000000000000000000000000000000000000000000000000000000000000
