00000000000000000000000000000000000000000000000000000000000000000000000000000000
00000000000000000000000000000000000000000000000000000000000000000000000000000000
00000000000000000000000000000000000000000000000000000000000000000000000000000000
00000000000000000000000000000000000000000000000000000000000000000000000000000000
00000000000000000000000000000000000000000000000000000000000000000000000000000000
00000000000000000000000000000000000000000000000000000000000000000000000000000000
00000000000000000000000000000000000000000000000000000000000000000000000000000000
00000000000000000000000000000000000000000000000000000000000000000000000000000000
00000000000000000000000000000000000000000000000000000000000000000000000000000000
00000000000000000000000000000000000000000000000000000000000000000000000000000000
00000000000000000000000000000000000000000000000000000000000000000000000000000000
00000000000000000000000000000000000000000000000000000000000000000000000000000000
00000000000000000000000000000000000000000000000000000000000000000000000000000000
00000000000000000000000000000000000000000000000000000000000000000000000000000000
00000000000000000000000000000000000000000000000000000000000000000000000000000000
00000000000000000000000000000000000000000000000000000000000000000000000000000000
00000000000000000000000000000000000000000000000000000000000000000000000000000000
00000000000000000000000000000000000000000000000000000000000000000000000000000000
00000000000000000000000000000000000000000000000000000000000000000000000000000000
00000000000000000000000000000000000000000000000000000000000000000000000000000000
00000000000000000000000000000000000000000000000000000000000000000000000000000000
00000000000000000000000000000000000000000000000000000000000000000000000000000000
00000000000000000000000000000000000000000000000000000000000000000000000000000000
00000000000000000000000000000000000000000000000000000000000000000000000000000000
00000000000000000000000000000000000000000000000000000000000000000000000000000000
00000000000000000000000000000000000000000000000000000000000100000000000000000000
00000000000000000000000000000000000000000000000000000000000100000000000000000000
00000000000000000000000000000000000000000000000000000000001000000000000000000000
00000000000000000000000000000000000000000000000000000000011000000010000000000000
00000000000000000000000000000000000000000000000000000001100000000011100000000000
00000000000000000000000000000000000000000000000000000011000000000000110000000000
00000000000000000000000000000000000000000000000000000010010000100000011000000000
00000000000000000000000000000000000000000000000000000000011000100000001100000000
00000000000000000000000000000000000000000000000000000000001000010000000000000000
00000000000000000000000000000000000000000000000000000000001100010000011111100000
00000000000000000000000000000000000000000000000000000000000111111111110000000000
00000000000000000000000000000000000000000000000000001111111100001000000000000000
00000000000000000000000000000000000000000000000000111000000100000100000000000000
00000000000000000000000000000000000000000000000000000000000100000110001000000000
00000000000000000000000000000000000000000000000000000000000110011010001000000000
00000000000000000000000000000000000000000000000000000000000011100001001000000000
00000000000000000000000000000000000000000000000000000000000110000001010000000000
00000000000000000000000000000000000000000000000000000000011010000000110000000000
00000000000000000000000000000000000000000000000000000001100010000000010000000000
00000000000000000000000000000000000000000000000000000001000010000000111000000000
00000000000000000000000000000000000000000000000000000000000010000001101000000000
00000000000000000000000000000000000000000000000000000000000010000001000100000000
00000000000000000000000000000000000000000000000000000000010010000110000010000000
00000000000000000000000000000000000000000000000000000000001010000000000011000000
00000000000000000000000000000000000000000000000000000000001110000000000001100000
00000000000000000000000000000000000000000000000000000000000000000000000000111000
00000000000000000000000000000000000000000000000000000000000000000000000000011000
00000000000000000000000000000000000000000000000000000000000000000000000000000000
00000000000000000000000000000000000000000000000000000000000000000000000000000000
00000000000000000000000000000000000000000000000000000000000000000000000000000000
00000000000000000000000000000000000000000000000000000000000000000000000000000000
00000000000000000000000000000000000000000000000000000000000000000000000000000000
00000000000000000000000000000000000000000000000000000000000000000000000000000000
00000000000000000000000000000000000000000000000000000000000000000000000000000000
00000000000000000000000000000000000000000000000000000000000000000000000000000000
