00000000000000000000000000000000000000000000000000000000000000000000000000000000
00000000000000000000000000000000000000000000000000000000000000000000000000000000
00000000000000000000000000000000000000000000000000000000000000000000000000000000
00000000000000000000000000000000000000000000000000000000000000000000000000000000
00000000000000000000000000000000000000000000000000000000000000000000000000000000
00000000000000000000000000000000000000000000000000000000000000000000000000000000
00000000000000000000000000000000000000000000000000000000000000000000000000000000
00000000000000000000000000000000000000000000000000000000000000000000000000000000
00000000000000000000000000000000000000000000000000000000000000000000000000000000
00000000000000000000000000000000000000000000000000000000000000000000000000000000
00000000000000000000000000000000000000000000000000000000000000000000000000000000
00000000000000000000000000000000000000000000000000000000000000000000000000000000
00000000000000000000000000000000000000000000000000000000000000000000000000000000
00000000000000000000000000000000000000000000000000000000000000000000000000000000
00000000000000000000000000000000000000000000000000000000000000000000000000000000
00000000000000000000000000000000000000000000000000000000000000000000000000000000
00000000000000000000000000000000000010000000000000000000000000000000000000000000
00000000000000000000000000000000000110000000000000000000000000000000000000000000
00000000000000000000000000000000000100000000000000000000000000000000000000000000
00000000000000000000000000000000001100000100000000000000000000000000000000000000
00000000000000000000000000000000011000000110000000000000000000000000000000000000
00000000000000000000000000000000110000000011000000000000000000000000000000000000
00000000000000000000000000000011010000100001100000000000000000000000000000000000
00000000000000000000000000001110011000110000100000000000000000000000000000000000
00000000000000000000000000000000001000010000000000000000000000000000000000000000
00000000000000000000000000000000001111111111000000000000000000000000000000000000
00000000000000000000000000000001111100001100001000000000000000000000000000000000
00000000000000000000000000111111000100000100001000000000000000000000000000000000
00000000000000000000000000000000000110001110001000000000000000000000000000000000
00000000000000000000000000000000000011110011011000000000000000000000000000000000
00000000000000000000000000000000000111000001110000000000000000000000000000000000
00000000000000000000000000000000001110000000110000000000000000000000000000000000
00000000000000000000000000000000111010000000110000000000000000000000000000000000
00000000000000000000000000000111000010000000111000000000000000000000000000000000
00000000000000000000000000000000000010000001101100000000000000000000000000000000
00000000000000000000000000000000000010000001000110000000000000000000000000000000
00000000000000000000000000000000000010000110000010000000000000000000000000000000
00000000000000000000000000000000000010000000000001001000000000000000000000000000
00000000000000000000000000000000110010000000000000110100000000000000000000000000
00000000000000000000000000000000011110000000000000011100000000000000000000000000
00000000000000000000000000000000001100000000000000000000000000000000000000000000
00000000000000000000000000000000000000000000000000000000000000000000000000000000
00000000000000000000000000000000000000000000000000000000000000000000000000000000
00000000000000000000000000000000000000000000000000000000000000000000000000000000
00000000000000000000000000000000000000000000000000000000000000000000000000000000
00000000000000000000000000000000000000000000000000000000000000000000000000000000
00000000000000000000000000000000000000000000000000000000000000000000000000000000
00000000000000000000000000000000000000000000000000000000000000000000000000000000
00000000000000000000000000000000000000000000000000000000000000000000000000000000
00000000000000000000000000000000000000000000000000000000000000000000000000000000
00000000000000000000000000000000000000000000000000000000000000000000000000000000
00000000000000000000000000000000000000000000000000000000000000000000000000000000
00000000000000000000000000000000000000000000000000000000000000000000000000000000
00000000000000000000000000000000000000000000000000000000000000000000000000000000
00000000000000000000000000000000000000000000000000000000000000000000000000000000
00000000000000000000000000000000000000000000000000000000000000000000000000000000
00000000000000000000000000000000000000000000000000000000000000000000000000000000
00000000000000000000000000000000000000000000000000000000000000000000000000000000
00000000000000000000000000000000000000000000000000000000000000000000000000000000
00000000000000000000000000000000000000000000000000000000000000000000000000000000
