00000000000000000000000000000000000000000000000000000000000000000000000000000000
00000000000000000000000000000000000000000000000000000000000000000000000000000000
00000000000000000000000000000000000000000000000000000000000000000000000000000000
00000000000000000000000000000000000000000000000000000000000000000000000000000000
00000000000000000000000000000000000000000000000000000000000000000000000000000000
00000000000000000000000000000000000000000000000000000000000000000000000000000000
00000000000000000000000000000000000000000000000000000000000000000000000000000000
00000000000000000000000000000000000000000000000000000000000000000000000000000000
00000000000000000000000000000000000000000000000000000000000000000000000000000000
00000000000000000000000000000000000000000000000000000000000000000000000000000000
00000000000000000000000000000000000000001100000000000000000000000000000000000000
00000000000000000000000000000000000000000110000000000000000000000000000000000000
00000000000000000000000000000000000000000011100000000000000000000000000000000000
00000000000000000000000000000000111100000000111000000000000000000000000000000000
00000000000000000000000000001111100000000000000000000000000000000000000000000000
00000000000000000000000001110000000000000000000000000000000000000000000000000000
00000000000000000000000000000010001000000000000110000000000000000000000000000000
00000000000000000000000000000010001000000001111100000000000000000000000000000000
00000000000000000000000000000011001000011110000000000000000000000000000000000000
00000000000000000000000000000001001111100000000000000000000000000000000000000000
00000000000000000000000000000001111110000000000000000000000000000000000000000000
00000000000000000000000000011111000010000000100000000000000000000000000000000000
00000000000000000000000111110001000011000001100000000000000000000000000000000000
00000000000000000001111000000001000001000011000000000000000000000000000000000000
00000000000000000000000000000001100000100010000000000000000000000000000000000000
00000000000000000000000000000001100000110010000000000000000000000000000000000000
00000000000000000000000000000011100000011100000000000000000000000000000000000000
00000000000000000000000000000110100000001100000000000000000000000000000000000000
00000000000000000000000000001100100000001100000000000000000000000000000000000000
00000000000000000000000000011000100000001011000000000000000000000000000000000000
00000000000000000000000000000000100000010001000000000000000000000000000000000000
00000000000000000000000000000001100000010000110001000000000000000000000000000000
00000000000000000000000000000101000000100000011001000000000000000000000000000000
00000000000000000000000000000110000001100000001111000000000000000000000000000000
00000000000000000000000000000000000001000000000000000000000000000000000000000000
00000000000000000000000000000000000010000000000000000000000000000000000000000000
00000000000000000000000000000000000100000000000000000000000000000000000000000000
00000000000000000000000000000000001100000000000000000000000000000000000000000000
00000000000000000000000000000000011000000000000000000000000000000000000000000000
00000000000000000000000000000000000000000000000000000000000000000000000000000000
00000000000000000000000000000000000000000000000000000000000000000000000000000000
00000000000000000000000000000000000000000000000000000000000000000000000000000000
00000000000000000000000000000000000000000000000000000000000000000000000000000000
00000000000000000000000000000000000000000000000000000000000000000000000000000000
00000000000000000000000000000000000000000000000000000000000000000000000000000000
00000000000000000000000000000000000000000000000000000000000000000000000000000000
00000000000000000000000000000000000000000000000000000000000000000000000000000000
00000000000000000000000000000000000000000000000000000000000000000000000000000000
00000000000000000000000000000000000000000000000000000000000000000000000000000000
00000000000000000000000000000000000000000000000000000000000000000000000000000000
00000000000000000000000000000000000000000000000000000000000000000000000000000000
00000000000000000000000000000000000000000000000000000000000000000000000000000000
00000000000000000000000000000000000000000000000000000000000000000000000000000000
00000000000000000000000000000000000000000000000000000000000000000000000000000000
00000000000000000000000000000000000000000000000000000000000000000000000000000000
00000000000000000000000000000000000000000000000000000000000000000000000000000000
00000000000000000000000000000000000000000000000000000000000000000000000000000000
00000000000000000000000000000000000000000000000000000000000000000000000000000000
00000000000000000000000000000000000000000000000000000000000000000000000000000000
00000000000000000000000000000000000000000000000000000000000000000000000000000000
