00000000000000000000000000000000000000000000000000000000000000000000000000000000
00000000000000000000000000000000000000000000000000000000000000000000000000000000
00000000000000000000000000000000000000000000000000000000000000000000000000000000
00000000000000000000000000000000000000000000000000000000000000000000000000000000
00000000000000000000000000000000000000000000000000000000000000000000000000000000
00000000000000000000000000000000000000000000000000000000000000000000000000000000
00000000000000000000000000000000000000000000000000000000000000000000000000000000
00000000000000000000000000000000000000000000000000000000000000000000000000000000
00000000000000000000000000000000000000000000000000000000000000000000000000000000
00000000000000000000000000000000000000000000000000000000000000000000000000000000
00000000000000000000000000000000000000000000000000000000000000000000000000000000
00000000000000000000000000000000000000000000000000000000000000000000000000000000
00000000000000000000000000000000000000000000000000000000000000000000000000000000
00000000000000000000000000000000000000000000000000000000000000000000000000000000
00000000000000000000000000000000000000000000000000000000000000000000000000000000
00000000000000000000000000000000000000000000000000000000000000000000000000000000
00000000000000000000000000000000001100000000000000000000000000000000000000000000
00000000000000000000000000000000001000000000000000000000000000000000000000000000
00000000000000000000000000000000011000001100000000000000000000000000000000000000
00000000000000000000000000000000110000000110000000000000000000000000000000000000
00000000000000000000000000000001100001000011000000000000000000000000000000000000
00000000000000000000000000000011000001000001100000000000000000000000000000000000
00000000000000000000000000001110000000100000100000000000000000000000000000000000
00000000000000000000000000000000110000100000000000000000000000000000000000000000
00000000000000000000000000000000010000010000000000000000000000000000000000000000
00000000000000000000000000000000010000010010000000000000000000000000000000000000
00000000000000000000000000000000010011111110000100000000000000000000000000000000
00000000000000000000000000000011111110001100000100000000000000000000000000000000
00000000000000000000000111111100001000000100001100000000000000000000000000000000
00000000000000000000000000000000001000001110001000000000000000000000000000000000
00000000000000000000000000000000001101110010011000000000000000000000000000000000
00000000000000000000000000000000000110000001010000000000000000000000000000000000
00000000000000000000000000000001111100000000110000000000000000000000000000000000
00000000000000000000000000000111000100000000110000000000000000000000000000000000
00000000000000000000000000000000000100000001110000000000000000000000000000000000
00000000000000000000000000000000000100000011001000000000000000000000000000000000
00000000000000000000000000000000000100000010001000000000000000000000000000000000
00000000000000000000000000000000000100000100000110000000000000000000000000000000
00000000000000000000000000000001000100111000000010000000000000000000000000000000
00000000000000000000000000000001101100000000000001000000000000000000000000000000
00000000000000000000000000000000111000000000000001100000000000000000000000000000
00000000000000000000000000000000000000000000000000110010000000000000000000000000
00000000000000000000000000000000000000000000000000011010000000000000000000000000
00000000000000000000000000000000000000000000000000001110000000000000000000000000
00000000000000000000000000000000000000000000000000000000000000000000000000000000
00000000000000000000000000000000000000000000000000000000000000000000000000000000
00000000000000000000000000000000000000000000000000000000000000000000000000000000
00000000000000000000000000000000000000000000000000000000000000000000000000000000
00000000000000000000000000000000000000000000000000000000000000000000000000000000
00000000000000000000000000000000000000000000000000000000000000000000000000000000
00000000000000000000000000000000000000000000000000000000000000000000000000000000
00000000000000000000000000000000000000000000000000000000000000000000000000000000
00000000000000000000000000000000000000000000000000000000000000000000000000000000
00000000000000000000000000000000000000000000000000000000000000000000000000000000
00000000000000000000000000000000000000000000000000000000000000000000000000000000
00000000000000000000000000000000000000000000000000000000000000000000000000000000
00000000000000000000000000000000000000000000000000000000000000000000000000000000
00000000000000000000000000000000000000000000000000000000000000000000000000000000
00000000000000000000000000000000000000000000000000000000000000000000000000000000
00000000000000000000000000000000000000000000000000000000000000000000000000000000
