00000000000000000000000000000000000000000000000000000000000000000000000000000000
00000000000000000000000000000000000000000000000000000000000000000000000000000000
00000000000000000000000000000000000000000000000000000000000000000000000000000000
00000000000000000000000000000000000000000000000000000000000000000000000000000000
00000000000000000000000000000000000000000000000000000000000000000000000000000000
00000000000000000000000000000000000000000000000000000000000000000000000000000000
00000000000000000000000000000000000000000000000000000000000000000000000000000000
00000000000000000000000000000000000000000000000000000000000000000000000000000000
00000000000000000000000000000000000000000000000000000000000000000000000000000000
00000000000000000000000000000000000000000000000000000000000000000000000000000000
00000000000000000000000000000000000000000000000000000000000000000000000000000000
00000000000000000000000000000000000000000000000000000000000000000000000000000000
00000000000000000000000000000000000000000000000000000000000000000000000000000000
00000000000000000000000000000000000000000000000000000000000000000000000000000000
00000000000000000000000000000000000000000000000000000000000000000000000000000000
00000000000000000000000000000000000000000000000000000000000000000000000000000000
00000000000000000000000000000000000000000000000000000000000000000000000000000000
00000000000000000000000000000000000000000000000000000000000000000000000000000000
00000000000000000000000000000000000000010000000000000000000000000000000000000000
00000000000000000000000000000000000000110000000000000000000000000000000000000000
00000000000000000000000000000000000000100000000000000000000000000000000000000000
00000000000000000000000000000000000001100000000000000000000000000000000000000000
00000000000000000000000000000000000001000000000000000000000000000000000000000000
00000000000000000000000000000000000010000000010000000000000000000000000000000000
00000000000000000000000000000000000100000000001100000000000000000000000000000000
00000000000000000000000000000000011000010000000110000000000000000000000000000000
00000000000000000000000000000000110011001000000000000000000000000000000000000000
00000000000000000000000000000000000001001000000000111110000000000000000000000000
00000000000000000000000000000000000001101111111111100000000000000000000000000000
00000000000000000000000000000000011111110100000000000000000000000000000000000000
00000000000000000000000000000111100000100011000001000000000000000000000000000000
00000000000000000000000000011100000000100001000001000000000000000000000000000000
00000000000000000000000000100000000000110010100010000000000000000000000000000000
00000000000000000000000000000000000001111110110010000000000000000000000000000000
00000000000000000000000000000001111111010000010010000000000000000000000000000000
00000000000000000000000000000000000000010000001010000000000000000000000000000000
00000000000000000000000000000000000000010000000100000000000000000000000000000000
00000000000000000000000000000000000000010000000110000000000000000000000000000000
00000000000000000000000000000000000000010000000111000000000000000000000000000000
00000000000000000000000000000000000000010000001001000000000000000000000000000000
00000000000000000000000000000000001000110000001000100000000000000000000000000000
00000000000000000000000000000000001101100001110000010000000000000000000000000000
00000000000000000000000000000000000011000000000000001000000000000000000000000000
00000000000000000000000000000000000000000000000000001100000000000000000000000000
00000000000000000000000000000000000000000000000000000110000000000000000000000000
00000000000000000000000000000000000000000000000000000001100000000000000000000000
00000000000000000000000000000000000000000000000000000000000000000000000000000000
00000000000000000000000000000000000000000000000000000000000000000000000000000000
00000000000000000000000000000000000000000000000000000000000000000000000000000000
00000000000000000000000000000000000000000000000000000000000000000000000000000000
00000000000000000000000000000000000000000000000000000000000000000000000000000000
00000000000000000000000000000000000000000000000000000000000000000000000000000000
00000000000000000000000000000000000000000000000000000000000000000000000000000000
00000000000000000000000000000000000000000000000000000000000000000000000000000000
00000000000000000000000000000000000000000000000000000000000000000000000000000000
00000000000000000000000000000000000000000000000000000000000000000000000000000000
00000000000000000000000000000000000000000000000000000000000000000000000000000000
00000000000000000000000000000000000000000000000000000000000000000000000000000000
00000000000000000000000000000000000000000000000000000000000000000000000000000000
00000000000000000000000000000000000000000000000000000000000000000000000000000000
