00000000000000000000000000000000000000000000000000000000000000000000000000000000
00000000000000000000000000000000000000000000000000000000000000000000000000000000
00000000000000000000000000000000000000000000000000000000000000000000000000000000
00000000000000000000000000000000000000000000000000000000000000000000000000000000
00000000000000000000000000000000000000000000000000000000000000000000000000000000
00000000000000000000000000000000000000000000000000000000000000000000000000000000
00000000000000000000000000000000000000000000000000000000000000000000000000000000
00000000000000000000000000000000000000000000000000000000000000000000000000000000
00000000000000000000000000000000000000000000000000000000000000000000000000000000
00000000000000000000000000000000000000000000000000000000000000000000000000000000
00000000000000000000000000000000000000000000000000000000000000000000000000000000
00000000000000000000000000000000000000000000000000000000000000000000000000000000
00000000000000000000000000000000000000000000000000000000000000000000000000000000
00000000000000000000000000000000000000000000000000000000000000000000000000000000
00000000000000000000000000000000000000000000000000000000000000000000000000000000
00000000000000000000000000000000000010000000000000000000000000000000000000000000
00000000000000000000000000000000000010000000000000000000000000000000000000000000
00000000000000000000000000000000000010000000000000000000000000000000000000000000
00000000000000000000000000000000000100000000000000000000000000000000000000000000
00000000000000000000000000000000001100000000100000000000000000000000000000000000
00000000000000000000000000000000001000000000111000000000000000000000000000000000
00000000000000000000000000000000010000100000001110000000000000000000000000000000
00000000000000000000000000000000101000100000000011110000000000000000000000000000
00000000000000000000000000000011001000110000000000010000000000000000000000000000
00000000000000000000000000001110000100010000000000000000000000000000000000000000
00000000000000000000000000110000000100010000000000000000000000000000000000000000
00000000000000000000000000000000000100001000000000000100000000000000000000000000
00000000000000000000000000000000000100001001111111111000000000000000000000000000
00000000000000000000000111111101111111111110000000000000000000000000000000000000
00000000000000000000000000000000000100001100000000000000000000000000000000000000
00000000000000000000000000000000000100011010000001000000000000000000000000000000
00000000000000000000000000000000000101100010000001000000000000000000000000000000
00000000000000000000000000000000001110000001000010000000000000000000000000000000
00000000000000000000000000000001111100000000100110000000000000000000000000000000
00000000000000000000000000001110000100000000110100000000000000000000000000000000
00000000000000000000000000011000000100000000011100000000000000000000000000000000
00000000000000000000000000000000000100000000001000000000000000000000000000000000
00000000000000000000000000000000000100000000011100000000000000000000000000000000
00000000000000000000000000000000000100000001100100000000000000000000000000000000
00000000000000000000000000000000000100000011000010000000000000000000000000000000
00000000000000000000000000000000000100000000000001000000000000000000000000000000
00000000000000000000000000000000000100000000000001100000000000000000000000000000
00000000000000000000000000000000111100000000000000110000000000000000000000000000
00000000000000000000000000000000000000000000000000011000000000000000000000000000
00000000000000000000000000000000000000000000000000001100001000000000000000000000
00000000000000000000000000000000000000000000000000000011001000000000000000000000
00000000000000000000000000000000000000000000000000000001101000000000000000000000
00000000000000000000000000000000000000000000000000000000011000000000000000000000
00000000000000000000000000000000000000000000000000000000000000000000000000000000
00000000000000000000000000000000000000000000000000000000000000000000000000000000
00000000000000000000000000000000000000000000000000000000000000000000000000000000
00000000000000000000000000000000000000000000000000000000000000000000000000000000
00000000000000000000000000000000000000000000000000000000000000000000000000000000
00000000000000000000000000000000000000000000000000000000000000000000000000000000
00000000000000000000000000000000000000000000000000000000000000000000000000000000
00000000000000000000000000000000000000000000000000000000000000000000000000000000
00000000000000000000000000000000000000000000000000000000000000000000000000000000
00000000000000000000000000000000000000000000000000000000000000000000000000000000
00000000000000000000000000000000000000000000000000000000000000000000000000000000
00000000000000000000000000000000000000000000000000000000000000000000000000000000
