00000000000000000000000000000000000000000000000000000000000000000000000000000000
00000000000000000000000000000000000000000000000000000000000000000000000000000000
00000000000000000000000000000000000000000000000000000000000000000000000000000000
00000000000000000000000000000000000000000000000000000000000000000000000000000000
00000000000000000000000000000000000000000000000000000000000000000000000000000000
00000000000000000000000000000000000000000000000000000000000000000000000000000000
00000000000000000000000000000000000000000000000000000000000000000000000000000000
00000000000000000000000000000000000000000000000000000000000000000000000000000000
00000000000000000000000000000000000000000000000000000000000000000000000000000000
00000000000000000000000000000000000000000000000000000000000000000000000000000000
00000000000000000000000000000000000000000000000000000000000000000000000000000000
00000000000000000000000000000000000000000000000000000000000000000000000000000000
00000000000000000000000000000000000000000000000000000000000000000000000000000000
00000000000000000000000000000000000000000000000000000000000000000000000000000000
00000000000000000000000000000000000000000000000000000000000000000000000000000000
00000000000000000000000000000000000000000000000000000000000000000000000000000000
00000000000000000000000000000000000000000000000000000000000000000000000000000000
00000000000000000000000000000000000000000000000000000000000000000000000000000000
00000000000000000000000000000000000001000000000000000000000000000000000000000000
00000000000000000000000000000000000011000000000000000000000000000000000000000000
00000000000000000000000000000000000010000000000000000000000000000000000000000000
00000000000000000000000000000000000100000000100000000000000000000000000000000000
00000000000000000000000000000000001100000000011000000000000000000000000000000000
00000000000000000000000000000000010001000000001100000000000000000000000000000000
00000000000000000000000000000011100000100000000111100000000000000000000000000000
00000000000000000000000000000010001000100000000000110000000000000000000000000000
00000000000000000000000000000000001100100000000000000000000000000000000000000000
00000000000000000000000000000000000100011111111111100000000000000000000000000000
00000000000000000000000000000000000111111000000000000000000000000000000000000000
00000000000000000000000000000001111110000000000000000000000000000000000000000000
00000000000000000000000111111110000010001000000000000000000000000000000000000000
00000000000000000000000000000000000010000100010000000000000000000000000000000000
00000000000000000000000000000000000010011110010000000000000000000000000000000000
00000000000000000000000000000000000010010010010000000000000000000000000000000000
00000000000000000000000000000000000001010001010000000000000000000000000000000000
00000000000000000000000000000000000001100001010000000000000000000000000000000000
00000000000000000000000000000000011111000000110000000000000000000000000000000000
00000000000000000000000000000001110001000000010000000000000000000000000000000000
00000000000000000000000000000111000001000000011000000000000000000000000000000000
00000000000000000000000000001100000001000000011000000000000000000000000000000000
00000000000000000000000000000000000001000000100100000000000000000000000000000000
00000000000000000000000000000000000001100001100110000000000000000000000000000000
00000000000000000000000000000000000000100111000010000000000000000000000000000000
00000000000000000000000000000000000000100000000001000000000000000000000000000000
00000000000000000000000000000000110000100000000001100000000000000000000000000000
00000000000000000000000000000000011101100000000000110000000000000000000000000000
00000000000000000000000000000000000111000000000000001100000000000000000000000000
00000000000000000000000000000000000000000000000000000000000000000000000000000000
00000000000000000000000000000000000000000000000000000000000000000000000000000000
00000000000000000000000000000000000000000000000000000000000000000000000000000000
00000000000000000000000000000000000000000000000000000000000000000000000000000000
00000000000000000000000000000000000000000000000000000000000000000000000000000000
00000000000000000000000000000000000000000000000000000000000000000000000000000000
00000000000000000000000000000000000000000000000000000000000000000000000000000000
00000000000000000000000000000000000000000000000000000000000000000000000000000000
00000000000000000000000000000000000000000000000000000000000000000000000000000000
00000000000000000000000000000000000000000000000000000000000000000000000000000000
00000000000000000000000000000000000000000000000000000000000000000000000000000000
00000000000000000000000000000000000000000000000000000000000000000000000000000000
00000000000000000000000000000000000000000000000000000000000000000000000000000000
