00000000000000000000000000000000000000000000000000000000000000000000000000000000
00000000000000000000000000000000000000000000000000000000000000000000000000000000
00000000000000000000000000000000000000000000000000000000000000000000000000000000
00000000000000000000000000000000000000000000000000000000000000000000000000000000
00000000000000000000000000000000000000000000000000000000000000000000000000000000
00000000000000000000000000000000000000000000000000000000000000000000000000000000
00000000000000000000000000000000000000000000000000000000000000000000000000000000
00000000000000000000000000000000000000000000000000000000000000000000000000000000
00000000000000000000000000000000000000000000000000000000000000000000000000000000
00000000000000000000000000000000000000000000000000000000000000000000000000000000
00000000000000000000000000000000000000000000000000000000000000000000000000000000
00000000000000000000000000000000000000000000000000000000000000000000000000000000
00000000000000000000000000000000000000000000000000000000000000000000000000000000
00000000000000000000000000000000000000000000000000000000000000000000000000000000
00000000000000000000000000000000000000100000000000000000000000000000000000000000
00000000000000000000000000000000000000100000000000000000000000000000000000000000
00000000000000000000000000000000000000100000000000000000000000000000000000000000
00000000000000000000000000000000000001100000000000000000000000000000000000000000
00000000000000000000000000000000000001001000011000000000000000000000000000000000
00000000000000000000000000000000000011001100000100000000000000000000000000000000
00000000000000000000000000000000000111000100000011000000000000000000000000000000
00000000000000000000000000000000011001000100000001100000000000000000000000000000
00000000000000000000000000000000110001000010111111111000000000000000000000000000
00000000000000000000000000000000000001101111100000000000000000000000000000000000
00000000000000000000000000000000000011110001000001000000000000000000000000000000
00000000000000000000000000000001111100100101000011000000000000000000000000000000
00000000000000000000000001111111000000101101100010000000000000000000000000000000
00000000000000000000000000000000000000110000100010000000000000000000000000000000
00000000000000000000000000000000000011110000100010000000000000000000000000000000
00000000000000000000000000000000001100010000010010000000000000000000000000000000
00000000000000000000000000000000110000010000001100000000000000000000000000000000
00000000000000000000000000000011000000010000001100000000000000000000000000000000
00000000000000000000000000000010000000010000001100000000000000000000000000000000
00000000000000000000000000000000000000010000001100000000000000000000000000000000
00000000000000000000000000000000000000010000011010000000000000000000000000000000
00000000000000000000000000000000000000010011110011000000000000000000000000000000
00000000000000000000000000000000000100110000000001000000000000000000000000000000
00000000000000000000000000000000000011100000000000100000000000000000000000000000
00000000000000000000000000000000000000000000000000010000000000000000000000000000
00000000000000000000000000000000000000000000000000011000000000000000000000000000
00000000000000000000000000000000000000000000000000001100000000000000000000000000
00000000000000000000000000000000000000000000000000000111000000000000000000000000
00000000000000000000000000000000000000000000000000000000000000000000000000000000
00000000000000000000000000000000000000000000000000000000000000000000000000000000
00000000000000000000000000000000000000000000000000000000000000000000000000000000
00000000000000000000000000000000000000000000000000000000000000000000000000000000
00000000000000000000000000000000000000000000000000000000000000000000000000000000
00000000000000000000000000000000000000000000000000000000000000000000000000000000
00000000000000000000000000000000000000000000000000000000000000000000000000000000
00000000000000000000000000000000000000000000000000000000000000000000000000000000
00000000000000000000000000000000000000000000000000000000000000000000000000000000
00000000000000000000000000000000000000000000000000000000000000000000000000000000
00000000000000000000000000000000000000000000000000000000000000000000000000000000
00000000000000000000000000000000000000000000000000000000000000000000000000000000
00000000000000000000000000000000000000000000000000000000000000000000000000000000
00000000000000000000000000000000000000000000000000000000000000000000000000000000
00000000000000000000000000000000000000000000000000000000000000000000000000000000
00000000000000000000000000000000000000000000000000000000000000000000000000000000
00000000000000000000000000000000000000000000000000000000000000000000000000000000
00000000000000000000000000000000000000000000000000000000000000000000000000000000
