00000000000000000000000000000000000000000000000000000000000000000000000000000000
00000000000000000000000000000000000000000000000000000000000000000000000000000000
00000000000000000000000000000000000000000000000000000000000000000000000000000000
00000000000000000000000000000000000000000000000000000000000000000000000000000000
00000000000000000000000000000000000000000000000000000000000000000000000000000000
00000000000000000000000000000000000000000000000000000000000000000000000000000000
00000000000000000000000000000000000000000000000000000000000000000000000000000000
00000000000000000000000000000000000000000000000000000000000000000000000000000000
00000000000000000000000000000000000000000000000000000000000000000000000000000000
00000000000000000000000000000000000000000000000000000000000000000000000000000000
00000000000000000000000000000000000000000000000000000000000000000000000000000000
00000000000000000000000000000000000000000000000000000000000000000000000000000000
00000000000000000000000000000000000000000000000000000000000000000000000000000000
00000000000000000000000000000000000000000000000000000000000000000000000000000000
00000000000000000000000000000000000000000000000000000000000000000000000000000000
00000000000000000000000000000000000001000000000000000000000000000000000000000000
00000000000000000000000000000000000001000000000000000000000000000000000000000000
00000000000000000000000000000000000001000000000000000000000000000000000000000000
00000000000000000000000000000000000001001000000000000000000000000000000000000000
00000000000000000000000000000000000011001000000100000000000000000000000000000000
00000000000000000000000000000000000110000100000110000000000000000000000000000000
00000000000000000000000000000000000100000100000011000000000000000000000000000000
00000000000000000000000000000000011100000100000001100000000000000000000000000000
00000000000000000000000000000000110000000010000000110000000000000000000000000000
00000000000000000000000000000000000000000011000000000000000000000000000000000000
00000000000000000000000000000000000011000001000000000001100000000000000000000000
00000000000000000000000000000000000001000001100011111111000000000000000000000000
00000000000000000000000000000000000001100000111100000000000000000000000000000000
00000000000000000000000000000000000000111111100000000000000000000000000000000000
00000000000000000000000000000000111111100000010000011000000000000000000000000000
00000000000000000000000011111111100000100100010000010000000000000000000000000000
00000000000000000000000000000000000000011100001000110000000000000000000000000000
00000000000000000000000000000000000000110000000100100000000000000000000000000000
00000000000000000000000000000000000111010000000011100000000000000000000000000000
00000000000000000000000000000011111100001000000011000000000000000000000000000000
00000000000000000000000000001100000000001000000011000000000000000000000000000000
00000000000000000000000000000000000000001000000010100000000000000000000000000000
00000000000000000000000000000000000000001000000100010000000000000000000000000000
00000000000000000000000000000000000000001000001100011000000000000000000000000000
00000000000000000000000000000000010000001000011000001100000000000000000000000000
00000000000000000000000000000000011000001000010000000100000000000000000000000000
00000000000000000000000000000000001100001000000000000010000000000000000000000000
00000000000000000000000000000000000110011000000000000001100000000000000000000000
00000000000000000000000000000000000001100000000000000000111000100000000000000000
00000000000000000000000000000000000000000000000000000000001111100000000000000000
00000000000000000000000000000000000000000000000000000000000000000000000000000000
00000000000000000000000000000000000000000000000000000000000000000000000000000000
00000000000000000000000000000000000000000000000000000000000000000000000000000000
00000000000000000000000000000000000000000000000000000000000000000000000000000000
00000000000000000000000000000000000000000000000000000000000000000000000000000000
00000000000000000000000000000000000000000000000000000000000000000000000000000000
00000000000000000000000000000000000000000000000000000000000000000000000000000000
00000000000000000000000000000000000000000000000000000000000000000000000000000000
00000000000000000000000000000000000000000000000000000000000000000000000000000000
00000000000000000000000000000000000000000000000000000000000000000000000000000000
00000000000000000000000000000000000000000000000000000000000000000000000000000000
00000000000000000000000000000000000000000000000000000000000000000000000000000000
00000000000000000000000000000000000000000000000000000000000000000000000000000000
00000000000000000000000000000000000000000000000000000000000000000000000000000000
00000000000000000000000000000000000000000000000000000000000000000000000000000000
