00000000000000000000000000000000000000000000000000000000000000000000000000000000
00000000000000000000000000000000000000000000000000000000000000000000000000000000
00000000000000000000000000000000000000000000000000000000000000000000000000000000
00000000000000000000000000000000000000000000000000000000000000000000000000000000
00000000000000000000000000000000000000000000000000000000000000000000000000000000
00000000000000000000000000000000000000000000000000000000000000000000000000000000
00000000000000000000000000000000000000000000000000000000000000000000000000000000
00000000000000000000000000000000000000000000000000000000000000000000000000000000
00000000000000000000000000000000000000000000000000000000000000000000000000000000
00000000000000000000000000000000000000000000000000000000000000000000000000000000
00000000000000000000000000000000000000000000000000000000000000000000000000000000
00000000000000000000000000000000000000000000000000000000000000000000000000000000
00000000000000000000000000000000000000000000000000000000000000000000000000000000
00000000000000000000000000000000000000000000000000000000000000000000000000000000
00000000000000000000000000000000000000000000000000000000000000000000000000000000
00000000000000000000000000000000000000000000000000000000000000000000000000000000
00000000000000000000000000000000000000000000000000000000000000000000000000000000
00000000000000000000000000000000000010000000000000000000000000000000000000000000
00000000000000000000000000000000000010000000000000000000000000000000000000000000
00000000000000000000000000000000000010000000000000000000000000000000000000000000
00000000000000000000000000000000000100000000000000000000000000000000000000000000
00000000000000000000000000000000001100000000000000000000000000000000000000000000
00000000000000000000000000000000011000000011110000000000000000000000000000000000
00000000000000000000000000000000110000000000011111000000000000000000000000000000
00000000000000000000000000000001100010010000000000000000000000000000000000000000
00000000000000000000000000000000000010010000000000000000000000000000000000000000
00000000000000000000000000000000000010001000000011111110000000000000000000000000
00000000000000000000000000000000000010001001101100000000000000000000000000000000
00000000000000000000000000000000000011011110000000000000000000000000000000000000
00000000000000000000000000000000010110000100000000000000000000000000000000000000
00000000000000000000010000000111100001000010000100000000000000000000000000000000
00000000000000000000011111111000000001000001000100000000000000000000000000000000
00000000000000000000000000000000000001000000101100000000000000000000000000000000
00000000000000000000000000000000000001011000101000000000000000000000000000000000
00000000000000000000000000000000000011110000011000000000000000000000000000000000
00000000000000000000000000000000111100100000011100000000000000000000000000000000
00000000000000000000000000000001000000100000110110000000000000000000000000000000
00000000000000000000000000000000000000100001100011000000000000000000000000000000
00000000000000000000000000000000000000100011000001000000000000000000000000000000
00000000000000000000000000000000001001100000000000100000000000000000000000000000
00000000000000000000000000000000001111000000000000011000000000000000000000000000
00000000000000000000000000000000000000000000000000001100000000000000000000000000
00000000000000000000000000000000000000000000000000000011000000000000000000000000
00000000000000000000000000000000000000000000000000000001110000000000000000000000
00000000000000000000000000000000000000000000000000000000000000000000000000000000
00000000000000000000000000000000000000000000000000000000000000000000000000000000
00000000000000000000000000000000000000000000000000000000000000000000000000000000
00000000000000000000000000000000000000000000000000000000000000000000000000000000
00000000000000000000000000000000000000000000000000000000000000000000000000000000
00000000000000000000000000000000000000000000000000000000000000000000000000000000
00000000000000000000000000000000000000000000000000000000000000000000000000000000
00000000000000000000000000000000000000000000000000000000000000000000000000000000
00000000000000000000000000000000000000000000000000000000000000000000000000000000
00000000000000000000000000000000000000000000000000000000000000000000000000000000
00000000000000000000000000000000000000000000000000000000000000000000000000000000
00000000000000000000000000000000000000000000000000000000000000000000000000000000
00000000000000000000000000000000000000000000000000000000000000000000000000000000
00000000000000000000000000000000000000000000000000000000000000000000000000000000
00000000000000000000000000000000000000000000000000000000000000000000000000000000
00000000000000000000000000000000000000000000000000000000000000000000000000000000
