00000000000000000000000000000000000000000000000000000000000000000000000000000000
00000000000000000000000000000000000000000000000000000000000000000000000000000000
00000000000000000000000000000000000000000000000000000000000000000000000000000000
00000000000000000000000000000000000000000000000000000000000000000000000000000000
00000000000000000000000000000000000000000000000000000000000000000000000000000000
00000000000000000000000000000000000000000000000000000000000000000000000000000000
00000000000000000000000000000000000000000000000000000000000000000000000000000000
00000000000000000000000000000000000000000000000000000000000000000000000000000000
00000000000000000000000000000000000000000000000000000000000000000000000000000000
00000000000000000000000000000000000000000000000000000000000000000000000000000000
00000000000000000000000000000000001000000000000000000000000000000000000000000000
00000000000000000000000000000000001000000000000000000000000000000000000000000000
00000000000000000000000000000000011000000110000000000000000000000000000000000000
00000000000000000000000000000000010000000011100000000000000000000000000000000000
00000000000000000000000000000000100000000000111000000000000000000000000000000000
00000000000000000000000000000001100001000000000000000000000000000000000000000000
00000000000000000000000000000111001000100000000000000000000000000000000000000000
00000000000000000000000000000000001000110000000000000000000000000000000000000000
00000000000000000000000000000000001000010011111111100000000000000000000000000000
00000000000000000000000000000000000111101100000000000000000000000000000000000000
00000000000000000000000000000000110100001000000000000000000000000000000000000000
00000000000000000000000000000111000110000100000000000000000000000000000000000000
00000000000000000000000111111000000010000010000100000000000000000000000000000000
00000000000000000000000000000000000011100010000100000000000000000000000000000000
00000000000000000000000000000000000011100001100100000000000000000000000000000000
00000000000000000000000000000000011111000000010100000000000000000000000000000000
00000000000000000000000000000001110001100000011000000000000000000000000000000000
00000000000000000000000000000001000000100000001000000000000000000000000000000000
00000000000000000000000000000000000000100000011110000000000000000000000000000000
00000000000000000000000000000000000000100000110001000000000000000000000000000000
00000000000000000000000000000000000000100001100001100000000000000000000000000000
00000000000000000000000000000000010000100011000000011000000000000000000000000000
00000000000000000000000000000000011000100110000000001100000000000000000000000000
00000000000000000000000000000000001101100000000000000011000000000000000000000000
00000000000000000000000000000000000111000000000000000001100000000000000000000000
00000000000000000000000000000000000000000000000000000000000000000000000000000000
00000000000000000000000000000000000000000000000000000000000000000000000000000000
00000000000000000000000000000000000000000000000000000000000000000000000000000000
00000000000000000000000000000000000000000000000000000000000000000000000000000000
00000000000000000000000000000000000000000000000000000000000000000000000000000000
00000000000000000000000000000000000000000000000000000000000000000000000000000000
00000000000000000000000000000000000000000000000000000000000000000000000000000000
00000000000000000000000000000000000000000000000000000000000000000000000000000000
00000000000000000000000000000000000000000000000000000000000000000000000000000000
00000000000000000000000000000000000000000000000000000000000000000000000000000000
00000000000000000000000000000000000000000000000000000000000000000000000000000000
00000000000000000000000000000000000000000000000000000000000000000000000000000000
00000000000000000000000000000000000000000000000000000000000000000000000000000000
00000000000000000000000000000000000000000000000000000000000000000000000000000000
00000000000000000000000000000000000000000000000000000000000000000000000000000000
00000000000000000000000000000000000000000000000000000000000000000000000000000000
00000000000000000000000000000000000000000000000000000000000000000000000000000000
00000000000000000000000000000000000000000000000000000000000000000000000000000000
00000000000000000000000000000000000000000000000000000000000000000000000000000000
00000000000000000000000000000000000000000000000000000000000000000000000000000000
00000000000000000000000000000000000000000000000000000000000000000000000000000000
00000000000000000000000000000000000000000000000000000000000000000000000000000000
00000000000000000000000000000000000000000000000000000000000000000000000000000000
00000000000000000000000000000000000000000000000000000000000000000000000000000000
00000000000000000000000000000000000000000000000000000000000000000000000000000000
