00000000000000000000000000000000000000000000000000000000000000000000000000000000
00000000000000000000000000000000000000000000000000000000000000000000000000000000
00000000000000000000000000000000000000000000000000000000000000000000000000000000
00000000000000000000000000000000000000000000000000000000000000000000000000000000
00000000000000000000000000000000000000000000000000000000000000000000000000000000
00000000000000000000000000000000000000000000000000000000000000000000000000000000
00000000000000000000000000000000000000000000000000000000000000000000000000000000
00000000000000000000000000000000000000000000000000000000000000000000000000000000
00000000000000000000000000000000000000000000000000001000000000000000000000000000
00000000000000000000000000000000000000000000000000001000000000000000000000000000
00000000000000000000000000000000000000000000000000001000000000000000000000000000
00000000000000000000000000000000000000000000000000001000000000000000000000000000
00000000000000000000000000000000000000000000000000001000010000000000000000000000
00000000000000000000000000000000000000000000000000001000001100000000000000000000
00000000000000000000000000000000000000000000000000011000000011000000000000000000
00000000000000000000000000000000000000000000000000110000000000111000000000000000
00000000000000000000000000000000000000000000000000110100000000001100000000000000
00000000000000000000000000000000000000000000000001011110000000000110000000000000
00000000000000000000000000000000000000000000000000001011000011111100000000000000
00000000000000000000000000000000000000000000000000001011111110000000000000000000
00000000000000000000000000000000000000000000000011111100100000100000000000000000
00000000000000000000000000000000000000000011111100000100110000100000000000000000
00000000000000000000000000000000000000000000000000000100011000100000000000000000
00000000000000000000000000000000000000000000000000000100101001000000000000000000
00000000000000000000000000000000000000000000000000000111101101000000000000000000
00000000000000000000000000000000000000000000000000111100000110000000000000000000
00000000000000000000000000000000000000000000000111000100000111000000000000000000
00000000000000000000000000000000000000000000000000000100000101000000000000000000
00000000000000000000000000000000000000000000000000000100111000100000000000000000
00000000000000000000000000000000000000000000000010001100000000010000000000000000
00000000000000000000000000000000000000000000000001111000000000011000000000000000
00000000000000000000000000000000000000000000000000000000000000000100000000000000
00000000000000000000000000000000000000000000000000000000000000000011100000000000
00000000000000000000000000000000000000000000000000000000000000000000000000000000
00000000000000000000000000000000000000000000000000000000000000000000000000000000
00000000000000000000000000000000000000000000000000000000000000000000000000000000
00000000000000000000000000000000000000000000000000000000000000000000000000000000
00000000000000000000000000000000000000000000000000000000000000000000000000000000
00000000000000000000000000000000000000000000000000000000000000000000000000000000
00000000000000000000000000000000000000000000000000000000000000000000000000000000
00000000000000000000000000000000000000000000000000000000000000000000000000000000
00000000000000000000000000000000000000000000000000000000000000000000000000000000
00000000000000000000000000000000000000000000000000000000000000000000000000000000
00000000000000000000000000000000000000000000000000000000000000000000000000000000
00000000000000000000000000000000000000000000000000000000000000000000000000000000
00000000000000000000000000000000000000000000000000000000000000000000000000000000
00000000000000000000000000000000000000000000000000000000000000000000000000000000
00000000000000000000000000000000000000000000000000000000000000000000000000000000
00000000000000000000000000000000000000000000000000000000000000000000000000000000
00000000000000000000000000000000000000000000000000000000000000000000000000000000
00000000000000000000000000000000000000000000000000000000000000000000000000000000
00000000000000000000000000000000000000000000000000000000000000000000000000000000
00000000000000000000000000000000000000000000000000000000000000000000000000000000
00000000000000000000000000000000000000000000000000000000000000000000000000000000
00000000000000000000000000000000000000000000000000000000000000000000000000000000
00000000000000000000000000000000000000000000000000000000000000000000000000000000
00000000000000000000000000000000000000000000000000000000000000000000000000000000
00000000000000000000000000000000000000000000000000000000000000000000000000000000
00000000000000000000000000000000000000000000000000000000000000000000000000000000
00000000000000000000000000000000000000000000000000000000000000000000000000000000
