00000000000000000000000000000000000000000000000000000000000000000000000000000000
00000000000000000000000000000000000000000000000000000000000000000000000000000000
00000000000000000000000000000000000000000000000000000000000000000000000000000000
00000000000000000000000000000000000000000000000000000000000000000000000000000000
00000000000000000000000000000000000000000000000000000000000000000000000000000000
00000000000000000000000000000000000000000000000000000000000000000000000000000000
00000000000000000000000000000000000000000000000000000000000000000000000000000000
00000000000000000000000000000000000000000000000000000000000000000000000000000000
00000000000000000000000000000000000000000000000000000000000000000000000000000000
00000000000000000000000000000000000000000000000000000000000000000000000000000000
00000000000000000000000000000001111111000000000000000000000000000000000000000000
00000000000000000000000000000111000000100000000000000000000000000000000000000000
00000000000000000000000000001100000000100000000000000000000000000000000000000000
00000000000000000000000000010000000000110000000000000000000000000000000000000000
00000000000000000000000001100000000000010000000000000000000000000000000000000000
00000000000000000000000110000000000000010000000000000000000000000000000000000000
00000000000000000000001100000000000000010000000000000000000000000000000000000000
00000000000000000000000000000000000000010000000000000000000000000000000000000000
00000000000000000000000000110000000000010000000000000000000000000000000000000000
00000000000000000000000000011000000000010000000000000000000000000000000000000000
00000000000000000000000000000110000000010000000000000000000000000000000000000000
00000000000000000000000000000011100000010000000000000000000000000000000000000000
00000000000000000000000000000000110000010000000000000000000000000000000000000000
00000000000000000000000000000000010011010000000000000000000000000000000000000000
00000000000000000000000000000000000100010000000000000000000000000000000000000000
00000000000000000000000000000000011000110000000000000000000000000000000000000000
00000000000000000000000000000001100000100000000000000000000000000000000000000000
00000000000000000000000000000011000000100000000000000000000000000000000000000000
00000000000000000000000000001100000000100000000000000000000000000000000000000000
00000000000000000000000000110000000000100000000000000000000000000000000000000000
00000000000000000000000111000000000000100000000000000000000000000000000000000000
00000000000000000000011000000000000001000000000000000000000000000000000000000000
00000000000000000001100000000000000001000000000000000000000000000000000000000000
00000000000000000110000000000000000001000000000000000000000000000000000000000000
00000000000000011000000000000100000001000000000000000000000000000000000000000000
00000000000000000000000000000100000001000000000000000000000000000000000000000000
00000000000000000000000000000100000010000000000000000000000000000000000000000000
00000000000000000000000000000010000010000000000000000000000000000000000000000000
00000000000000000000000000000010000010000000000000000000000000000000000000000000
00000000000000000000000000000001000100000000000000000000000000000000000000000000
00000000000000000000000000000000111100000000000000000000000000000000000000000000
00000000000000000000000000000000011000000000000000000000000000000000000000000000
00000000000000000000000000000000000000000000000000000000000000000000000000000000
00000000000000000000000000000000000000000000000000000000000000000000000000000000
00000000000000000000000000000000000000000000000000000000000000000000000000000000
00000000000000000000000000000000000000000000000000000000000000000000000000000000
00000000000000000000000000000000000000000000000000000000000000000000000000000000
00000000000000000000000000000000000000000000000000000000000000000000000000000000
00000000000000000000000000000000000000000000000000000000000000000000000000000000
00000000000000000000000000000000000000000000000000000000000000000000000000000000
00000000000000000000000000000000000000000000000000000000000000000000000000000000
00000000000000000000000000000000000000000000000000000000000000000000000000000000
00000000000000000000000000000000000000000000000000000000000000000000000000000000
00000000000000000000000000000000000000000000000000000000000000000000000000000000
00000000000000000000000000000000000000000000000000000000000000000000000000000000
00000000000000000000000000000000000000000000000000000000000000000000000000000000
00000000000000000000000000000000000000000000000000000000000000000000000000000000
00000000000000000000000000000000000000000000000000000000000000000000000000000000
00000000000000000000000000000000000000000000000000000000000000000000000000000000
00000000000000000000000000000000000000000000000000000000000000000000000000000000
