00000000000000000000000000000000000000000000000000000000000000000000000000000000
00000000000000000000000000000000000000000000000000000000000000000000000000000000
00000000000000000000000000000000000000000000000000000000000000000000000000000000
00000000000000000000000000000000000000000000000000000000000000000000000000000000
00000000000000000000000000000000000000000000000000000000000000000000000000000000
00000000000000000000000000000000000000000000000000000000000000000000000000000000
00000000000000000000000000000000000000000000000000000000000000000000000000000000
00000000000000000000000000000000000000000000000000000000000000000000000000000000
00000000000000000000000000000000000000000000000000000000000000000000000000000000
00000000000000000000000000000000000000000000000000000000000000000000000000000000
00000000000000000000000000000000000000000000000000000000000000000000000000000000
00000000000000000000000000000000000000000000000000000000000000000000000000000000
00000000000000000000000000000000000000000000000000000000000000000000000000000000
00000000000000000000000000000000000000000000000111000000000000000000000000000000
00000000000000000000000000000000000000000111111000000000000000000000000000000000
00000000000000000000000000000000000000111000000000000000000000000000000000000000
00000000000000000000000000000000000111000000000000000000000000000000000000000000
00000000000000000000000000000000000000000000000000000000000000000000000000000000
00000000000000000000000000000000000000000000000000000000000000000000000000000000
00000000000000000000000000000000000000000001000000000000000000000000000000000000
00000000000000000000000000000000000000000001000000000000000000000000000000000000
00000000000000000000000000000000000000000001000000000000000000000000000000000000
00000000000000000000000000000000000000000001000000000000000000000000000000000000
00000000000000000000000000000000000000000001000000000000000000111000000000000000
00000000000000000000000000000000000000000001000000000000011111000000000000000000
00000000000000000000000000000000000000000001000001011011000000000000000000000000
00000000000000000000000000000000000000000110101100000000000000000000000000000000
00000000000000000000000011111111011110110000000000000000000000000000000000000000
00000000000000000000000000000000000000000010000000000000000000000000000000000000
00000000000000000000000000000000000000000010000000000000000000000000000000000000
00000000000000000000000000000000000000000010100000000000000000000000000000000000
00000000000000000000000000000000000000000010010000000000000000000000000000000000
00000000000000000000000000000000000000000010011000000000000000000000000000000000
00000000000000000000000000000000000000000100000100000000000000000000000000000000
00000000000000000000000000000000000000000100000100000000000000000000000000000000
00000000000000000000000000000000000000000100000011000000000000000000000000000000
00000000000000000000000000000000000000000100000001000000000000000000000000000000
00000000000000000000000000000000000000001000000000100000000000000000000000000000
00000000000000000000000000000000000000001000000000010000000000000000000000000000
00000000000000000000000000000000000000001000000000001100000000000000000000000000
00000000000000000000000000000000000000001000000000000100000000000000000000000000
00000000000000000000000000000000000000000000000000000010000000000000000000000000
00000000000000000000000000000000000000010000000000000001000000000000000000000000
00000000000000000000000000000000000000010000000000000000100000000000000000000000
00000000000000000000000000000000000000100000000000000000010000000000000000000000
00000000000000000000000000000000000000100000000000000000001000000000000000000000
00000000000000000000000000000000000000100000000000000000000100000000000000000000
00000000000000000000000000000000000001000000000000000000000011000000000000000000
00000000000000000000000000000000000001000000000000000000000000110000000000000000
00000000000000000000000000000000000010000000000000000000000000011100000000000000
00000000000000000000000000000000000100000000000000000000000000000011100000000000
00000000000000000000000000000000011100000000000000000000000000000000000000000000
00000000000000000000000000000000000000000000000000000000000000000000000000000000
00000000000000000000000000000000000000000000000000000000000000000000000000000000
00000000000000000000000000000000000000000000000000000000000000000000000000000000
00000000000000000000000000000000000000000000000000000000000000000000000000000000
00000000000000000000000000000000000000000000000000000000000000000000000000000000
00000000000000000000000000000000000000000000000000000000000000000000000000000000
00000000000000000000000000000000000000000000000000000000000000000000000000000000
00000000000000000000000000000000000000000000000000000000000000000000000000000000
