00000000000000000000000000000000000000000000000000000000000000000000000000000000
00000000000000000000000000000000000000000000000000000000000000000000000000000000
00000000000000000000000000000000000000000000000000000000000000000000000000000000
00000000000000000000000000000000000000000000000000000000000000000000000000000000
00000000000000000000000000000000000000000000000000000000000000000000000000000000
00000000000000000000000000000000000000000000000000000000000000000000000000000000
00000000000000000000000000000000000000000000000000000000000000000000000000000000
00000000000000000000000000000000000000000000000000000000000000000000000000000000
00000000000000000000000000000000000000000000000000000000000000000000000000000000
00000000000000000000000000000000000000000000000000000000000000000000000000000000
00000000000000000000000000000000000000000000000000000000000000000000000000000000
00000000000000000000000000000000000000000000000000000000000000000000000000000000
00000000000000000000000000000000000000000000000000000000000000000000000000000000
00000000000000000000000000000000011000000000000000000000000000000000000000000000
00000000000000000000000000000000000110000000000000000000000000000000000000000000
00000000000000000000000000000000000011101110000000000000000000000000000000000000
00000000000000000000000000000000000011110010000000000000000000000000000000000000
00000000000000000000000000001111111100000010000000000000000000000000000000000000
00000000000000000000000000001100000000000010000000000000000000000000000000000000
00000000000000000000000000001000000000000110000000000000000000000000000000000000
00000000000000000000000000001000111111101100000000000000000000000000000000000000
00000000000000000000000000001000000100000000000000000000000000000000000000000000
00000000000000000000000000001000011110000000000000000000000000000000000000000000
00000000000000000000000000001000110001000000001100000000000000000000000000000000
00000000000000000000000000001001100000100000001000000000000000000000000000000000
00000000000000000000000000001011000100110000110000000000000000000000000000000000
00000000000000000000000000001000000100011001100000000000000000000000000000000000
00000000000000000000000000001000000100001111100000000000000000000000000000000000
00000000000000000000000000001000001000000110111000000000000000000000000000000000
00000000000000000000000000000000011001000010001100000000000000000000000000000000
00000000000000000000000000000000110001000011000111000000000000000000000000000000
00000000000000000000000000000001100001000001000001110000000000000000000000000000
00000000000000000000000000000111000011000001000000001100000000000000000000000000
00000000000000000000000000001100000010000001100000000011110000000000000000000000
00000000000000000000000000000000000110000000100000000000000000000000000000000000
00000000000000000000000000000000000100000000100000000000000000000000000000000000
00000000000000000000000000000000001000000000100000000000000000000000000000000000
00000000000000000000000000000000010000000000100000000000000000000000000000000000
00000000000000000000000000000000110100000000100000000000000000000000000000000000
00000000000000000000000000000011000010000000100000000000000000000000000000000000
00000000000000000000000000001110000011100001000000000000000000000000000000000000
00000000000000000000000000000000000000111111000000000000000000000000000000000000
00000000000000000000000000000000000000000000000000000000000000000000000000000000
00000000000000000000000000000000000000000000000000000000000000000000000000000000
00000000000000000000000000000000000000000000000000000000000000000000000000000000
00000000000000000000000000000000000000000000000000000000000000000000000000000000
00000000000000000000000000000000000000000000000000000000000000000000000000000000
00000000000000000000000000000000000000000000000000000000000000000000000000000000
00000000000000000000000000000000000000000000000000000000000000000000000000000000
00000000000000000000000000000000000000000000000000000000000000000000000000000000
00000000000000000000000000000000000000000000000000000000000000000000000000000000
00000000000000000000000000000000000000000000000000000000000000000000000000000000
00000000000000000000000000000000000000000000000000000000000000000000000000000000
00000000000000000000000000000000000000000000000000000000000000000000000000000000
00000000000000000000000000000000000000000000000000000000000000000000000000000000
00000000000000000000000000000000000000000000000000000000000000000000000000000000
00000000000000000000000000000000000000000000000000000000000000000000000000000000
00000000000000000000000000000000000000000000000000000000000000000000000000000000
00000000000000000000000000000000000000000000000000000000000000000000000000000000
00000000000000000000000000000000000000000000000000000000000000000000000000000000
