00000000000000000000000000000000000000000000000000000000000000000000000000000000
00000000000000000000000000000000000000000000000000000000000000000000000000000000
00000000000000000000000000000000000000000000000000000000000000000000000000000000
00000000000000000000000000000000000000000000000000000000000000000000000000000000
00000000000000000000000000000000000000000000000000000000000000000000000000000000
00000000000000000000000000000000000000000000000000000000000000000000000000000000
00000000000000000000000000000000000000000000000000000000000000000000000000000000
00000000000000000000000000000000000000000000000000000000000000000000000000000000
00000000000000000000000000000000000000000000000000000000000000000000000000000000
00000000000000000000000000000000000000000000000000000000000000000000000000000000
00000000000000000000000000000000000000000000000000000000000000000000000000000000
00000000000000000000000000000000000000000000000000000000000000000000000000000000
00000000000000000000000000000000000000000000000000000000000000000000000000000000
00000000000000000000000000000000000110000000000000000000000000000000000000000000
00000000000000000000000000000000000011000000000000000000000000000000000000000000
00000000000000000000000000000000000001100000000000000000000000000000000000000000
00000000000000000000000000000000000000000000000000000000000000000000000000000000
00000000000000000000000000000010000011111111000000000000000000000000000000000000
00000000000000000000000000000011111110000001100000000000000000000000000000000000
00000000000000000000000000000110000000000001100000000000000000000000000000000000
00000000000000000000000000000100000000000001000000000000000000000000000000000000
00000000000000000000000000000100000000000110000000000000000000000000000000000000
00000000000000000000000000000100000000001100000000000000000000000000000000000000
00000000000000000000000000000101111111111100000000000000000000000000000000000000
00000000000000000000000000000100001111000000011000000000000000000000000000000000
00000000000000000000000000000100011001100000110000000000000000000000000000000000
00000000000000000000000000000101110100110011100000000000000000000000000000000000
00000000000000000000000000011110000100011110000000000000000000000000000000000000
00000000000000000000000000000010000100001110000000000000000000000000000000000000
00000000000000000000000000000000001001001111000000000000000000000000000000000000
00000000000000000000000000000000011001000101100000000000000000000000000000000000
00000000000000000000000000000000011001000110011000000000000000000000000000000000
00000000000000000000000000000000101101000010001100000000000000000000000000000000
00000000000000000000000000000001000111000010000011100000000000000000000000000000
00000000000000000000000000000000000010000110000000110000000000000000000000000000
00000000000000000000000000000000000101101100000000000000000000000000000000000000
00000000000000000000000000000000001100111000000000000000000000000000000000000000
00000000000000000000000000000000111000000000000000000000000000000000000000000000
00000000000000000000000000000000110000000000000000000000000000000000000000000000
00000000000000000000000000000000000000000000000000000000000000000000000000000000
00000000000000000000000000000000000000000000000000000000000000000000000000000000
00000000000000000000000000000000000000000000000000000000000000000000000000000000
00000000000000000000000000000000000000000000000000000000000000000000000000000000
00000000000000000000000000000000000000000000000000000000000000000000000000000000
00000000000000000000000000000000000000000000000000000000000000000000000000000000
00000000000000000000000000000000000000000000000000000000000000000000000000000000
00000000000000000000000000000000000000000000000000000000000000000000000000000000
00000000000000000000000000000000000000000000000000000000000000000000000000000000
00000000000000000000000000000000000000000000000000000000000000000000000000000000
00000000000000000000000000000000000000000000000000000000000000000000000000000000
00000000000000000000000000000000000000000000000000000000000000000000000000000000
00000000000000000000000000000000000000000000000000000000000000000000000000000000
00000000000000000000000000000000000000000000000000000000000000000000000000000000
00000000000000000000000000000000000000000000000000000000000000000000000000000000
00000000000000000000000000000000000000000000000000000000000000000000000000000000
00000000000000000000000000000000000000000000000000000000000000000000000000000000
00000000000000000000000000000000000000000000000000000000000000000000000000000000
00000000000000000000000000000000000000000000000000000000000000000000000000000000
00000000000000000000000000000000000000000000000000000000000000000000000000000000
00000000000000000000000000000000000000000000000000000000000000000000000000000000
