00000000000000000000000000000000000000000000000000000000000000000000000000000000
00000000000000000000000000000000000000000000000000000000000000000000000000000000
00000000000000000000000000000000000000000000000000000000000000000000000000000000
00000000000000000000000000000000000000000000000000000000000000000000000000000000
00000000000000000000000000000000000000000000000000000000000000000000000000000000
00000000000000000000000000000000000000000000000000000000000000000000000000000000
00000000000000000000000000000000000000000000000000000000000000000000000000000000
00000000000000000000000000000000000000000000000000000000000000000000000000000000
00000000000000000000000000000000000000000000000000000000000000000000000000000000
00000000000000000000000000000000000000000000000000000000000000000000000000000000
00000000000000000000000000000000000000000000000000000000000000000000000000000000
00000000000000000000000000000000000000000000000000000000000000000000000000000000
00000000000000000000000000000000000000000000000000000000000000000000000000000000
00000000000000000000000000000000010000000000000000000000000000000000000000000000
00000000000000000000000000000000001100000000000000000000000000000000000000000000
00000000000000000000000000000000000110000000000000000000000000000000000000000000
00000000000000000000000000000000000011000000000000000000000000000000000000000000
00000000000000000000000000000000000001000000011000000000000000000000000000000000
00000000000000000000000000010000000001111111101000000000000000000000000000000000
00000000000000000000000000010111111110000000011000000000000000000000000000000000
00000000000000000000000000010000000000000000110000000000000000000000000000000000
00000000000000000000000000010000000000000001100000000000000000000000000000000000
00000000000000000000000000010000000000000010000000000000000000000000000000000000
00000000000000000000000000010000000001111100000000000000000000000000000000000000
00000000000000000000000000010011111110000000000000000000000000000000000000000000
00000000000000000000000000010000001100000000100000000000000000000000000000000000
00000000000000000000000000010000011100000001100000000000000000000000000000000000
00000000000000000000000000010000110010000001000000000000000000000000000000000000
00000000000000000000000000010011010001000010000000000000000000000000000000000000
00000000000000000000000000001100010001110100000000000000000000000000000000000000
00000000000000000000000000110000010100111100000000000000000000000000000000000000
00000000000000000000000000000000110100100100000000000000000000000000000000000000
00000000000000000000000000000001100100010011000000000000000000000000000000000000
00000000000000000000000000000011000100001001100000000000000000000000000000000000
00000000000000000000000000000110000100001000011000000000000000000000000000000000
00000000000000000000000000001100001110001000000111111110000000000000000000000000
00000000000000000000000000001000011011001000000000000000000000000000000000000000
00000000000000000000000000000000110001101000000000000000000000000000000000000000
00000000000000000000000000000000100000111000000000000000000000000000000000000000
00000000000000000000000000000001000000011000000000000000000000000000000000000000
00000000000000000000000000001110000000000000000000000000000000000000000000000000
00000000000000000000000000000000000000000000000000000000000000000000000000000000
00000000000000000000000000000000000000000000000000000000000000000000000000000000
00000000000000000000000000000000000000000000000000000000000000000000000000000000
00000000000000000000000000000000000000000000000000000000000000000000000000000000
00000000000000000000000000000000000000000000000000000000000000000000000000000000
00000000000000000000000000000000000000000000000000000000000000000000000000000000
00000000000000000000000000000000000000000000000000000000000000000000000000000000
00000000000000000000000000000000000000000000000000000000000000000000000000000000
00000000000000000000000000000000000000000000000000000000000000000000000000000000
00000000000000000000000000000000000000000000000000000000000000000000000000000000
00000000000000000000000000000000000000000000000000000000000000000000000000000000
00000000000000000000000000000000000000000000000000000000000000000000000000000000
00000000000000000000000000000000000000000000000000000000000000000000000000000000
00000000000000000000000000000000000000000000000000000000000000000000000000000000
00000000000000000000000000000000000000000000000000000000000000000000000000000000
00000000000000000000000000000000000000000000000000000000000000000000000000000000
00000000000000000000000000000000000000000000000000000000000000000000000000000000
00000000000000000000000000000000000000000000000000000000000000000000000000000000
00000000000000000000000000000000000000000000000000000000000000000000000000000000
