00000000000000000000000000000000000000000000000000000000000000000000000000000000
00000000000000000000000000000000000000000000000000000000000000000000000000000000
00000000000000000000000000000000000000000000000000000000000000000000000000000000
00000000000000000000000000000000000000000000000000000000000000000000000000000000
00000000000000000000000000000000000000000000000000000000000000000000000000000000
00000000000000000000000000000000000000000000000000000000000000000000000000000000
00000000000000000000000000000000000000000000000000000000000000000000000000000000
00000000000000000000000000000000000000000000000000000000000000000000000000000000
00000000000000000000000000000000000000000000000000000000000000000000000000000000
00000000000000000000000000000000000000000000000000000000000000000000000000000000
00000000000000000000000000000000000000000000000000000000000000000000000000000000
00000000000000000000000000000000000000000000000000000000000000000000000000000000
00000000000000000000000000000000001100000000000000000000000000000000000000000000
00000000000000000000000000000000000111000000000000000000000000000000000000000000
00000000000000000000000000000000000001100000000000000000000000000000000000000000
00000000000000000000000000000000000000110000000000000000000000000000000000000000
00000000000000000000000000000001000000000000000000000000000000000000000000000000
00000000000000000000000000000001000000011111110000000000000000000000000000000000
00000000000000000000000000000001111111100000010000000000000000000000000000000000
00000000000000000000000000000011000000000000010000000000000000000000000000000000
00000000000000000000000000000010000000000000000000000000000000000000000000000000
00000000000000000000000000000010111111111110000000000000000000000000000000000000
00000000000000000000000000000010000000100000000000000000000000000000000000000000
00000000000000000000000000000010000001000000000000000000000000000000000000000000
00000000000000000000000000000110000011100000000000000000000000000000000000000000
00000000000000000000000000000100000010010000001000000000000000000000000000000000
00000000000000000000000000000100000100011000001000000000000000000000000000000000
00000000000000000000000000000000001101101000010000000000000000000000000000000000
00000000000000000000000000000000011011001101110000000000000000000000000000000000
00000000000000000000000000000111100110000111000000000000000000000000000000000000
00000000000000000000000000000000011100100111000000000000000000000000000000000000
00000000000000000000000000000000110000100101000000000000000000000000000000000000
00000000000000000000000000000000000000100010100000000000000000000000000000000000
00000000000000000000000000000000000001000010010000000000000000000000000000000000
00000000000000000000000000000000000011000010001100000000000000000000000000000000
00000000000000000000000000000000111100000110000111000000000000000000000000000000
00000000000000000000000000000000000100011100000001111100000000000000000000000000
00000000000000000000000000000000000011110000000000000000000000000000000000000000
00000000000000000000000000000000000000000000000000000000000000000000000000000000
00000000000000000000000000000000000000000000000000000000000000000000000000000000
00000000000000000000000000000000000000000000000000000000000000000000000000000000
00000000000000000000000000000000000000000000000000000000000000000000000000000000
00000000000000000000000000000000000000000000000000000000000000000000000000000000
00000000000000000000000000000000000000000000000000000000000000000000000000000000
00000000000000000000000000000000000000000000000000000000000000000000000000000000
00000000000000000000000000000000000000000000000000000000000000000000000000000000
00000000000000000000000000000000000000000000000000000000000000000000000000000000
00000000000000000000000000000000000000000000000000000000000000000000000000000000
00000000000000000000000000000000000000000000000000000000000000000000000000000000
00000000000000000000000000000000000000000000000000000000000000000000000000000000
00000000000000000000000000000000000000000000000000000000000000000000000000000000
00000000000000000000000000000000000000000000000000000000000000000000000000000000
00000000000000000000000000000000000000000000000000000000000000000000000000000000
00000000000000000000000000000000000000000000000000000000000000000000000000000000
00000000000000000000000000000000000000000000000000000000000000000000000000000000
00000000000000000000000000000000000000000000000000000000000000000000000000000000
00000000000000000000000000000000000000000000000000000000000000000000000000000000
00000000000000000000000000000000000000000000000000000000000000000000000000000000
00000000000000000000000000000000000000000000000000000000000000000000000000000000
00000000000000000000000000000000000000000000000000000000000000000000000000000000
