00000000000000000000000000000000000000000000000000000000000000000000000000000000
00000000000000000000000000000000000000000000000000000000000000000000000000000000
00000000000000000000000000000000000000000000000000000000000000000000000000000000
00000000000000000000000000000000000000000000000000000000000000000000000000000000
00000000000000000000000000000000000000000000000000000000000000000000000000000000
00000000000000000000000000000000000000000000000000000000000000000000000000000000
00000000000000000000000000000000000000000000000000000000000000000000000000000000
00000000000000000000000000000000000000000000000000000000000000000000000000000000
00000000000000000000000000000000000000000000000000000000000000000000000000000000
00000000000000000000000000000000000000000000000000000000000000000000000000000000
00000000000000000000000000000000000000000000000000000000000000000000000000000000
00000000000000000000000000000000000000000000000000000000000000000000000000000000
00000000000000000000000000000000000000000000000000000000000000000000000000000000
00000000000000000000000001000000000000000000000000000000000000000000000000000000
00000000000000000000000000110000000000000000000000000000000000000000000000000000
00000000000000000000000000001100000000000000000000000000000000000000000000000000
00000000000000000000000000000100000001111000000000000000000000000000000000000000
00000000000000000000010000000001111111001000000000000000000000000000000000000000
00000000000000000000111111111110000000011000000000000000000000000000000000000000
00000000000000000000111000000000000000110000000000000000000000000000000000000000
00000000000000000000100000000000000000000000000000000000000000000000000000000000
00000000000000000000100000000000000000000000000000000000000000000000000000000000
00000000000000000001100011111111110000000000000000000000000000000000000000000000
00000000000000000001000000000101100000000000000000000000000000000000000000000000
00000000000000000001000000001000100000000000000000000000000000000000000000000000
00000000000000000001000000011000110000000100000000000000000000000000000000000000
00000000000000000001000000110000010000001000000000000000000000000000000000000000
00000000000000000000000011100010010000010000000000000000000000000000000000000000
00000000000000000000001110000110001000100000000000000000000000000000000000000000
00000000000000000000000000001100001011000000000000000000000000000000000000000000
00000000000000000000000000001000101110000000000000000000000000000000000000000000
00000000000000000000000000110000101111000000000000000000000000000000000000000000
00000000000000000000000001100000100101100000000000000000000000000000000000000000
00000000000000000000000111000001100100111000000000000000000000000000000000000000
00000000000000000000001100000011000100001100000000000000000000000000000000000000
00000000000000000000000000000110000100000111110000000000000000000000000000000000
00000000000000000000000000000100000100000000000000000000000000000000000000000000
00000000000000000000000000011100000100000000000000000000000000000000000000000000
00000000000000000000000000110100001100000000000000000000000000000000000000000000
00000000000000000000000000000111011000000000000000000000000000000000000000000000
00000000000000000000000000000001110000000000000000000000000000000000000000000000
00000000000000000000000000000000000000000000000000000000000000000000000000000000
00000000000000000000000000000000000000000000000000000000000000000000000000000000
00000000000000000000000000000000000000000000000000000000000000000000000000000000
00000000000000000000000000000000000000000000000000000000000000000000000000000000
00000000000000000000000000000000000000000000000000000000000000000000000000000000
00000000000000000000000000000000000000000000000000000000000000000000000000000000
00000000000000000000000000000000000000000000000000000000000000000000000000000000
00000000000000000000000000000000000000000000000000000000000000000000000000000000
00000000000000000000000000000000000000000000000000000000000000000000000000000000
00000000000000000000000000000000000000000000000000000000000000000000000000000000
00000000000000000000000000000000000000000000000000000000000000000000000000000000
00000000000000000000000000000000000000000000000000000000000000000000000000000000
00000000000000000000000000000000000000000000000000000000000000000000000000000000
00000000000000000000000000000000000000000000000000000000000000000000000000000000
00000000000000000000000000000000000000000000000000000000000000000000000000000000
00000000000000000000000000000000000000000000000000000000000000000000000000000000
00000000000000000000000000000000000000000000000000000000000000000000000000000000
00000000000000000000000000000000000000000000000000000000000000000000000000000000
00000000000000000000000000000000000000000000000000000000000000000000000000000000
