00000000000000000000000000000000000000000000000000000000000000000000000000000000
00000000000000000000000000000000000000000000000000000000000000000000000000000000
00000000000000000000000000000000000000000000000000000000000000000000000000000000
00000000000000000000000000000000000000000000000000000000000000000000000000000000
00000000000000000000000000000000000000000000000000000000000000000000000000000000
00000000000000000000000000000000000000000000000000000000000000000000000000000000
00000000000000000000000000000000000000000000000000000000000000000000000000000000
00000000000000000000000000000000000000000000000000000000000000000000000000000000
00000000000000000000000000000000000000000000000000000000000000000000000000000000
00000000000000000000000000000000000000000000000000000000000000000000000000000000
00000000000000000000000000000000000000000000000000000000000000000000000000000000
00000000000000000000000000000000000000000000000000000000000000000000000000000000
00000000000000000000000000000000000000000000000000000000000000000000000000000000
00000000000000000000000000000000000000000000000000000000000000000000000000000000
00000000000000000000000000000000000000000000000000000000000000000000000000000000
00000000000000000000000000000000000000100000000000000000000000000000000000000000
00000000000000000000000000000000000000010000000000000000000000000000000000000000
00000000000000000000000000000000000000001000000000000000000000000000000000000000
00000000000000000000000000000000000000000110000000000000000000000000000000000000
00000000000000000000000000000000000000000000000000000000000000000000000000000000
00000000000000000000000000000000000000000111111100000000000000000000000000000000
00000000000000000000000000000000111111111000000100000000000000000000000000000000
00000000000000000000000000000000100000000000001100000000000000000000000000000000
00000000000000000000000000000000100000000000111000000000000000000000000000000000
00000000000000000000000000000000100000000011000000000000000000000000000000000000
00000000000000000000000000000000100111111111110000000000000000000000000000000000
00000000000000000000000000000000100000111000000000000000000000000000000000000000
00000000000000000000000000000000100000111000000001000000000000000000000000000000
00000000000000000000000000000000100001101000000010000000000000000000000000000000
00000000000000000000000000000000100010001100001100000000000000000000000000000000
00000000000000000000000000000000011100010101011000000000000000000000000000000000
00000000000000000000000000000000010000010011100000000000000000000000000000000000
00000000000000000000000000000000000000110011110000000000000000000000000000000000
00000000000000000000000000000000000001100011011000000000000000000000000000000000
00000000000000000000000000000000000011000111100100000000000000000000000000000000
00000000000000000000000000000000000110000100100011000000000000000000000000000000
00000000000000000000000000000000001100011000100001110000000000000000000000000000
00000000000000000000000000000000000000011000110000011100000000000000000000000000
00000000000000000000000000000000000000111100010000000011110000000000000000000000
00000000000000000000000000000000000001100110100000000000000000000000000000000000
00000000000000000000000000000000001111000001100000000000000000000000000000000000
00000000000000000000000000000000000000000000000000000000000000000000000000000000
00000000000000000000000000000000000000000000000000000000000000000000000000000000
00000000000000000000000000000000000000000000000000000000000000000000000000000000
00000000000000000000000000000000000000000000000000000000000000000000000000000000
00000000000000000000000000000000000000000000000000000000000000000000000000000000
00000000000000000000000000000000000000000000000000000000000000000000000000000000
00000000000000000000000000000000000000000000000000000000000000000000000000000000
00000000000000000000000000000000000000000000000000000000000000000000000000000000
00000000000000000000000000000000000000000000000000000000000000000000000000000000
00000000000000000000000000000000000000000000000000000000000000000000000000000000
00000000000000000000000000000000000000000000000000000000000000000000000000000000
00000000000000000000000000000000000000000000000000000000000000000000000000000000
00000000000000000000000000000000000000000000000000000000000000000000000000000000
00000000000000000000000000000000000000000000000000000000000000000000000000000000
00000000000000000000000000000000000000000000000000000000000000000000000000000000
00000000000000000000000000000000000000000000000000000000000000000000000000000000
00000000000000000000000000000000000000000000000000000000000000000000000000000000
00000000000000000000000000000000000000000000000000000000000000000000000000000000
00000000000000000000000000000000000000000000000000000000000000000000000000000000
