00000000000000000000000000000000000000000000000000000000000000000000000000000000
00000000000000000000000000000000000000000000000000000000000000000000000000000000
00000000000000000000000000000000000000000000000000000000000000000000000000000000
00000000000000000000000000000000000000000000000000000000000000000000000000000000
00000000000000000000000000000000000000000000000000000000000000000000000000000000
00000000000000000000000000000000000000000000000000000000000000000000000000000000
00000000000000000000000000000000000000000000000000000000000000000000000000000000
00000000000000000000000000000000000000000000000000000000000000000000000000000000
00000000000000000000000000000000000000000000000000000000000000000000000000000000
00000000000000000000000000000000000000000000000000000000000000000000000000000000
00000000000000000000000000000000000000000000000000000000000000000000000000000000
00000000000000000000000000000000000000000000000000000000000000000000000000000000
00000000000000000000000000000000000110000000000000000000000000000000000000000000
00000000000000000000000000000000000011000000000000000000000000000000000000000000
00000000000000000000000000000000000001100000000000000000000000000000000000000000
00000000000000000000000000000000000000000000000000000000000000000000000000000000
00000000000000000000000000000000000111111111100000000000000000000000000000000000
00000000000000000000000000000011111000000000110000000000000000000000000000000000
00000000000000000000000000000010000000000000010000000000000000000000000000000000
00000000000000000000000000000010000000000000110000000000000000000000000000000000
00000000000000000000000000000010000000000011100000000000000000000000000000000000
00000000000000000000000000000010111111111110000000000000000000000000000000000000
00000000000000000000000000000010000001100000000000000000000000000000000000000000
00000000000000000000000000000010000011000000000000000000000000000000000000000000
00000000000000000000000000000010000011110000000000000000000000000000000000000000
00000000000000000000000000000000001100010000001000000000000000000000000000000000
00000000000000000000000000000000011001011000011000000000000000000000000000000000
00000000000000000000000000000001110001001000010000000000000000000000000000000000
00000000000000000000000000000011000001000101100000000000000000000000000000000000
00000000000000000000000000000000000010001111000000000000000000000000000000000000
00000000000000000000000000000000000110010110000000000000000000000000000000000000
00000000000000000000000000000000011100010011100000000000000000000000000000000000
00000000000000000000000000000000000000010010110000000000000000000000000000000000
00000000000000000000000000000000000000110001001100000000000000000000000000000000
00000000000000000000000000000000000101100001000110000000000000000000000000000000
00000000000000000000000000000000000111000001000001100000000000000000000000000000
00000000000000000000000000000000001110000001000000111000000000000000000000000000
00000000000000000000000000000000111110000001000000000111000000000000000000000000
00000000000000000000000000000000000011111110000000000000000000000000000000000000
00000000000000000000000000000000000000000000000000000000000000000000000000000000
00000000000000000000000000000000000000000000000000000000000000000000000000000000
00000000000000000000000000000000000000000000000000000000000000000000000000000000
00000000000000000000000000000000000000000000000000000000000000000000000000000000
00000000000000000000000000000000000000000000000000000000000000000000000000000000
00000000000000000000000000000000000000000000000000000000000000000000000000000000
00000000000000000000000000000000000000000000000000000000000000000000000000000000
00000000000000000000000000000000000000000000000000000000000000000000000000000000
00000000000000000000000000000000000000000000000000000000000000000000000000000000
00000000000000000000000000000000000000000000000000000000000000000000000000000000
00000000000000000000000000000000000000000000000000000000000000000000000000000000
00000000000000000000000000000000000000000000000000000000000000000000000000000000
00000000000000000000000000000000000000000000000000000000000000000000000000000000
00000000000000000000000000000000000000000000000000000000000000000000000000000000
00000000000000000000000000000000000000000000000000000000000000000000000000000000
00000000000000000000000000000000000000000000000000000000000000000000000000000000
00000000000000000000000000000000000000000000000000000000000000000000000000000000
00000000000000000000000000000000000000000000000000000000000000000000000000000000
00000000000000000000000000000000000000000000000000000000000000000000000000000000
00000000000000000000000000000000000000000000000000000000000000000000000000000000
00000000000000000000000000000000000000000000000000000000000000000000000000000000
