00000000000000000000000000000000000000000000000000000000000000000000000000000000
00000000000000000000000000000000000000000000000000000000000000000000000000000000
00000000000000000000000000000000000000000000000000000000000000000000000000000000
00000000000000000000000000000000000000000000000000000000000000000000000000000000
00000000000000000000000000000000000000000000000000000000000000000000000000000000
00000000000000000000000000000000000000000000000000000000000000000000000000000000
00000000000000000000000000000000000000000000000000000000000000000000000000000000
00000000000000000000000000000000000000000000000000000000000000000000000000000000
00000000000000000000000000000000000000000000000000000000000000000000000000000000
00000000000000000000000000000000000000000000000000000000000000000000000000000000
00000000000000000000000000000000000000000000000000000000000000000000000000000000
00000000000000000000000000000000000000000000000000000000000000000000000000000000
00000000000000000000000000000000000000000000000000000000000000000000000000000000
00000000000000000000000000000000000000000000000000000000000000000000000000000000
00000000000000000000000000000000011000000000000000000000000000000000000000000000
00000000000000000000000000000000001110000000000000000000000000000000000000000000
00000000000000000000000000000000000010000000000000000000000000000000000000000000
00000000000000000000000000000000000000000111100000000000000000000000000000000000
00000000000000000000000000000000000111111100100000000000000000000000000000000000
00000000000000000000000000001111111100000001100000000000000000000000000000000000
00000000000000000000000000001000000000000011000000000000000000000000000000000000
00000000000000000000000000001000000000000000000000000000000000000000000000000000
00000000000000000000000000001000111111100000000000000000000000000000000000000000
00000000000000000000000000010000000011111110000000000000000000000000000000000000
00000000000000000000000000010000000110000000000000000000000000000000000000000000
00000000000000000000000000010000001110000000000000000000000000000000000000000000
00000000000000000000000000010000011001000000000000000000000000000000000000000000
00000000000000000000000000010000110000110000000010000000000000000000000000000000
00000000000000000000000000010011100000010000000110000000000000000000000000000000
00000000000000000000000000001110000010011000011000000000000000000000000000000000
00000000000000000000000000000000000110011100110000000000000000000000000000000000
00000000000000000000000000000000000100010111000000000000000000000000000000000000
00000000000000000000000000000000001100111110000000000000000000000000000000000000
00000000000000000000000000000000011000100011000000000000000000000000000000000000
00000000000000000000000000000000110001000010110000000000000000000000000000000000
00000000000000000000000000000001100011000010011000000000000000000000000000000000
00000000000000000000000000000011000010000010001110000000000000000000000000000000
00000000000000000000000000000000001110000010000001110000000000000000000000000000
00000000000000000000000000000000001110000010000000011000000000000000000000000000
00000000000000000000000000000000011011000110000000000000000000000000000000000000
00000000000000000000000000000001110001101100000000000000000000000000000000000000
00000000000000000000000000000000000000111000000000000000000000000000000000000000
00000000000000000000000000000000000000000000000000000000000000000000000000000000
00000000000000000000000000000000000000000000000000000000000000000000000000000000
00000000000000000000000000000000000000000000000000000000000000000000000000000000
00000000000000000000000000000000000000000000000000000000000000000000000000000000
00000000000000000000000000000000000000000000000000000000000000000000000000000000
00000000000000000000000000000000000000000000000000000000000000000000000000000000
00000000000000000000000000000000000000000000000000000000000000000000000000000000
00000000000000000000000000000000000000000000000000000000000000000000000000000000
00000000000000000000000000000000000000000000000000000000000000000000000000000000
00000000000000000000000000000000000000000000000000000000000000000000000000000000
00000000000000000000000000000000000000000000000000000000000000000000000000000000
00000000000000000000000000000000000000000000000000000000000000000000000000000000
00000000000000000000000000000000000000000000000000000000000000000000000000000000
00000000000000000000000000000000000000000000000000000000000000000000000000000000
00000000000000000000000000000000000000000000000000000000000000000000000000000000
00000000000000000000000000000000000000000000000000000000000000000000000000000000
00000000000000000000000000000000000000000000000000000000000000000000000000000000
00000000000000000000000000000000000000000000000000000000000000000000000000000000
