00000000000000000000000000000000000000000000000000000000000000000000000000000000
00000000000000000000000000000000000000000000000000000000000000000000000000000000
00000000000000000000000000000000000000000000000000000000000000000000000000000000
00000000000000000000000000000000000000000000000000000000000000000000000000000000
00000000000000000000000000000000000000000000000000000000000000000000000000000000
00000000000000000000000000000000000000000000000000000000000000000000000000000000
00000000000000000000000000000000000000000000000000000000000000000000000000000000
00000000000000000000000000000000000000000000000000000000000000000000000000000000
00000000000000000000000000000000000000000000000000000000000000000000000000000000
00000000000000000000000000000000000010000000000000000000000000000000000000000000
00000000000000000000000000000000000001100000000000000000000000000000000000000000
00000000000000000000000000000000000000110000000000000000000000000000000000000000
00000000000000000000000000000000000000011000000000000000000000000000000000000000
00000000000000000000000000000000000000000100000000000000000000000000000000000000
00000000000000000000000000000000100000011111111111110000000000000000000000000000
00000000000000000000000000000000101111110000000000010000000000000000000000000000
00000000000000000000000000000000100000000000000001110000000000000000000000000000
00000000000000000000000000000000010000000000000000000000000000000000000000000000
00000000000000000000000000000000010000011111111000000000000000000000000000000000
00000000000000000000000000000000010000000110000000000000000000000000000000000000
00000000000000000000000000000000010000001111000000000000000000000000000000000000
00000000000000000000000000000000010000011000110000000000000000000000000000000000
00000000000000000000000000000000010001110000010000010000000000000000000000000000
00000000000000000000000000000000110011000100011000010000000000000000000000000000
00000000000000000000000000000000101110001100001000110000000000000000000000000000
00000000000000000000000000000000000000001000101111100000000000000000000000000000
00000000000000000000000000000000000000011001101111000000000000000000000000000000
00000000000000000000000000000000000000110001000101110000000000000000000000000000
00000000000000000000000000000000000001100010000100011100000000000000000000000000
00000000000000000000000000000000000110000100000100000111100000000000000000000000
00000000000000000000000000000000000000001100000100000000111111111110000000000000
00000000000000000000000000000000000000011000000100000000000000000000000000000000
00000000000000000000000000000000000001111100000100000000000000000000000000000000
00000000000000000000000000000000000000000110000100000000000000000000000000000000
00000000000000000000000000000000000000000011001100000000000000000000000000000000
00000000000000000000000000000000000000000001111000000000000000000000000000000000
00000000000000000000000000000000000000000000000000000000000000000000000000000000
00000000000000000000000000000000000000000000000000000000000000000000000000000000
00000000000000000000000000000000000000000000000000000000000000000000000000000000
00000000000000000000000000000000000000000000000000000000000000000000000000000000
00000000000000000000000000000000000000000000000000000000000000000000000000000000
00000000000000000000000000000000000000000000000000000000000000000000000000000000
00000000000000000000000000000000000000000000000000000000000000000000000000000000
00000000000000000000000000000000000000000000000000000000000000000000000000000000
00000000000000000000000000000000000000000000000000000000000000000000000000000000
00000000000000000000000000000000000000000000000000000000000000000000000000000000
00000000000000000000000000000000000000000000000000000000000000000000000000000000
00000000000000000000000000000000000000000000000000000000000000000000000000000000
00000000000000000000000000000000000000000000000000000000000000000000000000000000
00000000000000000000000000000000000000000000000000000000000000000000000000000000
00000000000000000000000000000000000000000000000000000000000000000000000000000000
00000000000000000000000000000000000000000000000000000000000000000000000000000000
00000000000000000000000000000000000000000000000000000000000000000000000000000000
00000000000000000000000000000000000000000000000000000000000000000000000000000000
00000000000000000000000000000000000000000000000000000000000000000000000000000000
00000000000000000000000000000000000000000000000000000000000000000000000000000000
00000000000000000000000000000000000000000000000000000000000000000000000000000000
00000000000000000000000000000000000000000000000000000000000000000000000000000000
00000000000000000000000000000000000000000000000000000000000000000000000000000000
00000000000000000000000000000000000000000000000000000000000000000000000000000000
