00000000000000000000000000000000000000000000000000000000000000000000000000000000
00000000000000000000000000000000000000000000000000000000000000000000000000000000
00000000000000000000000000000000000000000000000000000000000000000000000000000000
00000000000000000000000000000000000000000000000000000000000000000000000000000000
00000000000000000000000000000000000000000000000000000000000000000000000000000000
00000000000000000000000000000000000000000000000000000000000000000000000000000000
00000000000000000000000000000000000000000000000000000000000000000000000000000000
00000000000000000000000000000000000000000000000000000000000000000000000000000000
00000000000000000000000000000000000000000000000000000000000000000000000000000000
00000000000000000000000000000000000000000000000000000000000000000000000000000000
00000000000000000000000000000000000000000000000000000000000000000000000000000000
00000000000000000000000000000000000000000000000000000000000000000000000000000000
00000000000000000000000000000000001000000000000000000000000000000000000000000000
00000000000000000000000000000000001100000000000000000000000000000000000000000000
00000000000000000000000000000000000110000000000000000000000000000000000000000000
00000000000000000000000000000000000011000000000000000000000000000000000000000000
00000000000000000000000000000000000011111111111000000000000000000000000000000000
00000000000000000000000000000101111110000000001000000000000000000000000000000000
00000000000000000000000000000100000000000000011000000000000000000000000000000000
00000000000000000000000000000100000000000000110000000000000000000000000000000000
00000000000000000000000000000100000000100000000000000000000000000000000000000000
00000000000000000000000000000100011111111110000000000000000000000000000000000000
00000000000000000000000000000100000000100000000000000000000000000000000000000000
00000000000000000000000000000100000001110000000000000000000000000000000000000000
00000000000000000000000000000100000001011000000011000000000000000000000000000000
00000000000000000000000000001100000011001000000010000000000000000000000000000000
00000000000000000000000000000000000010101100001100000000000000000000000000000000
00000000000000000000000000000000000100100100011000000000000000000000000000000000
00000000000000000000000000000000011001100110110000000000000000000000000000000000
00000000000000000000000000000000000001000011100000000000000000000000000000000000
00000000000000000000000000000000000010001011110000000000000000000000000000000000
00000000000000000000000000000000000110001010001100000000000000000000000000000000
00000000000000000000000000000000011000001001000110000000000000000000000000000000
00000000000000000000000000000000110000011001000011100000000000000000000000000000
00000000000000000000000000000000000000110001000000111100000000000000000000000000
00000000000000000000000000000000000011100001000000000111100000000000000000000000
00000000000000000000000000000000000111000001000000000000011110000000000000000000
00000000000000000000000000000000001111000011000000000000000000000000000000000000
00000000000000000000000000000000011001000110000000000000000000000000000000000000
00000000000000000000000000000000000000111100000000000000000000000000000000000000
00000000000000000000000000000000000000000000000000000000000000000000000000000000
00000000000000000000000000000000000000000000000000000000000000000000000000000000
00000000000000000000000000000000000000000000000000000000000000000000000000000000
00000000000000000000000000000000000000000000000000000000000000000000000000000000
00000000000000000000000000000000000000000000000000000000000000000000000000000000
00000000000000000000000000000000000000000000000000000000000000000000000000000000
00000000000000000000000000000000000000000000000000000000000000000000000000000000
00000000000000000000000000000000000000000000000000000000000000000000000000000000
00000000000000000000000000000000000000000000000000000000000000000000000000000000
00000000000000000000000000000000000000000000000000000000000000000000000000000000
00000000000000000000000000000000000000000000000000000000000000000000000000000000
00000000000000000000000000000000000000000000000000000000000000000000000000000000
00000000000000000000000000000000000000000000000000000000000000000000000000000000
00000000000000000000000000000000000000000000000000000000000000000000000000000000
00000000000000000000000000000000000000000000000000000000000000000000000000000000
00000000000000000000000000000000000000000000000000000000000000000000000000000000
00000000000000000000000000000000000000000000000000000000000000000000000000000000
00000000000000000000000000000000000000000000000000000000000000000000000000000000
00000000000000000000000000000000000000000000000000000000000000000000000000000000
00000000000000000000000000000000000000000000000000000000000000000000000000000000
