00000000000000000000000000000000000000000000000000000000000000000000000000000000
00000000000000000000000000000000000000000000000000000000000000000000000000000000
00000000000000000000000000000000000000000000000000000000000000000000000000000000
00000000000000000000000000000000000000000000000000000000000000000000000000000000
00000000000000000000000000000000000000000000000000000000000000000000000000000000
00000000000000000000000000000000000000000000000000000000000000000000000000000000
00000000000000000000000000000000000000000000000000000000000000000000000000000000
00000000000000000000000000000000000000000000000000000000000000000000000000000000
00000000000000000000000000000000000000000000000000000000000000000000000000000000
00000000000000000000000000000000000000000000000000000000000000000000000000000000
00000000000000000000000000000000000000000000000000000000000000000000000000000000
00000000000000000000000000001100000000000000000000000000000000000000000000000000
00000000000000000000000000000110000000000000000000000000000000000000000000000000
00000000000000000000000000000001100000000000000000000000000000000000000000000000
00000000000000000000000000000000110000000000000000000000000000000000000000000000
00000000000000000000000000000000000000000000000000000000000000000000000000000000
00000000000000000000000000100000111111111110000000000000000000000000000000000000
00000000000000000000000001111111100000000010000000000000000000000000000000000000
00000000000000000000000000100000000000000010000000000000000000000000000000000000
00000000000000000000000000100000000000001110000000000000000000000000000000000000
00000000000000000000000001000001111111000000000000000000000000000000000000000000
00000000000000000000000001000000001100000000000000000000000000000000000000000000
00000000000000000000000011000000011000000000000000000000000000000000000000000000
00000000000000000000000010000001111100000000000000000000000000000000000000000000
00000000000000000000000110000111001110000010000000000000000000000000000000000000
00000000000000000000000000011100010010000110000000000000000000000000000000000000
00000000000000000000000000000000110011011100000000000000000000000000000000000000
00000000000000000000000000000001100001000000000000000000000000000000000000000000
00000000000000000000000000000111000011110000000000000000000000000000000000000000
00000000000000000000000000001100001110111000000000000000000000000000000000000000
00000000000000000000000000111000011000101100000000000000000000000000000000000000
00000000000000000000000000000000110000100110000000000000000000000000000000000000
00000000000000000000000000000011010000100001100000000000000000000000000000000000
00000000000000000000000000000110011000100000111100000000000000000000000000000000
00000000000000000000000000000000001001100000000111111100000000000000000000000000
00000000000000000000000000000000000111000000000000000000000000000000000000000000
00000000000000000000000000000000000000000000000000000000000000000000000000000000
00000000000000000000000000000000000000000000000000000000000000000000000000000000
00000000000000000000000000000000000000000000000000000000000000000000000000000000
00000000000000000000000000000000000000000000000000000000000000000000000000000000
00000000000000000000000000000000000000000000000000000000000000000000000000000000
00000000000000000000000000000000000000000000000000000000000000000000000000000000
00000000000000000000000000000000000000000000000000000000000000000000000000000000
00000000000000000000000000000000000000000000000000000000000000000000000000000000
00000000000000000000000000000000000000000000000000000000000000000000000000000000
00000000000000000000000000000000000000000000000000000000000000000000000000000000
00000000000000000000000000000000000000000000000000000000000000000000000000000000
00000000000000000000000000000000000000000000000000000000000000000000000000000000
00000000000000000000000000000000000000000000000000000000000000000000000000000000
00000000000000000000000000000000000000000000000000000000000000000000000000000000
00000000000000000000000000000000000000000000000000000000000000000000000000000000
00000000000000000000000000000000000000000000000000000000000000000000000000000000
00000000000000000000000000000000000000000000000000000000000000000000000000000000
00000000000000000000000000000000000000000000000000000000000000000000000000000000
00000000000000000000000000000000000000000000000000000000000000000000000000000000
00000000000000000000000000000000000000000000000000000000000000000000000000000000
00000000000000000000000000000000000000000000000000000000000000000000000000000000
00000000000000000000000000000000000000000000000000000000000000000000000000000000
00000000000000000000000000000000000000000000000000000000000000000000000000000000
00000000000000000000000000000000000000000000000000000000000000000000000000000000
