00000000000000000000000000000000000000000000000000000000000000000000000000000000
00000000000000000000000000000000000000000000000000000000000000000000000000000000
00000000000000000000000000000000000000000000000000000000000000000000000000000000
00000000000000000000000000000000000000000000000000000000000000000000000000000000
00000000000000000000000000000000000000000000000000000000000000000000000000000000
00000000000000000000000000000000000000000000000000000000000000000000000000000000
00000000000000000000000000000000000000000000000000000000000000000000000000000000
00000000000000000000000000000000000000000000000000000000000000000000000000000000
00000000000000000000000000000000000000000000000000000000000000000000000000000000
00000000000000000000000000000000000000000000000000000000000000000000000000000000
00000000000000000000000000000000000110000000000000000000000000000000000000000000
00000000000000000000000000000000000011000000000000000000000000000000000000000000
00000000000000000000000000000000000001100000000000000000000000000000000000000000
00000000000000000000000000000000000000110000000000000000000000000000000000000000
00000000000000000000000000000000000000011100000000000000000000000000000000000000
00000000000000000000000000000000000000000111111110000000000000000000000000000000
00000000000000000000000000000010000000011110000010000000000000000000000000000000
00000000000000000000000000000010001111100000000010000000000000000000000000000000
00000000000000000000000000000011110000000000000010000000000000000000000000000000
00000000000000000000000000000010000000000001110110000000000000000000000000000000
00000000000000000000000000000010000000011110001100000000000000000000000000000000
00000000000000000000000000000010000001111000001000000000000000000000000000000000
00000000000000000000000000000010001110011110110000000000000000000000000000000000
00000000000000000000000000000010001000110011100000000100000000000000000000000000
00000000000000000000000000000010000000100001100000001100000000000000000000000000
00000000000000000000000000000010000001000000110000011000000000000000000000000000
00000000000000000000000000000010000011000000010000110000000000000000000000000000
00000000000000000000000000000010000110011000010011000000000000000000000000000000
00000000000000000000000000000010011100010000011110000000000000000000000000000000
00000000000000000000000000000000000000010010001110000000000000000000000000000000
00000000000000000000000000000000000000100010001010000000000000000000000000000000
00000000000000000000000000000000000001000010001001000000000000000000000000000000
00000000000000000000000000000000000001000010001000110000000000000000000000000000
00000000000000000000000000000000000010000100001000011000000000000000000000000000
00000000000000000000000000000000000110001100001000001100000000000000000000000000
00000000000000000000000000000000000100011000001000000111100000000000000000000000
00000000000000000000000000000000000000110000001000000000000000000000000000000000
00000000000000000000000000000000000001110000001000000000000000000000000000000000
00000000000000000000000000000000000111001100011000000000000000000000000000000000
00000000000000000000000000000000011100000110110000000000000000000000000000000000
00000000000000000000000000000000000000000011100000000000000000000000000000000000
00000000000000000000000000000000000000000000000000000000000000000000000000000000
00000000000000000000000000000000000000000000000000000000000000000000000000000000
00000000000000000000000000000000000000000000000000000000000000000000000000000000
00000000000000000000000000000000000000000000000000000000000000000000000000000000
00000000000000000000000000000000000000000000000000000000000000000000000000000000
00000000000000000000000000000000000000000000000000000000000000000000000000000000
00000000000000000000000000000000000000000000000000000000000000000000000000000000
00000000000000000000000000000000000000000000000000000000000000000000000000000000
00000000000000000000000000000000000000000000000000000000000000000000000000000000
00000000000000000000000000000000000000000000000000000000000000000000000000000000
00000000000000000000000000000000000000000000000000000000000000000000000000000000
00000000000000000000000000000000000000000000000000000000000000000000000000000000
00000000000000000000000000000000000000000000000000000000000000000000000000000000
00000000000000000000000000000000000000000000000000000000000000000000000000000000
00000000000000000000000000000000000000000000000000000000000000000000000000000000
00000000000000000000000000000000000000000000000000000000000000000000000000000000
00000000000000000000000000000000000000000000000000000000000000000000000000000000
00000000000000000000000000000000000000000000000000000000000000000000000000000000
00000000000000000000000000000000000000000000000000000000000000000000000000000000
