00000000000000000000000000000000000000000000000000000000000000000000000000000000
00000000000000000000000000000000000000000000000000000000000000000000000000000000
00000000000000000000000000000000000000000000000000000000000000000000000000000000
00000000000000000000000000000000000000000000000000000000000000000000000000000000
00000000000000000000000000000000000000000000000000000000000000000000000000000000
00000000000000000000000000000000000000000000000000000000000000000000000000000000
00000000000000000000000000000000000000000000000000000000000000000000000000000000
00000000000000000000000000000000000000000000000000000000000000000000000000000000
00000000000000000000000000000000000000000000000000000000000000000000000000000000
00000000000000000000000000000000000000000000000000000000000000000000000000000000
00000000000000000000000000000000000000000000000000000000000000000000000000000000
00000000000000000000000000000000000000000000000000000000000000000000000000000000
00000000000000000000000000000000000000110000000000000000000000000000000000000000
00000000000000000000000000000000000000011000000000000000000000000000000000000000
00000000000000000000000000000000000000001110000000000000000000000000000000000000
00000000000000000000000000000000000000000010000000000000000000000000000000000000
00000000000000000000000000000000000000000000000000000000000000000000000000000000
00000000000000000000000000000000000000000000000000000000000000000000000000000000
00000000000000000000000000000001000000000000011110000000000000000000000000000000
00000000000000000000000000000001000000001111100010000000000000000000000000000000
00000000000000000000000000000111111111110000000010000000000000000000000000000000
00000000000000000000000000000001000000000000000010000000000000000000000000000000
00000000000000000000000000000011000000000000000110000000000000000000000000000000
00000000000000000000000000000010000000000000001000000000000000000000000000000000
00000000000000000000000000000010000011111111111000000000000000000000000000000000
00000000000000000000000000000100000000010100000000000000000000000000000000000000
00000000000000000000000000000100000000011000000000000000000000000000000000000000
00000000000000000000000000001000000000111000000000100000000000000000000000000000
00000000000000000000000000011000000011101100000000100000000000000000000000000000
00000000000000000000000000000001111100000100000001100000000000000000000000000000
00000000000000000000000000000000000000000110000001000000000000000000000000000000
00000000000000000000000000000000000000001110000110000000000000000000000000000000
00000000000000000000000000000000000000011011000100000000000000000000000000000000
00000000000000000000000000000000000011100011011100000000000000000000000000000000
00000000000000000000000000000000011110000111010111000000000000000000000000000000
00000000000000000000000000000000010000000100100001100000000000000000000000000000
00000000000000000000000000000000000000011000110000110000000000000000000000000000
00000000000000000000000000000000000000110000010000011100000000000000000000000000
00000000000000000000000000000000000011000000010000000111111000000000000000000000
00000000000000000000000000000000001110000000010000000000000000000000000000000000
00000000000000000000000000000011110000011000010000000000000000000000000000000000
00000000000000000000000000000000000000001111110000000000000000000000000000000000
00000000000000000000000000000000000000000000000000000000000000000000000000000000
00000000000000000000000000000000000000000000000000000000000000000000000000000000
00000000000000000000000000000000000000000000000000000000000000000000000000000000
00000000000000000000000000000000000000000000000000000000000000000000000000000000
00000000000000000000000000000000000000000000000000000000000000000000000000000000
00000000000000000000000000000000000000000000000000000000000000000000000000000000
00000000000000000000000000000000000000000000000000000000000000000000000000000000
00000000000000000000000000000000000000000000000000000000000000000000000000000000
00000000000000000000000000000000000000000000000000000000000000000000000000000000
00000000000000000000000000000000000000000000000000000000000000000000000000000000
00000000000000000000000000000000000000000000000000000000000000000000000000000000
00000000000000000000000000000000000000000000000000000000000000000000000000000000
00000000000000000000000000000000000000000000000000000000000000000000000000000000
00000000000000000000000000000000000000000000000000000000000000000000000000000000
00000000000000000000000000000000000000000000000000000000000000000000000000000000
00000000000000000000000000000000000000000000000000000000000000000000000000000000
00000000000000000000000000000000000000000000000000000000000000000000000000000000
00000000000000000000000000000000000000000000000000000000000000000000000000000000
