00000000000000000000000000000000000000000000000000000000000000000000000000000000
00000000000000000000000000000000000000000000000000000000000000000000000000000000
00000000000000000000000000000000000000000000000000000000000000000000000000000000
00000000000000000000000000000000000000000000000000000000000000000000000000000000
00000000000000000000000000000000000000000000000000000000000000000000000000000000
00000000000000000000000000000000000000000000000000000000000000000000000000000000
00000000000000000000000000000000000000000000000000000000000000000000000000000000
00000000000000000000000000000000000000000000000000000000000000000000000000000000
00000000000000000000000000000000000000000000000000000000000000000000000000000000
00000000000000000000000000000000000000000000000000000000000000000000000000000000
00000000000000000000000000000000000000000000000000000000000000000000000000000000
00000000000000000000000000000000000000000000000000000000000000000000000000000000
00000000000000000000000000000000000011000000000000000000000000000000000000000000
00000000000000000000000000000000000001100000000000000000000000000000000000000000
00000000000000000000000000000000000000110000000000000000000000000000000000000000
00000000000000000000000000000000000000001100000000000000000000000000000000000000
00000000000000000000000000000000000000000110000000000000000000000000000000000000
00000000000000000000000000000000000000000011000000000000000000000000000000000000
00000000000000000000000000000000000000000000000000000000000000000000000000000000
00000000000000000000000000000000000000000000000000000000000000000000000000000000
00000000000000000000000000000000000000000000111111111000000000000000000000000000
00000000000000000000000000000000000001111111100000001000000000000000000000000000
00000000000000000000000000000011111111000000000000011000000000000000000000000000
00000000000000000000000000000110000000000000000001110000000000000000000000000000
00000000000000000000000000000100000000000000000011000000000000000000000000000000
00000000000000000000000000000100000000000000111100000000000000000000000000000000
00000000000000000000000000000100000000001111100000000000000000000000000000000000
00000000000000000000000000000100000011110110000000000000000000000000000000000000
00000000000000000000000000000100000000001100000000000000000000000000000000000000
00000000000000000000000000000100000000010000000000000000000000000000000000000000
00000000000000000000000000000000000000100110000000000000000000000000000000000000
00000000000000000000000000000000000001100010000000000000000000000000000000000000
00000000000000000000000000000000000110000011000011000000000000000000000000000000
00000000000000000000000000000000001100000001000010000000000000000000000000000000
00000000000000000000000000000000001000010001000100000000000000000000000000000000
00000000000000000000000000000000110000010001111000000000000000000000000000000000
00000000000000000000000000000011100000100001110000000000000000000000000000000000
00000000000000000000000000001110000001101001011000000000000000000000000000000000
00000000000000000000000000011000000011001001001110000000000000000000000000000000
00000000000000000000000000000000000110001001000010000000000000000000000000000000
00000000000000000000000000000000001100001001000001100000000000000000000000000000
00000000000000000000000000000000000000010001000000110000000000000000000000000000
00000000000000000000000000000000000000111001000000001111110000000000000000000000
00000000000000000000000000000000000001100101000000000000000000000000000000000000
00000000000000000000000000000000000011000011000000000000000000000000000000000000
00000000000000000000000000000000001110000000000000000000000000000000000000000000
00000000000000000000000000000000000000000000000000000000000000000000000000000000
00000000000000000000000000000000000000000000000000000000000000000000000000000000
00000000000000000000000000000000000000000000000000000000000000000000000000000000
00000000000000000000000000000000000000000000000000000000000000000000000000000000
00000000000000000000000000000000000000000000000000000000000000000000000000000000
00000000000000000000000000000000000000000000000000000000000000000000000000000000
00000000000000000000000000000000000000000000000000000000000000000000000000000000
00000000000000000000000000000000000000000000000000000000000000000000000000000000
00000000000000000000000000000000000000000000000000000000000000000000000000000000
00000000000000000000000000000000000000000000000000000000000000000000000000000000
00000000000000000000000000000000000000000000000000000000000000000000000000000000
00000000000000000000000000000000000000000000000000000000000000000000000000000000
00000000000000000000000000000000000000000000000000000000000000000000000000000000
00000000000000000000000000000000000000000000000000000000000000000000000000000000
