00000000000000000000000000000000000000000000000000000000000000000000000000000000
00000000000000000000000000000000000000000000000000000000000000000000000000000000
00000000000000000000000000000000000000000000000000000000000000000000000000000000
00000000000000000000000000000000000000000000000000000000000000000000000000000000
00000000000000000000000000000000000000000000000000000000000000000000000000000000
00000000000000000000000000000000000000000000000000000000000000000000000000000000
00000000000000000000000000000000000000000000000000000000000000000000000000000000
00000000000000000000000000000000000000000000000000000000000000000000000000000000
00000000000000000000000000000000000000000000000000000000000000000000000000000000
00000000000000000000000000000000000000000000000000000000000000000000000000000000
00000000000000000000000000000000000000000000000000000000000000000000000000000000
00000000000000000000000000000000000000000000000000000000000000000000000000000000
00000000000000000000000000000000000000011000000000000000000000000000000000000000
00000000000000000000000000000000000000001100000000000000000000000000000000000000
00000000000000000000000000000000000000000110000000000000000000000000000000000000
00000000000000000000000000000000000000000000000000000000000000000000000000000000
00000000000000000000000000000000010000000000000111100000000000000000000000000000
00000000000000000000000000000000010000001111111100100000000000000000000000000000
00000000000000000000000000000000111111110000000001000000000000000000000000000000
00000000000000000000000000000000100000000000000000000000000000000000000000000000
00000000000000000000000000000000100000000000011110000000000000000000000000000000
00000000000000000000000000000000100000111111100000000000000000000000000000000000
00000000000000000000000000000000100000000010000000000000000000000000000000000000
00000000000000000000000000000000100000000111000000000000000000000000000000000000
00000000000000000000000000000001000000011001100000000000000000000000000000000000
00000000000000000000000000000001000000110001110000011000000000000000000000000000
00000000000000000000000000000001000001000001010000110000000000000000000000000000
00000000000000000000000000000000001110000010011001100000000000000000000000000000
00000000000000000000000000000000011000000100011111000000000000000000000000000000
00000000000000000000000000000000000000001100101110000000000000000000000000000000
00000000000000000000000000000000000000011000111010000000000000000000000000000000
00000000000000000000000000000000000000110001001011000000000000000000000000000000
00000000000000000000000000000000000011000011001001100000000000000000000000000000
00000000000000000000000000000000001100001100001000110000000000000000000000000000
00000000000000000000000000000000000000011110001000011000000000000000000000000000
00000000000000000000000000000000000001110011001000001100000000000000000000000000
00000000000000000000000000000000000011000000111000000011100000000000000000000000
00000000000000000000000000000000000000000000000000000000111000000000000000000000
00000000000000000000000000000000000000000000000000000000000000000000000000000000
00000000000000000000000000000000000000000000000000000000000000000000000000000000
00000000000000000000000000000000000000000000000000000000000000000000000000000000
00000000000000000000000000000000000000000000000000000000000000000000000000000000
00000000000000000000000000000000000000000000000000000000000000000000000000000000
00000000000000000000000000000000000000000000000000000000000000000000000000000000
00000000000000000000000000000000000000000000000000000000000000000000000000000000
00000000000000000000000000000000000000000000000000000000000000000000000000000000
00000000000000000000000000000000000000000000000000000000000000000000000000000000
00000000000000000000000000000000000000000000000000000000000000000000000000000000
00000000000000000000000000000000000000000000000000000000000000000000000000000000
00000000000000000000000000000000000000000000000000000000000000000000000000000000
00000000000000000000000000000000000000000000000000000000000000000000000000000000
00000000000000000000000000000000000000000000000000000000000000000000000000000000
00000000000000000000000000000000000000000000000000000000000000000000000000000000
00000000000000000000000000000000000000000000000000000000000000000000000000000000
00000000000000000000000000000000000000000000000000000000000000000000000000000000
00000000000000000000000000000000000000000000000000000000000000000000000000000000
00000000000000000000000000000000000000000000000000000000000000000000000000000000
00000000000000000000000000000000000000000000000000000000000000000000000000000000
00000000000000000000000000000000000000000000000000000000000000000000000000000000
00000000000000000000000000000000000000000000000000000000000000000000000000000000
