00000000000000000000000000000000000000000000000000000000000000000000000000000000
00000000000000000000000000000000000000000000000000000000000000000000000000000000
00000000000000000000000000000000000000000000000000000000000000000000000000000000
00000000000000000000000000000000000000000000000000000000000000000000000000000000
00000000000000000000000000000000000000000000000000000000000000000000000000000000
00000000000000000000000000000000000000000000000000000000000000000000000000000000
00000000000000000000000000000000000000000000000000000000000000000000000000000000
00000000000000000000000000000000000000000000000000000000000000000000000000000000
00000000000000000000000000000000000010000000000000000000000000000000000000000000
00000000000000000000000000000000000011000000000000000000000000000000000000000000
00000000000000000000000000000000000001100000000000000000000000000000000000000000
00000000000000000000000000000000000000110000000000000000000000000000000000000000
00000000000000000000000000000000000000010000000000000000000000000000000000000000
00000000000000000000000000000000000000000000000000000000000000000000000000000000
00000000000000000000000000000100011111111111000000000000000000000000000000000000
00000000000000000000000000000101110000000001000000000000000000000000000000000000
00000000000000000000000000000100000000000001000000000000000000000000000000000000
00000000000000000000000000000100000000000001000000000000000000000000000000000000
00000000000000000000000000000100000000000011000000000000000000000000000000000000
00000000000000000000000000000100001111110110000000000000000000000000000000000000
00000000000000000000000000000100000010001100000000000000000000000000000000000000
00000000000000000000000000000010000011000000000000000000000000000000000000000000
00000000000000000000000000000010000011100000000000000000000000000000000000000000
00000000000000000000000000000010000010100000000000000000000000000000000000000000
00000000000000000000000000000010000100110000110000000000000000000000000000000000
00000000000000000000000000000011001100010001100000000000000000000000000000000000
00000000000000000000000000000001111000011111000000000000000000000000000000000000
00000000000000000000000000000000000000111111000000000000000000000000000000000000
00000000000000000000000000000000000011001101110000000000000000000000000000000000
00000000000000000000000000000000000110010100011000000000000000000000000000000000
00000000000000000000000000000000011100110100000111100000000000000000000000000000
00000000000000000000000000000000000001100100000000110000000000000000000000000000
00000000000000000000000000000000010011000100000000000000000000000000000000000000
00000000000000000000000000000000011000000100000000000000000000000000000000000000
00000000000000000000000000000000001000011100000000000000000000000000000000000000
00000000000000000000000000000000001111110000000000000000000000000000000000000000
00000000000000000000000000000000000000000000000000000000000000000000000000000000
00000000000000000000000000000000000000000000000000000000000000000000000000000000
00000000000000000000000000000000000000000000000000000000000000000000000000000000
00000000000000000000000000000000000000000000000000000000000000000000000000000000
00000000000000000000000000000000000000000000000000000000000000000000000000000000
00000000000000000000000000000000000000000000000000000000000000000000000000000000
00000000000000000000000000000000000000000000000000000000000000000000000000000000
00000000000000000000000000000000000000000000000000000000000000000000000000000000
00000000000000000000000000000000000000000000000000000000000000000000000000000000
00000000000000000000000000000000000000000000000000000000000000000000000000000000
00000000000000000000000000000000000000000000000000000000000000000000000000000000
00000000000000000000000000000000000000000000000000000000000000000000000000000000
00000000000000000000000000000000000000000000000000000000000000000000000000000000
00000000000000000000000000000000000000000000000000000000000000000000000000000000
00000000000000000000000000000000000000000000000000000000000000000000000000000000
00000000000000000000000000000000000000000000000000000000000000000000000000000000
00000000000000000000000000000000000000000000000000000000000000000000000000000000
00000000000000000000000000000000000000000000000000000000000000000000000000000000
00000000000000000000000000000000000000000000000000000000000000000000000000000000
00000000000000000000000000000000000000000000000000000000000000000000000000000000
00000000000000000000000000000000000000000000000000000000000000000000000000000000
00000000000000000000000000000000000000000000000000000000000000000000000000000000
00000000000000000000000000000000000000000000000000000000000000000000000000000000
00000000000000000000000000000000000000000000000000000000000000000000000000000000
