00000000000000000000000000000000000000000000000000000000000000000000000000000000
00000000000000000000000000000000000000000000000000000000000000000000000000000000
00000000000000000000000000000000000000000000000000000000000000000000000000000000
00000000000000000000000000000000000000000000000000000000000000000000000000000000
00000000000000000000000000000000000000000000000000000000000000000000000000000000
00000000000000000000000000000000000000000000000000000000000000000000000000000000
00000000000000000000000000000000000000000000000000000000000000000000000000000000
00000000000000000000000000000000000000000000000000000000000000000000000000000000
00000000000000000000000000000000000000000000000000000000000000000000000000000000
00000000000000000000000000000000000000000000000000000000000000000000000000000000
00000000000000000000000000000000000000000000000000000000000000000000000000000000
00000000000000000000000000000000000000000000000000000000000000000000000000000000
00000000000000000000000000000000000000110000000000000000000000000000000000000000
00000000000000000000000000000000000000011000000000000000000000000000000000000000
00000000000000000000000000000000000000000110000000000000000000000000000000000000
00000000000000000000000000000000000000000000000000000000000000000000000000000000
00000000000000000000000000000000001000000000000000001000000000000000000000000000
00000000000000000000000000000000001000000011011111111000000000000000000000000000
00000000000000000000000000000000001111111100000000001000000000000000000000000000
00000000000000000000000000000000001100000000000000011000000000000000000000000000
00000000000000000000000000000000001000000000000011110000000000000000000000000000
00000000000000000000000000000000001000000001111100000000000000000000000000000000
00000000000000000000000000000000001001111111000000000000000000000000000000000000
00000000000000000000000000000000010000000011000000010000000000000000000000000000
00000000000000000000000000000000010000000100110000010000000000000000000000000000
00000000000000000000000000000000110000001101010000110000000000000000000000000000
00000000000000000000000000000000100000011001001001100000000000000000000000000000
00000000000000000000000000000000000001100011001111000000000000000000000000000000
00000000000000000000000000000000011111000010001110000000000000000000000000000000
00000000000000000000000000000000000000000100001111000000000000000000000000000000
00000000000000000000000000000000000000011100011111100000000000000000000000000000
00000000000000000000000000000000000001110000110010110000000000000000000000000000
00000000000000000000000000000000000000000001100010011000000000000000000000000000
00000000000000000000000000000000000000000011000010000110000000000000000000000000
00000000000000000000000000000000000000001100000010000011100000000000000000000000
00000000000000000000000000000000000000010000010110000000110000000000000000000000
00000000000000000000000000000000000000000000011100000000001100000000000000000000
00000000000000000000000000000000000000000000000000000000000000000000000000000000
00000000000000000000000000000000000000000000000000000000000000000000000000000000
00000000000000000000000000000000000000000000000000000000000000000000000000000000
00000000000000000000000000000000000000000000000000000000000000000000000000000000
00000000000000000000000000000000000000000000000000000000000000000000000000000000
00000000000000000000000000000000000000000000000000000000000000000000000000000000
00000000000000000000000000000000000000000000000000000000000000000000000000000000
00000000000000000000000000000000000000000000000000000000000000000000000000000000
00000000000000000000000000000000000000000000000000000000000000000000000000000000
00000000000000000000000000000000000000000000000000000000000000000000000000000000
00000000000000000000000000000000000000000000000000000000000000000000000000000000
00000000000000000000000000000000000000000000000000000000000000000000000000000000
00000000000000000000000000000000000000000000000000000000000000000000000000000000
00000000000000000000000000000000000000000000000000000000000000000000000000000000
00000000000000000000000000000000000000000000000000000000000000000000000000000000
00000000000000000000000000000000000000000000000000000000000000000000000000000000
00000000000000000000000000000000000000000000000000000000000000000000000000000000
00000000000000000000000000000000000000000000000000000000000000000000000000000000
00000000000000000000000000000000000000000000000000000000000000000000000000000000
00000000000000000000000000000000000000000000000000000000000000000000000000000000
00000000000000000000000000000000000000000000000000000000000000000000000000000000
00000000000000000000000000000000000000000000000000000000000000000000000000000000
00000000000000000000000000000000000000000000000000000000000000000000000000000000
