00000000000000000000000000000000000000000000000000000000000000000000000000000000
00000000000000000000000000000000000000000000000000000000000000000000000000000000
00000000000000000000000000000000000000000000000000000000000000000000000000000000
00000000000000000000000000000000000000000000000000000000000000000000000000000000
00000000000000000000000000000000000000000000000000000000000000000000000000000000
00000000000000000000000000000000000000000000000000000000000000000000000000000000
00000000000000000000000000000000000000000000000000000000000000000000000000000000
00000000000000000000000000000000000000000000000000000000000000000000000000000000
00000000000000000000000000000000000000000000000000000000000000000000000000000000
00000000000000000000000000000000000000000000000000000000000000000000000000000000
00000000000000000000000000000000000000000000000000000000000000000000000000000000
00000000000000000000000000000000000000000000000000000000000000000000000000000000
00000000000000000000000000000000000000000000000000000000000000000000000000000000
00000000000000000000000000000000001100000000000000000000000000000000000000000000
00000000000000000000000000000000000110000000000000000000000000000000000000000000
00000000000000000000000000000000000011000000000000000000000000000000000000000000
00000000000000000000000000000000000001101111100000000000000000000000000000000000
00000000000000000000000000000000001111110000100000000000000000000000000000000000
00000000000000000000000000001011110000000001100000000000000000000000000000000000
00000000000000000000000000001100000000000001000000000000000000000000000000000000
00000000000000000000000000001000000000000010000000000000000000000000000000000000
00000000000000000000000000001000000011110110000000000000000000000000000000000000
00000000000000000000000000001001111110001100000000000000000000000000000000000000
00000000000000000000000000001000011110000000000000000000000000000000000000000000
00000000000000000000000000001000110001000000000100000000000000000000000000000000
00000000000000000000000000001001100000110000001100000000000000000000000000000000
00000000000000000000000000000111001000010000011000000000000000000000000000000000
00000000000000000000000000011110001000011001100000000000000000000000000000000000
00000000000000000000000000000100010000001111000000000000000000000000000000000000
00000000000000000000000000000100110000001111000000000000000000000000000000000000
00000000000000000000000000000000100010000101100000000000000000000000000000000000
00000000000000000000000000000001000010000100110000000000000000000000000000000000
00000000000000000000000000000010000010000100011000000000000000000000000000000000
00000000000000000000000000001100000110000100001100000000000000000000000000000000
00000000000000000000000000011000010100000100000010000000000000000000000000000000
00000000000000000000000000000000011100000100000001100000000000000000000000000000
00000000000000000000000000000000001100000100000000111000000000000000000000000000
00000000000000000000000000000000001110001100000000001110000000000000000000000000
00000000000000000000000000000000001010001000000000000011110000000000000000000000
00000000000000000000000000000000010001110000000000000000011111100000000000000000
00000000000000000000000000000000110000100000000000000000000000000000000000000000
00000000000000000000000000000001100000000000000000000000000000000000000000000000
00000000000000000000000000000000000000000000000000000000000000000000000000000000
00000000000000000000000000000000000000000000000000000000000000000000000000000000
00000000000000000000000000000000000000000000000000000000000000000000000000000000
00000000000000000000000000000000000000000000000000000000000000000000000000000000
00000000000000000000000000000000000000000000000000000000000000000000000000000000
00000000000000000000000000000000000000000000000000000000000000000000000000000000
00000000000000000000000000000000000000000000000000000000000000000000000000000000
00000000000000000000000000000000000000000000000000000000000000000000000000000000
00000000000000000000000000000000000000000000000000000000000000000000000000000000
00000000000000000000000000000000000000000000000000000000000000000000000000000000
00000000000000000000000000000000000000000000000000000000000000000000000000000000
00000000000000000000000000000000000000000000000000000000000000000000000000000000
00000000000000000000000000000000000000000000000000000000000000000000000000000000
00000000000000000000000000000000000000000000000000000000000000000000000000000000
00000000000000000000000000000000000000000000000000000000000000000000000000000000
00000000000000000000000000000000000000000000000000000000000000000000000000000000
00000000000000000000000000000000000000000000000000000000000000000000000000000000
00000000000000000000000000000000000000000000000000000000000000000000000000000000
