00000000000000000000000000000000000000000000000000000000000000000000000000000000
00000000000000000000000000000000000000000000000000000000000000000000000000000000
00000000000000000000000000000000000000000000000000000000000000000000000000000000
00000000000000000000000000000000000000000000000000000000000000000000000000000000
00000000000000000000000000000000000000000000000000000000000000000000000000000000
00000000000000000000000000000000000000000000000000000000000000000000000000000000
00000000000000000000000000000000000000000000000000000000000000000000000000000000
00000000000000000000000000000000000000000000000000000000000000000000000000000000
00000000000000000000000000000000000000000000000000000000000000000000000000000000
00000000000000000000000000000000000000000000000000000000000000000000000000000000
00000000000000000000000000000000000000000000110000000000000000000000000000000000
00000000000000000000000000000000000000000000011000000000000000000000000000000000
00000000000000000000000000000000000000000000000111000000000000000000000000000000
00000000000000000000000000000000000000000000000001110000000000000000000000000000
00000000000000000000000000000000000000000000000000011000000000000000000000000000
00000000000000000000000000000000000000000000000000000011110000000000000000000000
00000000000000000000000000000000000000000100000001111110001000000000000000000000
00000000000000000000000000000000000000000101111110000000000000000000000000000000
00000000000000000000000000000000000000001111000000000000000000000000000000000000
00000000000000000000000000000000000000000100000000101110000000000000000000000000
00000000000000000000000000000000000000001100001111111000000000000000000000000000
00000000000000000000000000000000000000001000011001100000000000000000000000000000
00000000000000000000000000000000000000001000000001100000000000000000000000000000
00000000000000000000000000000000000000001000000011110000000000000000000000000000
00000000000000000000000000000000000000010000000010010000010000000000000000000000
00000000000000000000000000000000000000010000000101010000010000000000000000000000
00000000000000000000000000000000000000010000011101001000110000000000000000000000
00000000000000000000000000000000000000100000110001001001100000000000000000000000
00000000000000000000000000000000000000000011000011001111000000000000000000000000
00000000000000000000000000000000000000001110000010001110000000000000000000000000
00000000000000000000000000000000000000000000000100011111100000000000000000000000
00000000000000000000000000000000000000000000011000110010111000000000000000000000
00000000000000000000000000000000000000000001110000100010001110000000000000000000
00000000000000000000000000000000000000000000000001000010000011100000000000000000
00000000000000000000000000000000000000000000000011000010000000111111110000000000
00000000000000000000000000000000000000000000011101000010000000000000000000000000
00000000000000000000000000000000000000000000000001100010000000000000000000000000
00000000000000000000000000000000000000000000000000100110000000000000000000000000
00000000000000000000000000000000000000000000000000111100000000000000000000000000
00000000000000000000000000000000000000000000000000000000000000000000000000000000
00000000000000000000000000000000000000000000000000000000000000000000000000000000
00000000000000000000000000000000000000000000000000000000000000000000000000000000
00000000000000000000000000000000000000000000000000000000000000000000000000000000
00000000000000000000000000000000000000000000000000000000000000000000000000000000
00000000000000000000000000000000000000000000000000000000000000000000000000000000
00000000000000000000000000000000000000000000000000000000000000000000000000000000
00000000000000000000000000000000000000000000000000000000000000000000000000000000
00000000000000000000000000000000000000000000000000000000000000000000000000000000
00000000000000000000000000000000000000000000000000000000000000000000000000000000
00000000000000000000000000000000000000000000000000000000000000000000000000000000
00000000000000000000000000000000000000000000000000000000000000000000000000000000
00000000000000000000000000000000000000000000000000000000000000000000000000000000
00000000000000000000000000000000000000000000000000000000000000000000000000000000
00000000000000000000000000000000000000000000000000000000000000000000000000000000
00000000000000000000000000000000000000000000000000000000000000000000000000000000
00000000000000000000000000000000000000000000000000000000000000000000000000000000
00000000000000000000000000000000000000000000000000000000000000000000000000000000
00000000000000000000000000000000000000000000000000000000000000000000000000000000
00000000000000000000000000000000000000000000000000000000000000000000000000000000
00000000000000000000000000000000000000000000000000000000000000000000000000000000
