00000000000000000000000000000000000000000000000000000000000000000000000000000000
00000000000000000000000000000000000000000000000000000000000000000000000000000000
00000000000000000000000000000000000000000000000000000000000000000000000000000000
00000000000000000000000000000000000000000000000000000000000000000000000000000000
00000000000000000000000000000000000000000000000000000000000000000000000000000000
00000000000000000000000000000000000000000000000000000000000000000000000000000000
00000000000000000000000000000000000000000000000000000000000000000000000000000000
00000000000000000000000000000000000000000000000000000000000000000000000000000000
00000000000000000000000000000000000000000000000000000000000000000000000000000000
00000000000000000000000000000000000000000000000000000000000000000000000000000000
00000000000000000000000000000000000000000000000000000000000000000000000000000000
00000000000000000000000000000000000000000000000000000000000000000000000000000000
00000000000000000000000000000000000000000000000000000000000000000000000000000000
00000000000000000000000000000000000000000000000000000000000000000000000000000000
00000000000000000000000000000000000000000000000000000000000000000000000000000000
00000000000000000000000000000000000000000000000000000000000000000000000000000000
00000000000000000000000000000000000110000000000000000000000000000000000000000000
00000000000000000000000000000000000011000000000000000000000000000000000000000000
00000000000000000000000000000000000000100000000000000000000000000000000000000000
00000000000000000000000000000000000000011000000000000000000000000000000000000000
00000000000000000000000000000001100000001100000000000000000000000000000000000000
00000000000000000000000000000001001111111111111110000000000000000000000000000000
00000000000000000000000000000001000000000000000110000000000000000000000000000000
00000000000000000000000000000001000000000000001100000000000000000000000000000000
00000000000000000000000000000001000000000000111000000000000000000000000000000000
00000000000000000000000000000001000000111111000000000000000000000000000000000000
00000000000000000000000000000001000111110000000000000000000000000000000000000000
00000000000000000000000000000001000000111000000000000000000000000000000000000000
00000000000000000000000000000001000001101100000001000000000000000000000000000000
00000000000000000000000000000001000011000100000011000000000000000000000000000000
00000000000000000000000000000001000110100010000110000000000000000000000000000000
00000000000000000000000000000001011000100011011100000000000000000000000000000000
00000000000000000000000000000011110001000001110000000000000000000000000000000000
00000000000000000000000000000000000011000101110000000000000000000000000000000000
00000000000000000000000000000000000110000100111000000000000000000000000000000000
00000000000000000000000000000000000100001100101100000000000000000000000000000000
00000000000000000000000000000000011000001000010110000000000000000000000000000000
00000000000000000000000000000000110001011000010001100000000000000000000000000000
00000000000000000000000000000000000000110000010000111000000000000000000000000000
00000000000000000000000000000000000001110000010000001111000000000000000000000000
00000000000000000000000000000000000011011000100000000000000000000000000000000000
00000000000000000000000000000000001110001111100000000000000000000000000000000000
00000000000000000000000000000000000000000000000000000000000000000000000000000000
00000000000000000000000000000000000000000000000000000000000000000000000000000000
00000000000000000000000000000000000000000000000000000000000000000000000000000000
00000000000000000000000000000000000000000000000000000000000000000000000000000000
00000000000000000000000000000000000000000000000000000000000000000000000000000000
00000000000000000000000000000000000000000000000000000000000000000000000000000000
00000000000000000000000000000000000000000000000000000000000000000000000000000000
00000000000000000000000000000000000000000000000000000000000000000000000000000000
00000000000000000000000000000000000000000000000000000000000000000000000000000000
00000000000000000000000000000000000000000000000000000000000000000000000000000000
00000000000000000000000000000000000000000000000000000000000000000000000000000000
00000000000000000000000000000000000000000000000000000000000000000000000000000000
00000000000000000000000000000000000000000000000000000000000000000000000000000000
00000000000000000000000000000000000000000000000000000000000000000000000000000000
00000000000000000000000000000000000000000000000000000000000000000000000000000000
00000000000000000000000000000000000000000000000000000000000000000000000000000000
00000000000000000000000000000000000000000000000000000000000000000000000000000000
00000000000000000000000000000000000000000000000000000000000000000000000000000000
