00000000000000000000000000000000000000000000000000000000000000000000000000000000
00000000000000000000000000000000000000000000000000000000000000000000000000000000
00000000000000000000000000000000000000000000000000000000000000000000000000000000
00000000000000000000000000000000000000000000000000000000000000000000000000000000
00000000000000000000000000000000000000000000000000000000000000000000000000000000
00000000000000000000000000000000000000000000000000000000000000000000000000000000
00000000000000000000000000000000000000000000000000000000000000000000000000000000
00000000000000000000000000000000000000000000000000000000000000000000000000000000
00000000000000000000000000000000000000000000000000000000000000000000000000000000
00000000000000000000000000000000000000000000000000000000000000000000000000000000
00000000000000000000000000000000000000000000000000000000000000000000000000000000
00000000000000000000000000000000000011000000000000000000000000000000000000000000
00000000000000000000000000000000000001100000000000000000000000000000000000000000
00000000000000000000000000000000000000110000000000000000000000000000000000000000
00000000000000000000000000000000000000010000000000000000000000000000000000000000
00000000000000000000000000000000000000000000011111000000000000000000000000000000
00000000000000000000000000000001111111111111100001000000000000000000000000000000
00000000000000000000000000000001000000000000000011000000000000000000000000000000
00000000000000000000000000000011000000000000000010000000000000000000000000000000
00000000000000000000000000000010000000000000000100000000000000000000000000000000
00000000000000000000000000000010000011111111001000000000000000000000000000000000
00000000000000000000000000000010000000010000000000000000000000000000000000000000
00000000000000000000000000000010000000100000000000000000000000000000000000000000
00000000000000000000000000000010000001100000000000000000000000000000000000000000
00000000000000000000000000000001000001011000000000000000000000000000000000000000
00000000000000000000000000000001000010001100000000000000000000000000000000000000
00000000000000000000000000000000000110100110000001000000000000000000000000000000
00000000000000000000000000000000001100100011000011000000000000000000000000000000
00000000000000000000000000000000011000100001000110000000000000000000000000000000
00000000000000000000000000000001100001000001011000000000000000000000000000000000
00000000000000000000000000000111000001000100111000000000000000000000000000000000
00000000000000000000000000000000000010000100101100000000000000000000000000000000
00000000000000000000000000000000000110001100100110000000000000000000000000000000
00000000000000000000000000000000001100001000100011100000000000000000000000000000
00000000000000000000000000000000001000011000100000110000000000000000000000000000
00000000000000000000000000000000000000110000100000001110000000000000000000000000
00000000000000000000000000000000000011100000100000000011111100000000000000000000
00000000000000000000000000000000001111000000100000000000000000000000000000000000
00000000000000000000000000000000000001000000100000000000000000000000000000000000
00000000000000000000000000000000000000100001100000000000000000000000000000000000
00000000000000000000000000000000000000110001000000000000000000000000000000000000
00000000000000000000000000000000000000011110000000000000000000000000000000000000
00000000000000000000000000000000000000000000000000000000000000000000000000000000
00000000000000000000000000000000000000000000000000000000000000000000000000000000
00000000000000000000000000000000000000000000000000000000000000000000000000000000
00000000000000000000000000000000000000000000000000000000000000000000000000000000
00000000000000000000000000000000000000000000000000000000000000000000000000000000
00000000000000000000000000000000000000000000000000000000000000000000000000000000
00000000000000000000000000000000000000000000000000000000000000000000000000000000
00000000000000000000000000000000000000000000000000000000000000000000000000000000
00000000000000000000000000000000000000000000000000000000000000000000000000000000
00000000000000000000000000000000000000000000000000000000000000000000000000000000
00000000000000000000000000000000000000000000000000000000000000000000000000000000
00000000000000000000000000000000000000000000000000000000000000000000000000000000
00000000000000000000000000000000000000000000000000000000000000000000000000000000
00000000000000000000000000000000000000000000000000000000000000000000000000000000
00000000000000000000000000000000000000000000000000000000000000000000000000000000
00000000000000000000000000000000000000000000000000000000000000000000000000000000
00000000000000000000000000000000000000000000000000000000000000000000000000000000
00000000000000000000000000000000000000000000000000000000000000000000000000000000
