00000000000000000000000000000000000000000000000000000000000000000000000000000000
00000000000000000000000000000000000000000000000000000000000000000000000000000000
00000000000000000000000000000000000000000000000000000000000000000000000000000000
00000000000000000000000000000000000000000000000000000000000000000000000000000000
00000000000000000000000000000000000000000000000000000000000000000000000000000000
00000000000000000000000000000000000000000000000000000000000000000000000000000000
00000000000000000000000000000000000000000000000000000000000000000000000000000000
00000000000000000000000000000000000000000000000000000000000000000000000000000000
00000000000000000000000000000000010000000000000000000000000000000000000000000000
00000000000000000000000000000000011000000000000000000000000000000000000000000000
00000000000000000000000000000000001100000000000000000000000000000000000000000000
00000000000000000000000000000000000110000011100000000000000000000000000000000000
00000000000000000000000000001000000001111100110000000000000000000000000000000000
00000000000000000000000000001000011111000000010000000000000000000000000000000000
00000000000000000000000000001111100000000000110000000000000000000000000000000000
00000000000000000000000000001000000000000011100000000000000000000000000000000000
00000000000000000000000000001000001001111100000000000000000000000000000000000000
00000000000000000000000000001001111111000000000000000000000000000000000000000000
00000000000000000000000000001000001100000000000000000000000000000000000000000000
00000000000000000000000000001000001110000000000000000000000000000000000000000000
00000000000000000000000000001000011011000000100000000000000000000000000000000000
00000000000000000000000000001000010101000000100000000000000000000000000000000000
00000000000000000000000000000000110101000001100000000000000000000000000000000000
00000000000000000000000000000001101001100011000000000000000000000000000000000000
00000000000000000000000000000011011001100110000000000000000000000000000000000000
00000000000000000000000011111100110001111100000000000000000000000000000000000000
00000000000000000000000000000011100011011000000000000000000000000000000000000000
00000000000000000000000000000110000010011100000000000000000000000000000000000000
00000000000000000000000000000000000110010010000000000000000000000000000000000000
00000000000000000000000000000000001000010001000000000000000000000000000000000000
00000000000000000000000000000000011000010001100000000000000000000000000000000000
00000000000000000000000000000001110000010000110000000000000000000000000000000000
00000000000000000000000000001111001000010000001000000000000000000000000000000000
00000000000000000000000000000000001000110000000110000000000000000000000000000000
00000000000000000000000000000000001111100000000001110000000000000000000000000000
00000000000000000000000000000000000110000000000000000000000000000000000000000000
00000000000000000000000000000000000000000000000000000000000000000000000000000000
00000000000000000000000000000000000000000000000000000000000000000000000000000000
00000000000000000000000000000000000000000000000000000000000000000000000000000000
00000000000000000000000000000000000000000000000000000000000000000000000000000000
00000000000000000000000000000000000000000000000000000000000000000000000000000000
00000000000000000000000000000000000000000000000000000000000000000000000000000000
00000000000000000000000000000000000000000000000000000000000000000000000000000000
00000000000000000000000000000000000000000000000000000000000000000000000000000000
00000000000000000000000000000000000000000000000000000000000000000000000000000000
00000000000000000000000000000000000000000000000000000000000000000000000000000000
00000000000000000000000000000000000000000000000000000000000000000000000000000000
00000000000000000000000000000000000000000000000000000000000000000000000000000000
00000000000000000000000000000000000000000000000000000000000000000000000000000000
00000000000000000000000000000000000000000000000000000000000000000000000000000000
00000000000000000000000000000000000000000000000000000000000000000000000000000000
00000000000000000000000000000000000000000000000000000000000000000000000000000000
00000000000000000000000000000000000000000000000000000000000000000000000000000000
00000000000000000000000000000000000000000000000000000000000000000000000000000000
00000000000000000000000000000000000000000000000000000000000000000000000000000000
00000000000000000000000000000000000000000000000000000000000000000000000000000000
00000000000000000000000000000000000000000000000000000000000000000000000000000000
00000000000000000000000000000000000000000000000000000000000000000000000000000000
00000000000000000000000000000000000000000000000000000000000000000000000000000000
00000000000000000000000000000000000000000000000000000000000000000000000000000000
