00000000000000000000000000000000000000000000000000000000000000000000000000000000
00000000000000000000000000000000000000000000000000000000000000000000000000000000
00000000000000000000000000000000000000000000000000000000000000000000000000000000
00000000000000000000000000000000000000000000000000000000000000000000000000000000
00000000000000000000000000000000000000000000000000000000000000000000000000000000
00000000000000000000000000000000000000000000000000000000000000000000000000000000
00000000000000000000000000000000000000000000000000000000000000000000000000000000
00000000000000000000000000000000000000000000000000000000000000000000000000000000
00000000000000000000000000000000000000000000000000000000000000000000000000000000
00000000000000000000000000000000000000000000000000000000000000000000000000000000
00000000000000000000000000000000000000000000000000000000000000000000000000000000
00000000000000000000000000000000000000000000000000000000000000000000000000000000
00000000000000000000000000001000000000000000000000000000000000000000000000000000
00000000000000000000000000000100000000000000000000000000000000000000000000000000
00000000000000000000000000000110000000000000000000000000000000000000000000000000
00000000000000000000000000000001000000000000000000000000000000000000000000000000
00000000000000000000000000000001100000000000000000000000000000000000000000000000
00000000000000000000000000000000110000000111100000000000000000000000000000000000
00000000000000000000000100000000011011111100100000000000000000000000000000000000
00000000000000000000000100000000111100000000100000000000000000000000000000000000
00000000000000000000001111111111000000000001100000000000000000000000000000000000
00000000000000000000001000000000000000000011000000000000000000000000000000000000
00000000000000000000001000000000000000011110000000000000000000000000000000000000
00000000000000000000001000000000001100110000000000000000000000000000000000000000
00000000000000000000001000011111110000000000000000000000000000000000000000000000
00000000000000000000001000000001100000000000000000000000000000000000000000000000
00000000000000000000001000000011000000000000000000000000000000000000000000000000
00000000000000000000001000000111000000000000000000000000000000000000000000000000
00000000000000000000001000001001100000000000000000000000000000000000000000000000
00000000000000000000001000110000110000000100000000000000000000000000000000000000
00000000000000000000001001000000101000001100000000000000000000000000000000000000
00000000000000000000000010000001001100001000000000000000000000000000000000000000
00000000000000000000001100000011000110011000000000000000000000000000000000000000
00000000000000000000111000000110000010110000000000000000000000000000000000000000
00000000000000000011100000000100010011110000000000000000000000000000000000000000
00000000000000000011000000001000010001001000000000000000000000000000000000000000
00000000000000000000000000011000010001100100000000000000000000000000000000000000
00000000000000000000000000110000100000100010000000000000000000000000000000000000
00000000000000000000000001100000100000100001100000000000000000000000000000000000
00000000000000000000000011000000100000110000110000000000000000000000000000000000
00000000000000000000000010000001000000010000001110000000000000000000000000000000
00000000000000000000000000000011000000010000000001110000000000000000000000000000
00000000000000000000000000000010100000010000000000001111100000000000000000000000
00000000000000000000000000000100100000010000000000000000111111110000000000000000
00000000000000000000000000001100110000110000000000000000000000000000000000000000
00000000000000000000000000001000011000100000000000000000000000000000000000000000
00000000000000000000000000000000001111100000000000000000000000000000000000000000
00000000000000000000000000000000000000000000000000000000000000000000000000000000
00000000000000000000000000000000000000000000000000000000000000000000000000000000
00000000000000000000000000000000000000000000000000000000000000000000000000000000
00000000000000000000000000000000000000000000000000000000000000000000000000000000
00000000000000000000000000000000000000000000000000000000000000000000000000000000
00000000000000000000000000000000000000000000000000000000000000000000000000000000
00000000000000000000000000000000000000000000000000000000000000000000000000000000
00000000000000000000000000000000000000000000000000000000000000000000000000000000
00000000000000000000000000000000000000000000000000000000000000000000000000000000
00000000000000000000000000000000000000000000000000000000000000000000000000000000
00000000000000000000000000000000000000000000000000000000000000000000000000000000
00000000000000000000000000000000000000000000000000000000000000000000000000000000
00000000000000000000000000000000000000000000000000000000000000000000000000000000
