00000000000000000000000000000000000000000000000000000000000000000000000000000000
00000000000000000000000000000000000000000000000000000000000000000000000000000000
00000000000000000000000000000000000000000000000000000000000000000000000000000000
00000000000000000000000000000000000000000000000000000000000000000000000000000000
00000000000000000000000000000000000000000000000000000000000000000000000000000000
00000000000000000000000000000000000000000000000000000000000000000000000000000000
00000000000000000000000000000000000000000000000000000000000000000000000000000000
00000000000000000000000000000000000000000000000000000000000000000000000000000000
00000000000000000000000000000000001100000000000000000000000000000000000000000000
00000000000000000000000000000000000111000000000000000000000000000000000000000000
00000000000000000000000000000000000001100000000000000000000000000000000000000000
00000000000000000000000000000000000000110000000000000000000000000000000000000000
00000000000000000000000000000000000000000000000000000000000000000000000000000000
00000000000000000000000000000000000000000000000000000000000000000000000000000000
00000000000000000000000000000000001111111111100000000000000000000000000000000000
00000000000000000000000000000001110000000000100000000000000000000000000000000000
00000000000000000000000000011110000000000000100000000000000000000000000000000000
00000000000000000000000000010000000000000000100000000000000000000000000000000000
00000000000000000000000000010000000000000001100000000000000000000000000000000000
00000000000000000000000000010000111111111010000000000000000000000000000000000000
00000000000000000000000000100000000001100000000000000000000000000000000000000000
00000000000000000000000000100000000001100000000000000000000000000000000000000000
00000000000000000000000000100000000011110000000000100000000000000000000000000000
00000000000000000000000001100000000110011000000001100000000000000000000000000000
00000000000000000000000001000000011010001100000011000000000000000000000000000000
00000000000000000000000000000001110010000110000110000000000000000000000000000000
00000000000000000000000000000000000010000010011100000000000000000000000000000000
00000000000000000000000000000000000110000001110000000000000000000000000000000000
00000000000000000000000000000000001100001001110000000000000000000000000000000000
00000000000000000000000000000000011000001000101100000000000000000000000000000000
00000000000000000000000000000000110000011000100110000000000000000000000000000000
00000000000000000000000000000011001000010000100001100000000000000000000000000000
00000000000000000000000000001110001000110000100000111000000000000000000000000000
00000000000000000000000000000000001101000000100000000111111110000000000000000000
00000000000000000000000000000000000111000000100000000000000000000000000000000000
00000000000000000000000000000000001110000001100000000000000000000000000000000000
00000000000000000000000000000000111011000011000000000000000000000000000000000000
00000000000000000000000000000000000001101110000000000000000000000000000000000000
00000000000000000000000000000000000000111000000000000000000000000000000000000000
00000000000000000000000000000000000000000000000000000000000000000000000000000000
00000000000000000000000000000000000000000000000000000000000000000000000000000000
00000000000000000000000000000000000000000000000000000000000000000000000000000000
00000000000000000000000000000000000000000000000000000000000000000000000000000000
00000000000000000000000000000000000000000000000000000000000000000000000000000000
00000000000000000000000000000000000000000000000000000000000000000000000000000000
00000000000000000000000000000000000000000000000000000000000000000000000000000000
00000000000000000000000000000000000000000000000000000000000000000000000000000000
00000000000000000000000000000000000000000000000000000000000000000000000000000000
00000000000000000000000000000000000000000000000000000000000000000000000000000000
00000000000000000000000000000000000000000000000000000000000000000000000000000000
00000000000000000000000000000000000000000000000000000000000000000000000000000000
00000000000000000000000000000000000000000000000000000000000000000000000000000000
00000000000000000000000000000000000000000000000000000000000000000000000000000000
00000000000000000000000000000000000000000000000000000000000000000000000000000000
00000000000000000000000000000000000000000000000000000000000000000000000000000000
00000000000000000000000000000000000000000000000000000000000000000000000000000000
00000000000000000000000000000000000000000000000000000000000000000000000000000000
00000000000000000000000000000000000000000000000000000000000000000000000000000000
00000000000000000000000000000000000000000000000000000000000000000000000000000000
00000000000000000000000000000000000000000000000000000000000000000000000000000000
