00000000000000000000000000000000000000000000000000000000000000000000000000000000
00000000000000000000000000000000000000000000000000000000000000000000000000000000
00000000000000000000000000000000000000000000000000000000000000000000000000000000
00000000000000000000000000000000000000000000000000000000000000000000000000000000
00000000000000000000000000000000000000000000000000000000000000000000000000000000
00000000000000000000000000000000000000000000000000000000000000000000000000000000
00000000000000000000000000000000000000000000000000000000000000000000000000000000
00000000000000000000000000000000000000000000000000000000000000000000000000000000
00000000000000000000000000000000000000000000000000000000000000000000000000000000
00000000000000000000000000000000000000000000000000000000000000000000000000000000
00000000000000000000000000000000000000000000000000000000000000000000000000000000
00000000000000000000000000000000000000000000000000000000000000000000000000000000
00000000000000000000000000000000000000000000000000000000000000000000000000000000
00000000000000000000000000000000000000000000000000000000000000000000000000000000
00000000000000000000000000000000000000000000000000000000000000000000000000000000
00000000000000000000000000000000010000000000000000000000000000000000000000000000
00000000000000000000000000000000010000000000000000000000000000000000000000000000
00000000000000000000000000000000010000000000000000000000000000000000000000000000
00000000000000000000000000000000010000000000110000000000000000000000000000000000
00000000000000000000000000000000010000000011110000000000000000000000000000000000
00000000000000000000000000000000010001111100010000000000000000000000000000000000
00000000000000000000000000000000110000000000010000000000000000000000000000000000
00000000000000000000000000000000100000000000010000000000000000000000000000000000
00000000000000000000000000000000100000000000010000000000000000000000000000000000
00000000000000000000000000000000100000000000010000000000000000000000000000000000
00000000000000000000000000000001100000000000010000000000000000000000000000000000
00000000000000000000000000000001000010000000010000000000100000000000000000000000
00000000000000000000000000000111111110000000011000111111100000000000000000000000
00000000000000000000011111111010000001000000111111000000000000000000000000000000
00000000000000000000000000000010000001111111000100000000000000000000000000000000
00000000000000000000000000000110000001000000000110000000000000000000000000000000
00000000000000000000000000000100000001000000000011000000000000000000000000000000
00000000000000000000000000000100000001000000000001100000000000000000000000000000
00000000000000000000000000000110000001000000000000110000000000000000000000000000
00000000000000000000000000000011000001000000000000001000000000000000000000000000
00000000000000000000000000000000110010000000000000000100000000000000000000000000
00000000000000000000000000000000011010000000000000000100000000000000000000000000
00000000000000000000000000000000000110000110000000000100000000000000000000000000
00000000000000000000000000000000001111000011000000000100000000000000000000000000
00000000000000000000000000100000111001100001110000001100000000000000000000000000
00000000000000000000000000111111100000011000011111111000000000000000000000000000
00000000000000000000000000000000000000001111000000000000000000000000000000000000
00000000000000000000000000000000000000000011000000000000000000000000000000000000
00000000000000000000000000000000000000000001000000000000000000000000000000000000
00000000000000000000000000000000000000000000000000000000000000000000000000000000
00000000000000000000000000000000000000000000000000000000000000000000000000000000
00000000000000000000000000000000000000000000000000000000000000000000000000000000
00000000000000000000000000000000000000000000000000000000000000000000000000000000
00000000000000000000000000000000000000000000000000000000000000000000000000000000
00000000000000000000000000000000000000000000000000000000000000000000000000000000
00000000000000000000000000000000000000000000000000000000000000000000000000000000
00000000000000000000000000000000000000000000000000000000000000000000000000000000
00000000000000000000000000000000000000000000000000000000000000000000000000000000
00000000000000000000000000000000000000000000000000000000000000000000000000000000
00000000000000000000000000000000000000000000000000000000000000000000000000000000
00000000000000000000000000000000000000000000000000000000000000000000000000000000
00000000000000000000000000000000000000000000000000000000000000000000000000000000
00000000000000000000000000000000000000000000000000000000000000000000000000000000
00000000000000000000000000000000000000000000000000000000000000000000000000000000
00000000000000000000000000000000000000000000000000000000000000000000000000000000
