00000000000000000000000000000000000000000000000000000000000000000000000000000000
00000000000000000000000000000000000000000000000000000000000000000000000000000000
00000000000000000000000000000000000000000000000000000000000000000000000000000000
00000000000000000000000000000000000000000000000000000000000000000000000000000000
00000000000000000000000000000000000000000000000000000000000000000000000000000000
00000000000000000000000000000000000000000000000000000000000000000000000000000000
00000000000000000000000000000000000000000000000000000000000000000000000000000000
00000000000000000000000000000000000000000000000000000000000000000000000000000000
00000000000000000000000000000000000000000000000000000000000000000000000000000000
00000000000000000000000000000000000000000000000000000000000000000000000000000000
00000000000000000000000000000000000000000000000000000000000000000000000000000000
00000000000000000000000000000000000000000000000000000000000000000000000000000000
00000000000000000000000000000000000000000000000000000000000000000000000000000000
00000000000000000000000000000000000000000000000000000000000000000000000000000000
00000000000000000000000000000000000000000000000000000000000000000000000000000000
00000000000000000000000000000000000000000000000000000000000000000000000000000000
00000000000000000000000000000100000000000000000000000000000000000000000000000000
00000000000000000000000000000100000000000000000000000000000000000000000000000000
00000000000000000000000000000100000000000000111100000000000000000000000000000000
00000000000000000000000000000100000000000111000100000000000000000000000000000000
00000000000000000000000000000100000111111000000100000000000000000000000000000000
00000000000000000000000000001100000000000000001100000000000000000000000000000000
00000000000000000000000000001000000000000000001000000000000000000000000000000000
00000000000000000000000000011000000000000000011000000000000000000000000000000000
00000000000000000000000000010000111100000000010000000000000000000000000000000000
00000000000000000000000000010111110000000000010000000000000000000000000000000000
00000000000000000000111111111100010000000000010000001000000000000000000000000000
00000000000000000000000001100000010000000000111111111000000000000000000000000000
00000000000000000000000001000000010001111111011000000000000000000000000000000000
00000000000000000000000011000000010001000000001000000000000000000000000000000000
00000000000000000000000010000000100000000000001100000000000000000000000000000000
00000000000000000000000010000000100000000000000100000000000000000000000000000000
00000000000000000000000001100000100000000000000100000000000000000000000000000000
00000000000000000000000000110001000000000000000110000000000000000000000000000000
00000000000000000000000000001011000000000000000010000000000000000000000000000000
00000000000000000000000000000110000000000000000010000000000000000000000000000000
00000000000000000000000000000110000000010000000010000000000000000000000000000000
00000000000000000000000000001001100000010000000110000000000000000000000000000000
00000000000000000000000000110000110000001111111000000000000000000000000000000000
00000000000000000000001101100000010100000000000000000000000000000000000000000000
00000000000000000000000110000000001100000000000000000000000000000000000000000000
00000000000000000000000000000000000100000000000000000000000000000000000000000000
00000000000000000000000000000000000110000000000000000000000000000000000000000000
00000000000000000000000000000000000010000000000000000000000000000000000000000000
00000000000000000000000000000000000000000000000000000000000000000000000000000000
00000000000000000000000000000000000000000000000000000000000000000000000000000000
00000000000000000000000000000000000000000000000000000000000000000000000000000000
00000000000000000000000000000000000000000000000000000000000000000000000000000000
00000000000000000000000000000000000000000000000000000000000000000000000000000000
00000000000000000000000000000000000000000000000000000000000000000000000000000000
00000000000000000000000000000000000000000000000000000000000000000000000000000000
00000000000000000000000000000000000000000000000000000000000000000000000000000000
00000000000000000000000000000000000000000000000000000000000000000000000000000000
00000000000000000000000000000000000000000000000000000000000000000000000000000000
00000000000000000000000000000000000000000000000000000000000000000000000000000000
00000000000000000000000000000000000000000000000000000000000000000000000000000000
00000000000000000000000000000000000000000000000000000000000000000000000000000000
00000000000000000000000000000000000000000000000000000000000000000000000000000000
00000000000000000000000000000000000000000000000000000000000000000000000000000000
00000000000000000000000000000000000000000000000000000000000000000000000000000000
