00000000000000000000000000000000000000000000000000000000000000000000000000000000
00000000000000000000000000000000000000000000000000000000000000000000000000000000
00000000000000000000000000000000000000000000000000000000000000000000000000000000
00000000000000000000000000000000000000000000000000000000000000000000000000000000
00000000000000000000000000000000000000000000000000000000000000000000000000000000
00000000000000000000000000000000000000000000000000000000000000000000000000000000
00000000000000000000000000000000000000000000000000000000000000000000000000000000
00000000000000000000000000000000000000000000000000000000000000000000000000000000
00000000000000000000001000000000000000000000000000000000000000000000000000000000
00000000000000000000001000000000000000000000000000000000000000000000000000000000
00000000000000000000001000000000000110000000000000000000000000000000000000000000
00000000000000000000001000000000111110000000000000000000000000000000000000000000
00000000000000000000001000000111000010000000000000000000000000000000000000000000
00000000000000000000001000011100000010000000000000000000000000000000000000000000
00000000000000000000011000000000000010000000000000000000000000000000000000000000
00000000000000000000010000000000000010000000000000000000000000000000000000000000
00000000000000000000010000000000000010000000000000000000000000000000000000000000
00000000000000000000010001111000000010000000000000000000000000000000000000000000
00000000000000000001111110100000000010000000000000000000000000000000000000000000
00000000000111111110100000100000000010000000000000000000000000000000000000000000
00000000000000000000100000100000000010000000110000000000000000000000000000000000
00000000000000000001100000100000000011111111000000000000000000000000000000000000
00000000000000000001000000101111111110000000000000000000000000000000000000000000
00000000000000000001000000111000000011000000000000000000000000000000000000000000
00000000000000000001000000100000000001100000000000000000000000000000000000000000
00000000000000000001100000100000000000100000000000000000000000000000000000000000
00000000000000000000110000100000000000110000000000000000000000000000000000000000
00000000000000000000011001000000000000010000000000000000000000000000000000000000
00000000000000000000001101000000000000011000000000000000000000000000000000000000
00000000000000000000000110000000000000001000000000000000000000000000000000000000
00000000000000000000000011000000000000001000000000000000000000000000000000000000
00000000000000000000001101100000000000001000000000000000000000000000000000000000
00000000000001000000001000111100000000011000000000000000000000000000000000000000
00000000000001100000110000001110000111100000000000000000000000000000000000000000
00000000000000110001100000000111111000000000000000000000000000000000000000000000
00000000000000011110000000000011000000000000000000000000000000000000000000000000
00000000000000000000000000000000000000000000000000000000000000000000000000000000
00000000000000000000000000000000000000000000000000000000000000000000000000000000
00000000000000000000000000000000000000000000000000000000000000000000000000000000
00000000000000000000000000000000000000000000000000000000000000000000000000000000
00000000000000000000000000000000000000000000000000000000000000000000000000000000
00000000000000000000000000000000000000000000000000000000000000000000000000000000
00000000000000000000000000000000000000000000000000000000000000000000000000000000
00000000000000000000000000000000000000000000000000000000000000000000000000000000
00000000000000000000000000000000000000000000000000000000000000000000000000000000
00000000000000000000000000000000000000000000000000000000000000000000000000000000
00000000000000000000000000000000000000000000000000000000000000000000000000000000
00000000000000000000000000000000000000000000000000000000000000000000000000000000
00000000000000000000000000000000000000000000000000000000000000000000000000000000
00000000000000000000000000000000000000000000000000000000000000000000000000000000
00000000000000000000000000000000000000000000000000000000000000000000000000000000
00000000000000000000000000000000000000000000000000000000000000000000000000000000
00000000000000000000000000000000000000000000000000000000000000000000000000000000
00000000000000000000000000000000000000000000000000000000000000000000000000000000
00000000000000000000000000000000000000000000000000000000000000000000000000000000
00000000000000000000000000000000000000000000000000000000000000000000000000000000
00000000000000000000000000000000000000000000000000000000000000000000000000000000
00000000000000000000000000000000000000000000000000000000000000000000000000000000
00000000000000000000000000000000000000000000000000000000000000000000000000000000
00000000000000000000000000000000000000000000000000000000000000000000000000000000
