00000000000000000000000000000000000000000000000000000000000000000000000000000000
00000000000000000000000000000000000000000000000000000000000000000000000000000000
00000000000000000000000000000000000000000000000000000000000000000000000000000000
00000000000000000000000000000000000000000000000000000000000000000000000000000000
00000000000000000000000000000000000000000000000000000000000000000000000000000000
00000000000000000000000000000000000000000000000000000000000000000000000000000000
00000000000000000000000000000000000000000000000000000000000000000000000000000000
00000000000000000000000000000000000000000000000000000000000000000000000000000000
00000000000000000000000000000000000000000000000000000000000000000000000000000000
00000000000000000000000000000000000000000000000000000000000000000000000000000000
00000000000000000000000000000000000000000000000000000000000000000000000000000000
00000000000000000000000000000000000000000000000000000000000000000000000000000000
00000000000000000000000000000000000000000000000000000000000000000000000000000000
00000000000000000000000000000000000000000000000000000000000000000000000000000000
00000000000000000000000000000000000000000000000000000000000000000000000000000000
00000000000000000000000000000000000100000000000000000000000000000000000000000000
00000000000000000000000000000000000100000000000000000000000000000000000000000000
00000000000000000000000000000000000100000000000000000000000000000000000000000000
00000000000000000000000000000000000100000000000000000000000000000000000000000000
00000000000000000000000000000000000100000000001111000000000000000000000000000000
00000000000000000000000000000000000100000000111001000000000000000000000000000000
00000000000000000000000000000000001000011111100001000000000000000000000000000000
00000000000000000000000000000000001000000000000001000000000000000000000000000000
00000000000000000000000000000000001000000000000001000000000000000000000000000000
00000000000000000000000000000000010000000000000011000000000000000000000000000000
00000000000000000000000000000000010001000000000010000000000000000000000000000000
00000000000000000000000000000000010001000000000010000000111000000000000000000000
00000000000000000000000000000000110011000000000010001111000000000000000000000000
00000000000000000000000000000001111111000000000011111000000000000000000000000000
00000000000000000000000001111111100001000000011111000000000000000000000000000000
00000000000000000000000011000001000001000011100001000000000000000000000000000000
00000000000000000000000000000001000001001110000001100000000000000000000000000000
00000000000000000000000000000010000001001000000000110000000000000000000000000000
00000000000000000000000000000010000001000000000000011000000000000000000000000000
00000000000000000000000000000010000010000000000000001100000000000000000000000000
00000000000000000000000000000010000010000000000000000100000000000000000000000000
00000000000000000000000000000011100110000000000000000100000000000000000000000000
00000000000000000000000000000000011100000100000000011100000000000000000000000000
00000000000000000000000000000000001110000011111111110000000000000000000000000000
00000000000000000000000000001100111001110010000000000000000000000000000000000000
00000000000000000000000000000111100000011111000000000000000000000000000000000000
00000000000000000000000000000000000000000111000000000000000000000000000000000000
00000000000000000000000000000000000000000000000000000000000000000000000000000000
00000000000000000000000000000000000000000000000000000000000000000000000000000000
00000000000000000000000000000000000000000000000000000000000000000000000000000000
00000000000000000000000000000000000000000000000000000000000000000000000000000000
00000000000000000000000000000000000000000000000000000000000000000000000000000000
00000000000000000000000000000000000000000000000000000000000000000000000000000000
00000000000000000000000000000000000000000000000000000000000000000000000000000000
00000000000000000000000000000000000000000000000000000000000000000000000000000000
00000000000000000000000000000000000000000000000000000000000000000000000000000000
00000000000000000000000000000000000000000000000000000000000000000000000000000000
00000000000000000000000000000000000000000000000000000000000000000000000000000000
00000000000000000000000000000000000000000000000000000000000000000000000000000000
00000000000000000000000000000000000000000000000000000000000000000000000000000000
00000000000000000000000000000000000000000000000000000000000000000000000000000000
00000000000000000000000000000000000000000000000000000000000000000000000000000000
00000000000000000000000000000000000000000000000000000000000000000000000000000000
00000000000000000000000000000000000000000000000000000000000000000000000000000000
00000000000000000000000000000000000000000000000000000000000000000000000000000000
