00000000000000000000000000000000000000000000000000000000000000000000000000000000
00000000000000000000000000000000000000000000000000000000000000000000000000000000
00000000000000000000000000000000000000000000000000000000000000000000000000000000
00000000000000000000000000000000000000000000000000000000000000000000000000000000
00000000000000000000000000000000000000000000000000000000000000000000000000000000
00000000000000000000000000000000000000000000000000000000000000000000000000000000
00000000000000000000000000000000000000000000000000000000000000000000000000000000
00000000000000000000000000000000000000000000000000000000000000000000000000000000
00000000000000000000000000000000000000000000000000000000000000000000000000000000
00000000000000000000000000000000000000000000000000000000000000000000000000000000
00000000000000000000000000000000000000000000000000000000000000000000000000000000
00000000000000000000000000000000000000000000000000000000000000000000000000000000
00000000000000000000000000000000000000000000000000000000000000000000000000000000
00000000000000000000000000000000000000000000000000000000000000000000000000000000
00000000000000000000000000000000000000000000000000000000000000000000000000000000
00000000000000000000000000000000100000000000000000000000000000000000000000000000
00000000000000000000000000000000100000000000000000000000000000000000000000000000
00000000000000000000000000000000100000000000000000000000000000000000000000000000
00000000000000000000000000000000100000000000000000000000000000000000000000000000
00000000000000000000000000000000100000000000111100000000000000000000000000000000
00000000000000000000000000000000100001100111100100000000000000000000000000000000
00000000000000000000000000000000100000111100000100000000000000000000000000000000
00000000000000000000000000000001100000000000000100000000000000000000000000000000
00000000000000000000000000000001000000000000000100000000000000000000000000000000
00000000000000000000000000000001000000000000000100000000000000000000000000000000
00000000000000000000000000000001000000000000000100000000000000000000000000000000
00000000000000000000000000000001000000000000000100000000000000000000000000000000
00000000000000000000000000000010000000000000000100000000000000000000000000000000
00000000000000000000000000000010000000001000000100000011000000000000000000000000
00000000000000000000000000000010001111110000000111111110000000000000000000000000
00000000000000000000000111111111110001000011111010000000000000000000000000000000
00000000000000000000000000000100000001111100000011000000000000000000000000000000
00000000000000000000000000000100000001000000000001100000000000000000000000000000
00000000000000000000000000000100000010000000000000100000000000000000000000000000
00000000000000000000000000000110000010000000000000010000000000000000000000000000
00000000000000000000000000000010000010000000000000001000000000000000000000000000
00000000000000000000000000000001100110000000000000001100000000000000000000000000
00000000000000000000000000000000110100000000000000000100000000000000000000000000
00000000000000000000000000000000010100000000000000000100000000000000000000000000
00000000000000000000000000000000001100000000000000001000000000000000000000000000
00000000000000000000000000000000001110000000000000110000000000000000000000000000
00000000000000000000000000000000010011000011001111000000000000000000000000000000
00000000000000000000000001000000110001100001111000000000000000000000000000000000
00000000000000000000000000100000100000110000000000000000000000000000000000000000
00000000000000000000000000110001100000011000000000000000000000000000000000000000
00000000000000000000000000011111000000001000000000000000000000000000000000000000
00000000000000000000000000000000000000000000000000000000000000000000000000000000
00000000000000000000000000000000000000000000000000000000000000000000000000000000
00000000000000000000000000000000000000000000000000000000000000000000000000000000
00000000000000000000000000000000000000000000000000000000000000000000000000000000
00000000000000000000000000000000000000000000000000000000000000000000000000000000
00000000000000000000000000000000000000000000000000000000000000000000000000000000
00000000000000000000000000000000000000000000000000000000000000000000000000000000
00000000000000000000000000000000000000000000000000000000000000000000000000000000
00000000000000000000000000000000000000000000000000000000000000000000000000000000
00000000000000000000000000000000000000000000000000000000000000000000000000000000
00000000000000000000000000000000000000000000000000000000000000000000000000000000
00000000000000000000000000000000000000000000000000000000000000000000000000000000
00000000000000000000000000000000000000000000000000000000000000000000000000000000
00000000000000000000000000000000000000000000000000000000000000000000000000000000
