00000000000000000000000000000000000000000000000000000000000000000000000000000000
00000000000000000000000000000000000000000000000000000000000000000000000000000000
00000000000000000000000000000000000000000000000000000000000000000000000000000000
00000000000000000000000000000000000000000000000000000000000000000000000000000000
00000000000000000000000000000000000000000000000000000000000000000000000000000000
00000000000000000000000000000000000000000000000000000000000000000000000000000000
00000000000000000000000000000000000000000000000000000000000000000000000000000000
00000000000000000000000000000000000000000000000000000000000000000000000000000000
00000000000000000000000000000000000000000000000000000000000000000000000000000000
00000000000000000000000000000000000000000000000000000000000000000000000000000000
00000000000000000000000000000000000000000000000000000000000000000000000000000000
00000000000000000000000000000000000000000000000000000000000000000000000000000000
00000000000000000000000000000000000000000000000000000000000000000000000000000000
00000000000000000000000000000000000000000000000000000000000000000000000000000000
00000000000000000000000000000000000000000000000000000000000000000000000000000000
00000000000000000000000000000000000100000000000000000000000000000000000000000000
00000000000000000000000000000000000100000000000000000000000000000000000000000000
00000000000000000000000000000000000100000000000000000000000000000000000000000000
00000000000000000000000000000000000100000000000011110000000000000000000000000000
00000000000000000000000000000000000100000111111110001000000000000000000000000000
00000000000000000000000000000000000100000000000000001000000000000000000000000000
00000000000000000000000000000000001100000000000000001000000000000000000000000000
00000000000000000000000000000000001000000000000000011000000000000000000000000000
00000000000000000000000000000000001000000000000000010000000000000000000000000000
00000000000000000000000000000000010000000000000000010000000000000000000000000000
00000000000000000000000000000000010001111110000000010000000000000000000000000000
00000000000000000000000000000000111111010000000000010000001111100000000000000000
00000000000000000000000000001111100000010000000000011111110000000000000000000000
00000000000000000000000000000001100000010000001111111000000000000000000000000000
00000000000000000000000000000001100000010000110000001100000000000000000000000000
00000000000000000000000000000000100000010000000000000100000000000000000000000000
00000000000000000000000000000000010000010000000000000010000000000000000000000000
00000000000000000000000000000000011000100000000000000010000000000000000000000000
00000000000000000000000000000000001100100000000000000010000000000000000000000000
00000000000000000000000000000000000101000000000000000010000000000000000000000000
00000000000000000000000000000000000011000000000000000110000000000000000000000000
00000000000000000000000000000000000011000000001000001100000000000000000000000000
00000000000000000000000000000000000110100000000101110000000000000000000000000000
00000000000000000000000000000000001100110000000111000000000000000000000000000000
00000000000000000000000000110000011000011000000000000000000000000000000000000000
00000000000000000000000000011011100000001100000000000000000000000000000000000000
00000000000000000000000000001100000000000110000000000000000000000000000000000000
00000000000000000000000000000000000000000010000000000000000000000000000000000000
00000000000000000000000000000000000000000000000000000000000000000000000000000000
00000000000000000000000000000000000000000000000000000000000000000000000000000000
00000000000000000000000000000000000000000000000000000000000000000000000000000000
00000000000000000000000000000000000000000000000000000000000000000000000000000000
00000000000000000000000000000000000000000000000000000000000000000000000000000000
00000000000000000000000000000000000000000000000000000000000000000000000000000000
00000000000000000000000000000000000000000000000000000000000000000000000000000000
00000000000000000000000000000000000000000000000000000000000000000000000000000000
00000000000000000000000000000000000000000000000000000000000000000000000000000000
00000000000000000000000000000000000000000000000000000000000000000000000000000000
00000000000000000000000000000000000000000000000000000000000000000000000000000000
00000000000000000000000000000000000000000000000000000000000000000000000000000000
00000000000000000000000000000000000000000000000000000000000000000000000000000000
00000000000000000000000000000000000000000000000000000000000000000000000000000000
00000000000000000000000000000000000000000000000000000000000000000000000000000000
00000000000000000000000000000000000000000000000000000000000000000000000000000000
00000000000000000000000000000000000000000000000000000000000000000000000000000000
