00000000000000000000000000000000000000000000000000000000000000000000000000000000
00000000000000000000000000000000000000000000000000000000000000000000000000000000
00000000000000000000000000000000000000000000000000000000000000000000000000000000
00000000000000000000000000000000000000000000000000000000000000000000000000000000
00000000000000000000000000000000000000000000000000000000000000000000000000000000
00000000000000000000000000000000000000000000000000000000000000000000000000000000
00000000000000000000000000000000000000000000000000000000000000000000000000000000
00000000000000000000000000000000000000000000000000000000000000000000000000000000
00000000000000000000000000000000000000000000000000000000000000000000000000000000
00000000000000000000000000000000000000000000000000000000000000000000000000000000
00000000000000000000000000000000000000000000000000000000000000000000000000000000
00000000000000000000000000000000000000000000000000000000000000000000000000000000
00000000000000000000000000000000000000000000000000000000000000000000000000000000
00000000000000000000000000000000000000000000000000000000000000000000000000000000
00000000000000000000000000000000000000000000000000000000000000000000000000000000
00000000000000000000000000000000000000000000000000000000000000000000000000000000
00000000000000000000000000000000000000000000000000000000000000000000000000000000
00000000000000000000000000000000000000000000000000000000000000000000000000000000
00000000000000000000000000000000010000000000000000000000000000000000000000000000
00000000000000000000000000000000010000000000000111100000000000000000000000000000
00000000000000000000000000000000010000000000001100100000000000000000000000000000
00000000000000000000000000000000010000000000110000100000000000000000000000000000
00000000000000000000000000000000010000011111000000100000000000000000000000000000
00000000000000000000000000000000010000000000000001100000000000000000000000000000
00000000000000000000000000000000010000000000000001000000000000000000000000000000
00000000000000000000000000000000100000000000000001000000000000000000000000000000
00000000000000000000000000000000100000000000000001000000000000000000000000000000
00000000000000000000000000000000100000000000000001000000000011000000000000000000
00000000000000000000000000000000100000000000000001000000111100000000000000000000
00000000000000000000000000000001000011111000000001000011000000000000000000000000
00000000000000000000000000000011111111000000000001111100000000000000000000000000
00000000000000000000001111111101000001000000000011100000000000000000000000000000
00000000000000000000000000000010000011000000011111100000000000000000000000000000
00000000000000000000000000000010000010000111100000110000000000000000000000000000
00000000000000000000000000000010000010000000000000011100000000000000000000000000
00000000000000000000000000000010000010000000000000000110000000000000000000000000
00000000000000000000000000000011000010000000000000000011000000000000000000000000
00000000000000000000000000000000110100000000000000000001000000000000000000000000
00000000000000000000000000000000011100000001100000000001000000000000000000000000
00000000000000000000000000000000001111000000110000000011000000000000000000000000
00000000000000000000000000000000001001110000011111111110000000000000000000000000
00000000000000000000000000000000010000001100000000000000000000000000000000000000
00000000000000000000000000000000010000000000000000000000000000000000000000000000
00000000000000000000000000000000100000000000000000000000000000000000000000000000
00000000000000000000000000000001100000000000000000000000000000000000000000000000
00000000000000000000000000000001000000000000000000000000000000000000000000000000
00000000000000000000000011000010000000000000000000000000000000000000000000000000
00000000000000000000000001111100000000000000000000000000000000000000000000000000
00000000000000000000000000000000000000000000000000000000000000000000000000000000
00000000000000000000000000000000000000000000000000000000000000000000000000000000
00000000000000000000000000000000000000000000000000000000000000000000000000000000
00000000000000000000000000000000000000000000000000000000000000000000000000000000
00000000000000000000000000000000000000000000000000000000000000000000000000000000
00000000000000000000000000000000000000000000000000000000000000000000000000000000
00000000000000000000000000000000000000000000000000000000000000000000000000000000
00000000000000000000000000000000000000000000000000000000000000000000000000000000
00000000000000000000000000000000000000000000000000000000000000000000000000000000
00000000000000000000000000000000000000000000000000000000000000000000000000000000
00000000000000000000000000000000000000000000000000000000000000000000000000000000
00000000000000000000000000000000000000000000000000000000000000000000000000000000
