00000000000000000000000000000000000000000000000000000000000000000000000000000000
00000000000000000000000000000000000000000000000000000000000000000000000000000000
00000000000000000000000000000000000000000000000000000000000000000000000000000000
00000000000000000000000000000000000000000000000000000000000000000000000000000000
00000000000000000000000000000000000000000000000000000000000000000000000000000000
00000000000000000000000000000000000000000000000000000000000000000000000000000000
00000000000000000000000000000000000000000000000000000000000000000000000000000000
00000000000000000000000000000000000000000000000000000000000000000000000000000000
00000000000000000000000000000000000000000000000000000000000000000000000000000000
00000000000000000000000000000000000000000000000000000000000000000000000000000000
00000000000000000000000000000000000000000000000000000000000000000000000000000000
00000000000000000000000000000000000000000000000000000000000000000000000000000000
00000000000000000000000000000000000000000000000000000000000000000000000000000000
00000000000000000000000000000000000000000000000000000000000000000000000000000000
00000000000000000000000000000000001000000000000000000000000000000000000000000000
00000000000000000000000000000000011000000000000000000000000000000000000000000000
00000000000000000000000000000000010000000000000000000000000000000000000000000000
00000000000000000000000000000000010000000000001110000000000000000000000000000000
00000000000000000000000000000000110000000000111010000000000000000000000000000000
00000000000000000000000000000000100001111111100010000000000000000000000000000000
00000000000000000000000000000000100000000000000010000000000000000000000000000000
00000000000000000000000000000001100000000000000100000000000000000000000000000000
00000000000000000000000000000001000000000000000100000000000000000000000000000000
00000000000000000000000000000001000000000000001100000000000000000000000000000000
00000000000000000000000000000010000000000000001000000000000000000000000000000000
00000000000000000000000000000010000000000000001000000000000000000000000000000000
00000000000000000000000000000100000010000000001000000000000000000000000000000000
00000000000000000000000000001100000110000000001000000000000000000000000000000000
00000000000000000000000000001011111100000000001000000011100000000000000000000000
00000000000000000000000111111110001000000000001001111110000000000000000000000000
00000000000000000000000100010000001000011111111110000000000000000000000000000000
00000000000000000000000000110000001000010000000100000000000000000000000000000000
00000000000000000000000000100000001000000000000011000000000000000000000000000000
00000000000000000000000000100000001000000000000001100000000000000000000000000000
00000000000000000000000000111000010000000000000000110000000000000000000000000000
00000000000000000000000000001111010000000000000000011000000000000000000000000000
00000000000000000000000000000001111000000000000000000100000000000000000000000000
00000000000000000000000000000000101110000000000000000010000000000000000000000000
00000000000000000000000000000001000011110000000000000010000000000000000000000000
00000000000000000000000000000001000000011100000000000010000000000000000000000000
00000000000000000000000000010110000000000010000000000110000000000000000000000000
00000000000000000000000000011100000000000001100000011100000000000000000000000000
00000000000000000000000000000000000000000000011111110000000000000000000000000000
00000000000000000000000000000000000000000000000000000000000000000000000000000000
00000000000000000000000000000000000000000000000000000000000000000000000000000000
00000000000000000000000000000000000000000000000000000000000000000000000000000000
00000000000000000000000000000000000000000000000000000000000000000000000000000000
00000000000000000000000000000000000000000000000000000000000000000000000000000000
00000000000000000000000000000000000000000000000000000000000000000000000000000000
00000000000000000000000000000000000000000000000000000000000000000000000000000000
00000000000000000000000000000000000000000000000000000000000000000000000000000000
00000000000000000000000000000000000000000000000000000000000000000000000000000000
00000000000000000000000000000000000000000000000000000000000000000000000000000000
00000000000000000000000000000000000000000000000000000000000000000000000000000000
00000000000000000000000000000000000000000000000000000000000000000000000000000000
00000000000000000000000000000000000000000000000000000000000000000000000000000000
00000000000000000000000000000000000000000000000000000000000000000000000000000000
00000000000000000000000000000000000000000000000000000000000000000000000000000000
00000000000000000000000000000000000000000000000000000000000000000000000000000000
00000000000000000000000000000000000000000000000000000000000000000000000000000000
