00000000000000000000000000000000000000000000000000000000000000000000000000000000
00000000000000000000000000000000000000000000000000000000000000000000000000000000
00000000000000000000000000000000000000000000000000000000000000000000000000000000
00000000000000000000000000000000000000000000000000000000000000000000000000000000
00000000000000000000000000000000000000000000000000000000000000000000000000000000
00000000000000000000000000000000000000000000000000000000000000000000000000000000
00000000000000000000000000000000000000000000000000000000000000000000000000000000
00000000000000000000000000000000000000000000000000000000000000000000000000000000
00000000000000000000000000000000000000000000000000000000000000000000000000000000
00000000000000000000000000000000000000000000000000000000000000000000000000000000
00000000000000000000000000000000000000000000000000000000000000000000000000000000
00000000000000000000000000000000000000000000000000000000000000000000000000000000
00000000000000000000000000000000000000000000000000000000000000000000000000000000
00000000000000000000000000001000000000000000000000000000000000000000000000000000
00000000000000000000000000001000000000000000000000000000000000000000000000000000
00000000000000000000000000001000000000000000000000000000000000000000000000000000
00000000000000000000000000001000000000000000111000000000000000000000000000000000
00000000000000000000000000001000000110000111001000000000000000000000000000000000
00000000000000000000000000001000000011111000001000000000000000000000000000000000
00000000000000000000000000001000000000000000001000000000000000000000000000000000
00000000000000000000000000001000000000000000011000000000000000000000000000000000
00000000000000000000000000001000000000000000010000000000000000000000000000000000
00000000000000000100000000001000000000000000010000000000000000000000000000000000
00000000000000000011111100001000001001100000010000000011110000000000000000000000
00000000000000000000000011111111111111000000010011111100000000000000000000000000
00000000000000000000000000110000010000000000011110000000000000000000000000000000
00000000000000000000000001100000010000000001110000000000000000000000000000000000
00000000000000000000000011000000010000000110001000000000000000000000000000000000
00000000000000000000000110000000010000111000001100000000000000000000000000000000
00000000000000000000000110000000110000100000000110000000000000000000000000000000
00000000000000000000000011000000100000000000000001000000000000000000000000000000
00000000000000000000000000110001100000000000000000110000000000000000000000000000
00000000000000000000000000011001000000000000000000011000000000000000000000000000
00000000000000000000000000000111000000000000000000001100000000000000000000000000
00000000000000000000000000000010000000000000000000000100000000000000000000000000
00000000000000000000000000000101000000000000000000000100000000000000000000000000
00000000000000000000000000001100110000000010000000000100000000000000000000000000
00000000000000000000100000011000001000000011000000011100000000000000000000000000
00000000000000000000100000110000000100000001111111110000000000000000000000000000
00000000000000000000100001100000000011000000000000000000000000000000000000000000
00000000000000000000111110000000000001100000000000000000000000000000000000000000
00000000000000000000000000000000000000011100000000000000000000000000000000000000
00000000000000000000000000000000000000001100000000000000000000000000000000000000
00000000000000000000000000000000000000000000000000000000000000000000000000000000
00000000000000000000000000000000000000000000000000000000000000000000000000000000
00000000000000000000000000000000000000000000000000000000000000000000000000000000
00000000000000000000000000000000000000000000000000000000000000000000000000000000
00000000000000000000000000000000000000000000000000000000000000000000000000000000
00000000000000000000000000000000000000000000000000000000000000000000000000000000
00000000000000000000000000000000000000000000000000000000000000000000000000000000
00000000000000000000000000000000000000000000000000000000000000000000000000000000
00000000000000000000000000000000000000000000000000000000000000000000000000000000
00000000000000000000000000000000000000000000000000000000000000000000000000000000
00000000000000000000000000000000000000000000000000000000000000000000000000000000
00000000000000000000000000000000000000000000000000000000000000000000000000000000
00000000000000000000000000000000000000000000000000000000000000000000000000000000
00000000000000000000000000000000000000000000000000000000000000000000000000000000
00000000000000000000000000000000000000000000000000000000000000000000000000000000
00000000000000000000000000000000000000000000000000000000000000000000000000000000
00000000000000000000000000000000000000000000000000000000000000000000000000000000
