00000000000000000000000000000000000000000000000000000000000000000000000000000000
00000000000000000000000000000000000000000000000000000000000000000000000000000000
00000000000000000000000000000000000000000000000000000000000000000000000000000000
00000000000000000000000000000000000000000000000000000000000000000000000000000000
00000000000000000000000000000000000000000000000000000000000000000000000000000000
00000000000000000000000000000000000000000000000000000000000000000000000000000000
00000000000000000000000000000000000000000000000000000000000000000000000000000000
00000000000000000000000000000000000000000000000000000000000000000000000000000000
00000000000000000000000000000000000000000000000000000000000000000000000000000000
00000000000000000000000000000000000000000000000000000000000000000000000000000000
00000000000000000000000000000000000000000000000000000000000000000000000000000000
00000000000000000000000000000000000000000000000000000000000000000000000000000000
00000000000000000000000000000000000000000000000000000000000000000000000000000000
00000000000000000000000000000000000000000000000000000000000000000000000000000000
00000000000000000000000000000000000000000000000000000000000000000000000000000000
00000000000000000000000000000100000000000000000000000000000000000000000000000000
00000000000000000000000000000100000000000000000000000000000000000000000000000000
00000000000000000000000000000100000000000000000000000000000000000000000000000000
00000000000000000000000000000100000000000000000000000000000000000000000000000000
00000000000000000000000000000100000000011010000000000000000000000000000000000000
00000000000000000000000000000100000001110010000000000000000000000000000000000000
00000000000000000000000000000100011110000010000000000000000000000000000000000000
00000000000000000000000000001000000000000010000000000000000000000000000000000000
00000000000000000000000000001000000000000010000000000000000000000000000000000000
00000000000000000000000000001000000000000010000000000000000000000000000000000000
00000000000000000000000000001000001100000010000000000000000000000000000000000000
00000000000000000000000000011111111000000001000000000000000000000000000000000000
00000000000000001111111111110000001000000001000000000000000000000000000000000000
00000000000000000000000000010000001000000001000000000000000000000000000000000000
00000000000000000000000000100000001000000001100000000000000000000000000000000000
00000000000000000000000000100000011000000000100000000000000000000000000000000000
00000000000000000000000001100000010000000000101111111100000000000000000000000000
00000000000000000000000001000000010000001111111000000000000000000000000000000000
00000000000000000000000001000000100111111000010000000000000000000000000000000000
00000000000000000000000001100000101100000000001000000000000000000000000000000000
00000000000000000000000000110001100000000000001000000000000000000000000000000000
00000000000000000000000000011001000000000000001100000000000000000000000000000000
00000000000000000000000000001010000000000000000100000000000000000000000000000000
00000000000000000000000000000110000000000000000100000000000000000000000000000000
00000000000000000001000000000111000010000000000100000000000000000000000000000000
00000000000000000001100000001101100010000000000100000000000000000000000000000000
00000000000000000000110000011000110010000000000100000000000000000000000000000000
00000000000000000000001111100000011011100000001100000000000000000000000000000000
00000000000000000000000000000000000111111111111000000000000000000000000000000000
00000000000000000000000000000000000011000000000000000000000000000000000000000000
00000000000000000000000000000000000001000000000000000000000000000000000000000000
00000000000000000000000000000000000000000000000000000000000000000000000000000000
00000000000000000000000000000000000000000000000000000000000000000000000000000000
00000000000000000000000000000000000000000000000000000000000000000000000000000000
00000000000000000000000000000000000000000000000000000000000000000000000000000000
00000000000000000000000000000000000000000000000000000000000000000000000000000000
00000000000000000000000000000000000000000000000000000000000000000000000000000000
00000000000000000000000000000000000000000000000000000000000000000000000000000000
00000000000000000000000000000000000000000000000000000000000000000000000000000000
00000000000000000000000000000000000000000000000000000000000000000000000000000000
00000000000000000000000000000000000000000000000000000000000000000000000000000000
00000000000000000000000000000000000000000000000000000000000000000000000000000000
00000000000000000000000000000000000000000000000000000000000000000000000000000000
00000000000000000000000000000000000000000000000000000000000000000000000000000000
00000000000000000000000000000000000000000000000000000000000000000000000000000000
