00000000000000000000000000000000000000000000000000000000000000000000000000000000
00000000000000000000000000000000000000000000000000000000000000000000000000000000
00000000000000000000000000000000000000000000000000000000000000000000000000000000
00000000000000000000000000000000000000000000000000000000000000000000000000000000
00000000000000000000000000000000000000000000000000000000000000000000000000000000
00000000000000000000000000000000000000000000000000000000000000000000000000000000
00000000000000000000000000000000000000000000000000000000000000000000000000000000
00000000000000000000000000000000000000000000000000000000000000000000000000000000
00000000000000000000000000000000000000000000000000000000000000000000000000000000
00000000000000000000000000000000000000000000000000000000000000000000000000000000
00000000000000000000000000000000000000000000000000000000000000000000000000000000
00000000000000000000000000000000000000000000000000000000000000000000000000000000
00000000000000000000000000000000000000000000000000000000000000000000000000000000
00000000000000000000000000000000000000000000000000000000000000000000000000000000
00000000000000000000000000000000000000000000000000000000000000000000000000000000
00000000000000000000000000000000001000000000000000000000000000000000000000000000
00000000000000000000000000000000001000000000000000000000000000000000000000000000
00000000000000000000000000000000001000000000000000000000000000000000000000000000
00000000000000000000000000000000001000000000000000000000000000000000000000000000
00000000000000000000000000000000001000000000000000000000000000000000000000000000
00000000000000000000000000000000001000000000000000001110000000000000000000000000
00000000000000000000000000000000001000000000000000111010000000000000000000000000
00000000000000000000000000000000001000000000000011100010000000000000000000000000
00000000000000000000000000000000001000000011111100000010000000000000000000000000
00000000000000000000000000000000001000000000000000000010000000000000000000000000
00000000000000000000000000000000001000000000000000000010000000000000000000000000
00000000000000000000000000000000001000000000000000000010000000000000000000000000
00000000000000000000000000000000001000000000000000000010000000000000000000000000
00000000000000000000000000000000001000000000000000000010000000000000000000000000
00000000000000000000000000000000001000011111000000000010000000000000000000000000
00000000000000000000000000000000011111100110000000000010000000000000000000000000
00000000000000000000000000011111110000000100000000000010000000000000000000000000
00000000000000000000000001110000010000000100000000000010001100000000000000000000
00000000000000000000000000000000010000001000000000000011111000000000000000000000
00000000000000000000000000000000010000001000000001111101000000000000000000000000
00000000000000000000000000000000010000010000011110000000100000000000000000000000
00000000000000000000000000000000001000010000000000000000100000000000000000000000
00000000000000000000000000000000000100110000000000000000010000000000000000000000
00000000000000000000000000000000000011100000000000000000010000000000000000000000
00000000000000000000000000000000000001100000000000000000001000000000000000000000
00000000000000000000000000000000000001100000000000000000001100000000000000000000
00000000000000000000000000000000000001010000000000000000000100000000000000000000
00000000000000000000000000000000000011001000000000000000000110000000000000000000
00000000000000000000000000000000000010000100000000000000000010000000000000000000
00000000000000000000000000000000000110000110100000000000000010000000000000000000
00000000000000000000000000000000000100000001110000000000000010000000000000000000
00000000000000000000000000000100001000000001110001000000000110000000000000000000
00000000000000000000000000000010011000000000110000111111111100000000000000000000
00000000000000000000000000000011110000000000010000000000000000000000000000000000
00000000000000000000000000000000000000000000000000000000000000000000000000000000
00000000000000000000000000000000000000000000000000000000000000000000000000000000
00000000000000000000000000000000000000000000000000000000000000000000000000000000
00000000000000000000000000000000000000000000000000000000000000000000000000000000
00000000000000000000000000000000000000000000000000000000000000000000000000000000
00000000000000000000000000000000000000000000000000000000000000000000000000000000
00000000000000000000000000000000000000000000000000000000000000000000000000000000
00000000000000000000000000000000000000000000000000000000000000000000000000000000
00000000000000000000000000000000000000000000000000000000000000000000000000000000
00000000000000000000000000000000000000000000000000000000000000000000000000000000
00000000000000000000000000000000000000000000000000000000000000000000000000000000
