00000000000000000000000000000000000000000000000000000000000000000000000000000000
00000000000000000000000000000000000000000000000000000000000000000000000000000000
00000000000000000000000000000000000000000000000000000000000000000000000000000000
00000000000000000000000000000000000000000000000000000000000000000000000000000000
00000000000000000000000000000000000000000000000000000000000000000000000000000000
00000000000000000000000000000000000000000000000000000000000000000000000000000000
00000000000000000000000000000000000000000000000000000000000000000000000000000000
00000000000000000000000000000000000000000000000000000000000000000000000000000000
00000000000000000000000000000000000000000000000000000000000000000000000000000000
00000000000000000000000000000000000000000000000000000000000000000000000000000000
00000000000000000000000000000000000000000000000000000000000000000000000000000000
00000000000000000000000000000000000000000000000000000000000000000000000000000000
00000000000000000000000000000000000000000000000000000000000000000000000000000000
00000000000000000000000000000000000000000000000000000000000000000000000000000000
00000000000000000000000000000000000000000000000000000000000000000000000000000000
00000000000000000000000000000000000000000000000000000000000000000000000000000000
00000000000000000000000000000000000000000000000000000000000000000000000000000000
00000000000000000000000000000000000000000000000000000000000000000000000000000000
00000000000000000000000000000000000000000000000000000000000000000000000000000000
00000000000000000000000000000000000100000000000000000000000000000000000000000000
00000000000000000000000000000000001100000000000000000000000000000000000000000000
00000000000000000000000000000000001000000000000000000000000000000000000000000000
00000000000000000000000000000000001000000000000000000000000000000000000000000000
00000000000000000000000000000000010000000000000000011000000000000000000000000000
00000000000000000000000000000000010000000000000001111000000000000000000000000000
00000000000000000000000000000000010000000000000111001000000000000000000000000000
00000000000000000000000000000000100000011111111100010000000000000000000000000000
00000000000000000000000000000000100000000000000000010000000000000000000000000000
00000000000000000000000000000000100000000000000000100000000000000000000000000000
00000000000000000000000000000000100000000000000000100000000000000000000000000000
00000000000000000000000000000001000010000000000001100000000000000000000000000000
00000000000000000000000000000001000010000000000001000000000000000000000000000000
00000000000000000000000000000001000010000000000001000000000000000000000000000000
00000000000000000000000000000010000010000000000001000000011000000000000000000000
00000000000000000000000000000010000010000000000010001111100000000000000000000000
00000000000000000000000000000010000011100000011111111000000000000000000000000000
00000000000000000000000000000100001110011111100010000000000000000000000000000000
00000000000000000000000000000111110011110000000010000000000000000000000000000000
00000000000000000000000001111100000010000000000010000000000000000000000000000000
00000000000000000000111110001000000100000000000001100000000000000000000000000000
00000000000000000001100000001000000100000000000000110000000000000000000000000000
00000000000000000000000000011000000100000000000000011000000000000000000000000000
00000000000000000000000000001111001000000000000000001100000000000000000000000000
00000000000000000000000000000000111000000000000000000010000000000000000000000000
00000000000000000000000000000000011100110000000000000011000000000000000000000000
00000000000000000000000000000000010011001100000000000001000000000000000000000000
00000000000000000000000000000000100001111110000000000001000000000000000000000000
00000000000000000000000000000001000000001101100000000001000000000000000000000000
00000000000000000000000000000011000000000000011111111111000000000000000000000000
00000000000000000000000000000110000000000000000000000000000000000000000000000000
00000000000000000000000110001000000000000000000000000000000000000000000000000000
00000000000000000000000011111000000000000000000000000000000000000000000000000000
00000000000000000000000000000000000000000000000000000000000000000000000000000000
00000000000000000000000000000000000000000000000000000000000000000000000000000000
00000000000000000000000000000000000000000000000000000000000000000000000000000000
00000000000000000000000000000000000000000000000000000000000000000000000000000000
00000000000000000000000000000000000000000000000000000000000000000000000000000000
00000000000000000000000000000000000000000000000000000000000000000000000000000000
00000000000000000000000000000000000000000000000000000000000000000000000000000000
00000000000000000000000000000000000000000000000000000000000000000000000000000000
