00000000000000000000000000000000000000000000000000000000000000000000000000000000
00000000000000000000000000000000000000000000000000000000000000000000000000000000
00000000000000000000000000000000000000000000000000000000000000000000000000000000
00000000000000000000000000000000000000000000000000000000000000000000000000000000
00000000000000000000000000000000000000000000000000000000000000000000000000000000
00000000000000000000000000000000000000000000000000000000000000000000000000000000
00000000000000000000000000000000000000000000000000000000000000000000000000000000
00000000000000000000000000000000000000000000000000000000000000000000000000000000
00000000000000000000000000000000000000000000000000000000000000000000000000000000
00000000000000000000000000000000000000000000000000000000000000000000000000000000
00000000000000000000000000000000000000000000000000000000000000000000000000000000
00000000000000000000000000000000000000000000000000000000000000000000000000000000
00000000000000000000000000000100000000000000000000000000000000000000000000000000
00000000000000000000000000000100000011000000110000000000000000000000000000000000
00000000000000000000000000000100000001111111101000000000000000000000000000000000
00000000000000000000000000000100000000000000001000000000000000000000000000000000
00000000000000000000000000000100000000000000001000000000000000000000000000000000
00000000000000000000000000001000000000000000001000000000000000000000000000000000
00000000000000000000000000001000000000000000001000000000000000000000000000000000
00000000000000000000000000001000000000000000001000000000000000000000000000000000
00000000000000000000110000010000000100000000011000000000000000000000000000000000
00000000000000000000001111111111111100000000010000000000000000000000000000000000
00000000000000000000000000100000001100000000010000000000010000000000000000000000
00000000000000000000000001100000001000000000010000000011110000000000000000000000
00000000000000000000000001000000001000000000011000111100000000000000000000000000
00000000000000000000000010000000001000000000001111000000000000000000000000000000
00000000000000000000000010000000010000000000111100000000000000000000000000000000
00000000000000000000000110000000010000011111000110000000000000000000000000000000
00000000000000000000000100000000010000000000000011000000000000000000000000000000
00000000000000000000000110000000100000000000000001100000000000000000000000000000
00000000000000000000000011000000100000000000000000110000000000000000000000000000
00000000000000000000000000111000100000000000000000010000000000000000000000000000
00000000000000000000000000001101000000000000000000010000000000000000000000000000
00000000000000000000000000000011100000000000000000011000000000000000000000000000
00000000000000000000000000000001111000000000000000001000000000000000000000000000
00000000000000000000000000000010000110000000000000001000000000000000000000000000
00000000000000000000000000000110000001110000001000001000000000000000000000000000
00000000000000000000000000100100000000001110001100011000000000000000000000000000
00000000000000000000000000111100000000000000000011110000000000000000000000000000
00000000000000000000000000000000000000000000000000000000000000000000000000000000
00000000000000000000000000000000000000000000000000000000000000000000000000000000
00000000000000000000000000000000000000000000000000000000000000000000000000000000
00000000000000000000000000000000000000000000000000000000000000000000000000000000
00000000000000000000000000000000000000000000000000000000000000000000000000000000
00000000000000000000000000000000000000000000000000000000000000000000000000000000
00000000000000000000000000000000000000000000000000000000000000000000000000000000
00000000000000000000000000000000000000000000000000000000000000000000000000000000
00000000000000000000000000000000000000000000000000000000000000000000000000000000
00000000000000000000000000000000000000000000000000000000000000000000000000000000
00000000000000000000000000000000000000000000000000000000000000000000000000000000
00000000000000000000000000000000000000000000000000000000000000000000000000000000
00000000000000000000000000000000000000000000000000000000000000000000000000000000
00000000000000000000000000000000000000000000000000000000000000000000000000000000
00000000000000000000000000000000000000000000000000000000000000000000000000000000
00000000000000000000000000000000000000000000000000000000000000000000000000000000
00000000000000000000000000000000000000000000000000000000000000000000000000000000
00000000000000000000000000000000000000000000000000000000000000000000000000000000
00000000000000000000000000000000000000000000000000000000000000000000000000000000
00000000000000000000000000000000000000000000000000000000000000000000000000000000
00000000000000000000000000000000000000000000000000000000000000000000000000000000
