00000000000000000000000000000000000000000000000000000000000000000000000000000000
00000000000000000000000000000000000000000000000000000000000000000000000000000000
00000000000000000000000000000000000000000000000000000000000000000000000000000000
00000000000000000000000000000000000000000000000000000000000000000000000000000000
00000000000000000000000000000000000000000000000000000000000000000000000000000000
00000000000000000000000000000000000000000000000000000000000000000000000000000000
00000000000000000000000000000000000000000000000000000000000000000000000000000000
00000000000000000000000000000000000000000000000000000000000000000000000000000000
00000000000000000000000000000000000000000000000000000000000000000000000000000000
00000000000000000000000000000000000000000000000000000000000000000000000000000000
00000000000000000000000000000000100000000000000000000000000000000000000000000000
00000000000000000000000000000001100000000000000000000000000000000000000000000000
00000000000000000000000000000001000000000010000000000000000000000000000000000000
00000000000000000000000000000001000000000001111111111110000000000000000000000000
00000000000000000000000000000001000000000000000000000010000000000000000000000000
00000000000000000000000000000010000000000000000000000110000000000000000000000000
00000000000000000000000000000010000000000000000000000100000000000000000000000000
00000000000000000000000000000110000000000000000000001000000000000000000000000000
00000000000000000000000000000100000000000000000000011000000000000000000000000000
00000000000000000000000000001100000000000000000000110000000000000000000000000000
00000000000000000000000000001000000000000000000000100000000000000000000000000000
00000000000000000000000000001000000000000000000001000000000000000000000000000000
00000000000000000000001111111111111111111111000010000000000000000000000000000000
00000000000000000000000000010000000000000000000010000000000000000000000000000000
00000000000000000000000000100000000010000000000110000000000000000000000000000000
00000000000000000000000000100000000010000000000100000000000000000000000000000000
00000000000000000000000001000000000010000000000110000000000111100000000000000000
00000000000000000000000001000000000100000000000011000000111100000000000000000000
00000000000000000000000011000000000100000000000001000111000000000000000000000000
00000000000000000000000010000000001000000000000000111000000000000000000000000000
00000000000000000000000110000000001000000000001111010000000000000000000000000000
00000000000000000000000100000000010000000011110000011000000000000000000000000000
00000000000000000000001111000000010000001100000000001100000000000000000000000000
00000000000000000000000000110000110000000000000000000100000000000000000000000000
00000000000000000000000000001000100000000000000000000100000000000000000000000000
00000000000000000000000000000110100000000000000000000010000000000000000000000000
00000000000000000000000000000001100000000000000000000010000000000000000000000000
00000000000000000000000000000001011000000000000000000010000000000000000000000000
00000000000000000000000000000010000100000000000000000001000000000000000000000000
00000000000000000000000000000010000011000000000000000001000000000000000000000000
00000000000000000000000000000110000000100000001100000001000000000000000000000000
00000000000000000000000000000100000000011100000110000011000000000000000000000000
00000000000000000000000000001000000000000011000001100010000000000000000000000000
00000000000000000000000000011000000000000000111000111100000000000000000000000000
00000000000000000000000000010000000000000000001100000000000000000000000000000000
00000000000000000000000000100000000000000000000000000000000000000000000000000000
00000000000000000000001001000000000000000000000000000000000000000000000000000000
00000000000000000000001011000000000000000000000000000000000000000000000000000000
00000000000000000000001110000000000000000000000000000000000000000000000000000000
00000000000000000000001000000000000000000000000000000000000000000000000000000000
00000000000000000000000000000000000000000000000000000000000000000000000000000000
00000000000000000000000000000000000000000000000000000000000000000000000000000000
00000000000000000000000000000000000000000000000000000000000000000000000000000000
00000000000000000000000000000000000000000000000000000000000000000000000000000000
00000000000000000000000000000000000000000000000000000000000000000000000000000000
00000000000000000000000000000000000000000000000000000000000000000000000000000000
00000000000000000000000000000000000000000000000000000000000000000000000000000000
00000000000000000000000000000000000000000000000000000000000000000000000000000000
00000000000000000000000000000000000000000000000000000000000000000000000000000000
00000000000000000000000000000000000000000000000000000000000000000000000000000000
