00000000000000000000000000000000000000000000000000000000000000000000000000000000
00000000000000000000000000000000000000000000000000000000000000000000000000000000
00000000000000000000000000000000000000000000000000000000000000000000000000000000
00000000000000000000000000000000000000000000000000000000000000000000000000000000
00000000000000000000000000000000000000000000000000000000000000000000000000000000
00000000000000000000000000000000000000000000000000000000000000000000000000000000
00000000000000000000000000000000000000000000000000000000000000000000000000000000
00000000000000000000000000000000000000000000000000000000000000000000000000000000
00000000000000000000000000000000000000000000000000000000000000000000000000000000
00000000000000000000000000000000000000000000000000000000000000000000000000000000
00000000000000000000000000000000000000000000000000000000000000000000000000000000
00000000000000000000000000000000000000000000000000000000000000000000000000000000
00000000000000000000000000000000000000000000000000000000000000000000000000000000
00000000000000000000000000000000000000000000000000000000000000000000000000000000
00000000000000000000000000000000000000000000000000000000000000000000000000000000
00000000000000000000000000000000010000000000000000000000000000000000000000000000
00000000000000000000000000000000110000000000000000000000000000000000000000000000
00000000000000000000000000000000100000000000000000000000000000000000000000000000
00000000000000000000000000000000100000000000000000000000000000000000000000000000
00000000000000000000000000000001000000000000000000000000000000000000000000000000
00000000000000000000000000000001000000000000000000000000000000000000000000000000
00000000000000000000000000000001000000000000000000000000000000000000000000000000
00000000000000000000000000000010000011111111111111000000000000000000000000000000
00000000000000000000000000000010000000000000000001000000000000000000000000000000
00000000000000000000000000000010000000000000000001000000000000000000000000000000
00000000000000000000000000000100000000000000000001000000000000000000000000000000
00000000000000000000000000001000000000000000000001000000000000000000000000000000
00000000000000000000000000001000000000000000000001000000000000000000000000000000
00000000000000000000000000010000000000000000000010000000000000000000000000000000
00000000000000000000000000010001110000000000000010000000000000000000000000000000
00000000000000001111111111111110001100000000000010000000000000000000000000000000
00000000000000000000000000100000011000000000000010000000001111000000000000000000
00000000000000000000000001000000010000000000000010000011110000000000000000000000
00000000000000000000000011000000110000000000000011111100000000000000000000000000
00000000000000000000000010000000100000001111111111000000000000000000000000000000
00000000000000000000000110000000100001111000000001000000000000000000000000000000
00000000000000000000000100000001000000000000000001100000000000000000000000000000
00000000000000000000001100000001000000000000000000100000000000000000000000000000
00000000000000000000001111000010000000000000000000010000000000000000000000000000
00000000000000000000000001111110000000000000000000011000000000000000000000000000
00000000000000000000000000001110000000000000000000001100000000000000000000000000
00000000000000000000000000001101100000000000000000000100000000000000000000000000
00000000000000000000000000011000011000000000000000000110000000000000000000000000
00000000000000000000000000010000000111000000000000000010000000000000000000000000
00000000000000000000000001100000000001110010000000000010000000000000000000000000
00000000000000000001100111000000000000011001100000000010000000000000000000000000
00000000000000000000111100000000000000000000110000000110000000000000000000000000
00000000000000000000000000000000000000000000001111111100000000000000000000000000
00000000000000000000000000000000000000000000000000000000000000000000000000000000
00000000000000000000000000000000000000000000000000000000000000000000000000000000
00000000000000000000000000000000000000000000000000000000000000000000000000000000
00000000000000000000000000000000000000000000000000000000000000000000000000000000
00000000000000000000000000000000000000000000000000000000000000000000000000000000
00000000000000000000000000000000000000000000000000000000000000000000000000000000
00000000000000000000000000000000000000000000000000000000000000000000000000000000
00000000000000000000000000000000000000000000000000000000000000000000000000000000
00000000000000000000000000000000000000000000000000000000000000000000000000000000
00000000000000000000000000000000000000000000000000000000000000000000000000000000
00000000000000000000000000000000000000000000000000000000000000000000000000000000
00000000000000000000000000000000000000000000000000000000000000000000000000000000
