00000000000000000000000000000000000000000000000000000000000000000000000000000000
00000000000000000000000000000000000000000000000000000000000000000000000000000000
00000000000000000000000000000000000000000000000000000000000000000000000000000000
00000000000000000000000000000000000000000000000000000000000000000000000000000000
00000000000000000000000000000000000000000000000000000000000000000000000000000000
00000000000000000000000000000000000000000000000000000000000000000000000000000000
00000000000000000000000000000000000000000000000000000000000000000000000000000000
00000000000000000000000000000000000000000000000000000000000000000000000000000000
00000000000000000000000000000000000000000000000000000000000000000000000000000000
00000000000000000000000000000000000000000000000000000000000000000000000000000000
00000000000000000000000000000000000000000000000000000000000000000000000000000000
00000000000000000000000000000000000000000000000000000000000000000000000000000000
00000000000000000000000000000000000000000000000000000000000000000000000000000000
00000000000000000000000000000000000000000000000000000000000000000000000000000000
00000000000000000000000000000000000000000000000000000000000000000000000000000000
00000000000000000000000000000000000000000000000000000000000000000000000000000000
00000000000000000000000000000001000000000000000000000000000000000000000000000000
00000000000000000000000000000011000000000000001000000000000000000000000000000000
00000000000000000000000000000010000000000001111000000000000000000000000000000000
00000000000000000000000000000010000111111110001000000000000000000000000000000000
00000000000000000000000000000010000000000000001000000000000000000000000000000000
00000000000000000000000000000010000000000000001000000000000000000000000000000000
00000000000000000000000000000100000000000000001000000000000000000000000000000000
00000000000000000000000000000100010000000000001000000000000000000000000000000000
00000000000000000000000000000100110000000000001000000001000000000000000000000000
00000000000000000000000000001000100000000000001000001111000000000000000000000000
00000000000000000000000000001001110000000000001111110000000000000000000000000000
00000000000000000000000000011110100000000011111000000000000000000000000000000000
00000000000000000000000111110000100000011110001100000000000000000000000000000000
00000000000000000000011100110000100011100000000110000000000000000000000000000000
00000000000000000000000000100000100100000000000011000000000000000000000000000000
00000000000000000000000001100000100000000000000001000000000000000000000000000000
00000000000000000000000001100001000000000000000001100000000000000000000000000000
00000000000000000000000000110001000000000000000000110000000000000000000000000000
00000000000000000000000000011101000000000000000000010000000000000000000000000000
00000000000000000000000000000110000000011100000000010000000000000000000000000000
00000000000000000000000000000011000000000111100000010000000000000000000000000000
00000000000000000000000000000100110000000000111111110000000000000000000000000000
00000000000000000000000000111100001100000000000000000000000000000000000000000000
00000000000000000000000000000000000111100000000000000000000000000000000000000000
00000000000000000000000000000000000001100000000000000000000000000000000000000000
00000000000000000000000000000000000000000000000000000000000000000000000000000000
00000000000000000000000000000000000000000000000000000000000000000000000000000000
00000000000000000000000000000000000000000000000000000000000000000000000000000000
00000000000000000000000000000000000000000000000000000000000000000000000000000000
00000000000000000000000000000000000000000000000000000000000000000000000000000000
00000000000000000000000000000000000000000000000000000000000000000000000000000000
00000000000000000000000000000000000000000000000000000000000000000000000000000000
00000000000000000000000000000000000000000000000000000000000000000000000000000000
00000000000000000000000000000000000000000000000000000000000000000000000000000000
00000000000000000000000000000000000000000000000000000000000000000000000000000000
00000000000000000000000000000000000000000000000000000000000000000000000000000000
00000000000000000000000000000000000000000000000000000000000000000000000000000000
00000000000000000000000000000000000000000000000000000000000000000000000000000000
00000000000000000000000000000000000000000000000000000000000000000000000000000000
00000000000000000000000000000000000000000000000000000000000000000000000000000000
00000000000000000000000000000000000000000000000000000000000000000000000000000000
00000000000000000000000000000000000000000000000000000000000000000000000000000000
00000000000000000000000000000000000000000000000000000000000000000000000000000000
00000000000000000000000000000000000000000000000000000000000000000000000000000000
