00000000000000000000000000000000000000000000000000000000000000000000000000000000
00000000000000000000000000000000000000000000000000000000000000000000000000000000
00000000000000000000000000000000000000000000000000000000000000000000000000000000
00000000000000000000000000000000000000000000000000000000000000000000000000000000
00000000000000000000000000000000000000000000000000000000000000000000000000000000
00000000000000000000000000000000000000000000000000000000000000000000000000000000
00000000000000000000000000000000000000000000000000000000000000000000000000000000
00000000000000000000000000000000000000000000000000000000000000000000000000000000
00000000000000000000000000000000000000000000000000000000000000000000000000000000
00000000000000000000000000000000000000000000000000000000000000000000000000000000
00000000000000000000000000000000000000000000000000000000000000000000000000000000
00000000000000000000000000000000000000000000000000000000000000000000000000000000
00000000000000000000000000000000000000000000000000000000000000000000000000000000
00000000000000000000000000000000000000000000000000000000000000000000000000000000
00000000000000000000000000000000000000000000000000000000000000000000000000000000
00000000000000000000000000000000000000000000000000000000000000000000000000000000
00000000000000000000000000000000001000000000000000000000000000000000000000000000
00000000000000000000000000000000001000000000000000000000000000000000000000000000
00000000000000000000000000000000001000000000011111000000000000000000000000000000
00000000000000000000000000000000001000011111100001000000000000000000000000000000
00000000000000000000000000000000001000000000000001000000000000000000000000000000
00000000000000000000000000000000011000000000000011000000000000000000000000000000
00000000000000000000000000000000010000000000000010000000000000000000000000000000
00000000000000000000000000000000010000000000000110000000000000000000000000000000
00000000000000000000000000000000100000000000000100000000000000000000000000000000
00000000000000000000000000000000100001111000000100000000000000000000000000000000
00000000000000000000000000011111111110000000000100000000000000000000000000000000
00000000000000000000000011110011000001100000000110000110000000000000000000000000
00000000000000000000000000000010000001000000001111111100000000000000000000000000
00000000000000000000000000000110000001000111111001000000000000000000000000000000
00000000000000000000000000000100000001011100000001100000000000000000000000000000
00000000000000000000000000000111000010000000000000110000000000000000000000000000
00000000000000000000000000000001100010000000000000011000000000000000000000000000
00000000000000000000000000000000110100000000000000001100000000000000000000000000
00000000000000000000000000000000001100000000000000000100000000000000000000000000
00000000000000000000000000000000001011000000000000000110000000000000000000000000
00000000000000000000000000000000011001100000000000000010000000000000000000000000
00000000000000000000000000000000110000011100100000000010000000000000000000000000
00000000000000000000000000001001100000001110011000000110000000000000000000000000
00000000000000000000000000001111000000000110001111111100000000000000000000000000
00000000000000000000000000000000000000000000000000000000000000000000000000000000
00000000000000000000000000000000000000000000000000000000000000000000000000000000
00000000000000000000000000000000000000000000000000000000000000000000000000000000
00000000000000000000000000000000000000000000000000000000000000000000000000000000
00000000000000000000000000000000000000000000000000000000000000000000000000000000
00000000000000000000000000000000000000000000000000000000000000000000000000000000
00000000000000000000000000000000000000000000000000000000000000000000000000000000
00000000000000000000000000000000000000000000000000000000000000000000000000000000
00000000000000000000000000000000000000000000000000000000000000000000000000000000
00000000000000000000000000000000000000000000000000000000000000000000000000000000
00000000000000000000000000000000000000000000000000000000000000000000000000000000
00000000000000000000000000000000000000000000000000000000000000000000000000000000
00000000000000000000000000000000000000000000000000000000000000000000000000000000
00000000000000000000000000000000000000000000000000000000000000000000000000000000
00000000000000000000000000000000000000000000000000000000000000000000000000000000
00000000000000000000000000000000000000000000000000000000000000000000000000000000
00000000000000000000000000000000000000000000000000000000000000000000000000000000
00000000000000000000000000000000000000000000000000000000000000000000000000000000
00000000000000000000000000000000000000000000000000000000000000000000000000000000
00000000000000000000000000000000000000000000000000000000000000000000000000000000
