00000000000000000000000000000000000000000000000000000000000000000000000000000000
00000000000000000000000000000000000000000000000000000000000000000000000000000000
00000000000000000000000000000000000000000000000000000000000000000000000000000000
00000000000000000000000000000000000000000000000000000000000000000000000000000000
00000000000000000000000000000000000000000000000000000000000000000000000000000000
00000000000000000000000000000000000000000000000000000000000000000000000000000000
00000000000000000000000000000000000000000000000000000000000000000000000000000000
00000000000000000000000000000000000000000000000000000000000000000000000000000000
00000000000000000000000000000000000000000000000000000000000000000000000000000000
00000000000000000000000000000000000000000000000000000000000000000000000000000000
00000000000000000000000000000000000000000000000000000000000000000000000000000000
00000000000000000000000000000000000000000000000000000000000000000000000000000000
00000000000000000000000000000000000000000000000000000000000000000000000000000000
00000000000000000000000000000000000000000000000000000000000000000000000000000000
00000000000000000000000000000000000000000000000000000000000000000000000000000000
00000000000000000000000000000000000000000000000000000000000000000000000000000000
00000000000000000000000000000000000000000000000000000000000000000000000000000000
00000000000000000000000000000000000100000000000000000000000000000000000000000000
00000000000000000000000000000000000100000000000000000000000000000000000000000000
00000000000000000000000000000000000100000000000000000000000000000000000000000000
00000000000000000000000000000000000100000000000000001000000000000000000000000000
00000000000000000000000000000000000100000001111111001000000000000000000000000000
00000000000000000000000000000000000100000000000000001000000000000000000000000000
00000000000000000000000000000000000100000000000000001000000000000000000000000000
00000000000000000000000000000000000100000000000000001000000000000000000000000000
00000000000000000000000000000000000100000000000000001000000000000000000000000000
00000000000000000000000000000000001000000000000000011000000000000000000000000000
00000000000000000000000000000000001000000000000000010000000000000000000000000000
00000000000000000000000000000000001000000000000000100000000000000000000000000000
00000000000000000000000000000000001000111111000001100000000000000000000000000000
00000000000000000000000000000000001111100100000001000000000000000000000000000000
00000000000000000000000001111111110000000100000001000000000000000000000000000000
00000000000000000000000000000000010000000100000001000000000011100000000000000000
00000000000000000000000000000000010000000100000001100000111110000000000000000000
00000000000000000000000000000000110000000100000000111111000000000000000000000000
00000000000000000000000000000000100000000100000111110000000000000000000000000000
00000000000000000000000000000000110000001100111100001000000000000000000000000000
00000000000000000000000000000000011000001001000000000100000000000000000000000000
00000000000000000000000000000000000100001000000000000110000000000000000000000000
00000000000000000000000000000000000011010000000000000011000000000000000000000000
00000000000000000000000000000000000000110000000000000001100000000000000000000000
00000000000000000000000000000000000000110000000000000000100000000000000000000000
00000000000000000000000000000000000000101100000000000000100000000000000000000000
00000000000000000000000000000000000001100110000000000000100000000000000000000000
00000000000000000000000000000000000001000001000010000111100000000000000000000000
00000000000000000000000000000000100011000000110011111000000000000000000000000000
00000000000000000000000000000000111110000000011000000000000000000000000000000000
00000000000000000000000000000000000000000000001000000000000000000000000000000000
00000000000000000000000000000000000000000000000000000000000000000000000000000000
00000000000000000000000000000000000000000000000000000000000000000000000000000000
00000000000000000000000000000000000000000000000000000000000000000000000000000000
00000000000000000000000000000000000000000000000000000000000000000000000000000000
00000000000000000000000000000000000000000000000000000000000000000000000000000000
00000000000000000000000000000000000000000000000000000000000000000000000000000000
00000000000000000000000000000000000000000000000000000000000000000000000000000000
00000000000000000000000000000000000000000000000000000000000000000000000000000000
00000000000000000000000000000000000000000000000000000000000000000000000000000000
00000000000000000000000000000000000000000000000000000000000000000000000000000000
00000000000000000000000000000000000000000000000000000000000000000000000000000000
00000000000000000000000000000000000000000000000000000000000000000000000000000000
