00000000000000000000000000000000000000000000000000000000000000000000000000000000
00000000000000000000000000000000000000000000000000000000000000000000000000000000
00000000000000000000000000000000000000000000000000000000000000000000000000000000
00000000000000000000000000000000000000000000000000000000000000000000000000000000
00000000000000000000000000000000000000000000000000000000000000000000000000000000
00000000000000000000000000000000000000000000000000000000000000000000000000000000
00000000000000000000000000000000000000000000000000000000000000000000000000000000
00000000000000000000000000000000000000000000000000000000000000000000000000000000
00000000000000000000000000000000000000000000000000000000000000000000000000000000
00000000000000000000000000000000000000000000000000000000000000000000000000000000
00000000000000000000000000000000000000000000000000000000000000000000000000000000
00000000000000000000000000000000000000000000000000000000000000000000000000000000
00000000000000000000000000000000000000000000000000000000000000000000000000000000
00000000000000000000000000000000000000000000000000000000000000000000000000000000
00000000000000000000000000000001000000000000000000000000000000000000000000000000
00000000000000000000000000000001000000000000000001110000000000000000000000000000
00000000000000000000000000000001000000000000000111010000000000000000000000000000
00000000000000000000000000000001000000000000011100010000000000000000000000000000
00000000000000000000000000000001000000000000110000010000000000000000000000000000
00000000000000000000000000000001000000000001000000010000000000000000000000000000
00000000000000000000000000000001000000011110000000010000000000000000000000000000
00000000000000000000000000000001000000000000000000010000000000000000000000000000
00000000000000000000000000000001000000000000000000010000000000000000000000000000
00000000000000000000000000000001000000000000000000010000000000000000000000000000
00000000000000000000000000000001000000000000000000010000000000000000000000000000
00000000000000000000000000000001011110000000000000010000000000000000000000000000
00000000000000000000000000000011110000000000000000010000000000000000000000000000
00000000000000000000000000001110000000001000000000010000011110000000000000000000
00000000000000000000000111110010000000001000000000011011110000000000000000000000
00000000000000000000001100000110000000001000000000111100000000000000000000000000
00000000000000000000000000001100000000010000111111000100000000000000000000000000
00000000000000000000000000001100000000010000000000000100000000000000000000000000
00000000000000000000000000000110000000010000000000000010000000000000000000000000
00000000000000000000000000000011000000010000000000000010000000000000000000000000
00000000000000000000000000000001100000010000000000000001000000000000000000000000
00000000000000000000000000000000010000010000000000000001100000000000000000000000
00000000000000000000000000000000010000100000000000000000100000000000000000000000
00000000000000000000000000000000001000100000000000000000100000000000000000000000
00000000000000000000000000000000000110100000000000000000100000000000000000000000
00000000000000000000000000000000000010100000000000000000100000000000000000000000
00000000000000000000000000000000000001000000000000000000100000000000000000000000
00000000000000000000000000000000000001100000000000000000100000000000000000000000
00000000000000000000000000000000000011010000100000000001100000000000000000000000
00000000000000000000000000000000000010001000111000000011000000000000000000000000
00000000000000000000000000000000000100000100101000001100000000000000000000000000
00000000000000000000000000000000000100000010101111110000000000000000000000000000
00000000000000000000000000000000001000000001110000000000000000000000000000000000
00000000000000000000000010000000010000000000110000000000000000000000000000000000
00000000000000000000000001000000110000000000010000000000000000000000000000000000
00000000000000000000000000111111000000000000000000000000000000000000000000000000
00000000000000000000000000000000000000000000000000000000000000000000000000000000
00000000000000000000000000000000000000000000000000000000000000000000000000000000
00000000000000000000000000000000000000000000000000000000000000000000000000000000
00000000000000000000000000000000000000000000000000000000000000000000000000000000
00000000000000000000000000000000000000000000000000000000000000000000000000000000
00000000000000000000000000000000000000000000000000000000000000000000000000000000
00000000000000000000000000000000000000000000000000000000000000000000000000000000
00000000000000000000000000000000000000000000000000000000000000000000000000000000
00000000000000000000000000000000000000000000000000000000000000000000000000000000
00000000000000000000000000000000000000000000000000000000000000000000000000000000
