00000000000000000000000000000000000000000000000000000000000000000000000000000000
00000000000000000000000000000000000000000000000000000000000000000000000000000000
00000000000000000000000000000000000000000000000000000000000000000000000000000000
00000000000000000000000000000000000000000000000000000000000000000000000000000000
00000000000000000000000000000000000000000000000000000000000000000000000000000000
00000000000000000000000000000000000000000000000000000000000000000000000000000000
00000000000000000000000000000000000000000000000000000000000000000000000000000000
00000000000000000000000000000000000000000000000000000000000000000000000000000000
00000000000000000000000000000000000000000000000000000000000000000000000000000000
00000000000000000000000000000000000000000000000000000000000000000000000000000000
00000000000000000000000000000000000000000000000000000000000000000000000000000000
00000000000000000000000000000000000000000000000000000000000000000000000000000000
00000000000000000000000000000000000000000000000000000000000000000000000000000000
00000000000000000000000000000000000000000000000000000000000000000000000000000000
00000000000000000000000000000000000000000000000000000000000000000000000000000000
00000000000000000000000000000000100000000000000000000000000000000000000000000000
00000000000000000000000000000000100000000000000000000000000000000000000000000000
00000000000000000000000000000001100000000000000000000000000000000000000000000000
00000000000000000000000000000001000000000001111000000000000000000000000000000000
00000000000000000000000000000001000000001111001000000000000000000000000000000000
00000000000000000000000000000011000011111000001000000000000000000000000000000000
00000000000000000000000000000010000000000000001000000000000000000000000000000000
00000000000000000000000000000110000000000000001000000000000000000000000000000000
00000000000000000000000000000100000000000000001000000000000000000000000000000000
00000000000000000000000000001100000000000000001000000000000000000000000000000000
00000000000000000000000000001000000010000000001000000000000000000000000000000000
00000000000000000000000000010111111100000000001100000000000000000000000000000000
00000000000000000000011111111100000100000000000100001111110000000000000000000000
00000000000000000001110000100000000100000000001111111000000000000000000000000000
00000000000000000000000000100000000100000111110010000000000000000000000000000000
00000000000000000000000000100000000100011100000001000000000000000000000000000000
00000000000000000000000000010000000100000000000001100000000000000000000000000000
00000000000000000000000000011000000100000000000000100000000000000000000000000000
00000000000000000000000000001000001000000000000000010000000000000000000000000000
00000000000000000000000000000100001000000000000000010000000000000000000000000000
00000000000000000000000000000010011000000000000000010000000000000000000000000000
00000000000000000000000000000011010000000000000000010000000000000000000000000000
00000000000000000000000000000001100000000000000000010000000000000000000000000000
00000000000000000000000000000000110000001100000000010000000000000000000000000000
00000000000000000000000000000001010000000111111111100000000000000000000000000000
00000000000000000000000001100010001000000000000000000000000000000000000000000000
00000000000000000000000000111100000110000000000000000000000000000000000000000000
00000000000000000000000000000000000011000000000000000000000000000000000000000000
00000000000000000000000000000000000001100000000000000000000000000000000000000000
00000000000000000000000000000000000000111000000000000000000000000000000000000000
00000000000000000000000000000000000000011100000000000000000000000000000000000000
00000000000000000000000000000000000000000100000000000000000000000000000000000000
00000000000000000000000000000000000000000000000000000000000000000000000000000000
00000000000000000000000000000000000000000000000000000000000000000000000000000000
00000000000000000000000000000000000000000000000000000000000000000000000000000000
00000000000000000000000000000000000000000000000000000000000000000000000000000000
00000000000000000000000000000000000000000000000000000000000000000000000000000000
00000000000000000000000000000000000000000000000000000000000000000000000000000000
00000000000000000000000000000000000000000000000000000000000000000000000000000000
00000000000000000000000000000000000000000000000000000000000000000000000000000000
00000000000000000000000000000000000000000000000000000000000000000000000000000000
00000000000000000000000000000000000000000000000000000000000000000000000000000000
00000000000000000000000000000000000000000000000000000000000000000000000000000000
00000000000000000000000000000000000000000000000000000000000000000000000000000000
00000000000000000000000000000000000000000000000000000000000000000000000000000000
