00000000000000000000000000000000000000000000000000000000000000000000000000000000
00000000000000000000000000000000000000000000000000000000000000000000000000000000
00000000000000000000000000000000000000000000000000000000000000000000000000000000
00000000000000000000000000000000000000000000000000000000000000000000000000000000
00000000000000000000000000000000000000000000000000000000000000000000000000000000
00000000000000000000000000000000000000000000000000000000000000000000000000000000
00000000000000000000000000000000000000000000000000000000000000000000000000000000
00000000000000000000000000000000000000000000000000000000000000000000000000000000
00000000000000000000000000000000000000000000000000000000000000000000000000000000
00000000000000000000000000000000000000000000000000000000000000000000000000000000
00000000000000000000000000000000000000000000000000000000000000000000000000000000
00000000000000000000000000000000000000000000000000000000000000000000000000000000
00000000000000000000000000000000000000000000000000000000000000000000000000000000
00000000000000000000000000000000000000000000000000000000000000000000000000000000
00000000000000000000000000000000000000000000000000000000000000000000000000000000
00000000000000000000000000000000000000000000000000000000000000000000000000000000
00000000000000000000000000000000000000000000000000000000000000000000000000000000
00000000000000000000000000000000000000000000000000000000000000000000000000000000
00000000000000000000000000000000000000000000000000000000000000000000000000000000
00000000000000000000000000000000010000000000000000000000000000000000000000000000
00000000000000000000000000000000110000000000000000000000000000000000000000000000
00000000000000000000000000000000100000000000000000011000000000000000000000000000
00000000000000000000000000000000100000000000000001111000000000000000000000000000
00000000000000000000000000000000100000000000000111001000000000000000000000000000
00000000000000000000000000000000100000000000011100001000000000000000000000000000
00000000000000000000000000000000100000000001110000001000000000000000000000000000
00000000000000000000000000000000100000011111000000001000000000000000000000000000
00000000000000000000000000000001000000000000000000001000000000000000000000000000
00000000000000000000000000000001000000000000000000011000000000000000000000000000
00000000000000000000000000000001000000000000000000010000000000000000000000000000
00000000000000000000000000000001000000000100000000010000000000000000000000000000
00000000000000000000000000000010000011111100000000010000000000000000000000000000
00000000000000000000000000000111111101000000000000010000000011111000000000000000
00000000000000000000000111111010000001000000000000010000011100000000000000000000
00000000000000000000000000000100000001000000000000011111100000000000000000000000
00000000000000000000000000000100000001000000000000111000000000000000000000000000
00000000000000000000000000000100000011000000000111001100000000000000000000000000
00000000000000000000000000000100000010000000111000000110000000000000000000000000
00000000000000000000000000000100000010000111100000000011000000000000000000000000
00000000000000000000000000000110000010000100000000000001100000000000000000000000
00000000000000000000000000000011000100000000000000000000110000000000000000000000
00000000000000000000000000000000100100000000000000000000010000000000000000000000
00000000000000000000000000000000011000000000000000000000001000000000000000000000
00000000000000000000000000000000011100000000000000000000001000000000000000000000
00000000000000000000000000000000010011000000000000000000001000000000000000000000
00000000000000000000000000000000010001100000000000000000001000000000000000000000
00000000000000000000000000000000100000011000000001000000001000000000000000000000
00000000000000000000000000000001000000001100000001100000011000000000000000000000
00000000000000000000000000000001000000000011000000111111110000000000000000000000
00000000000000000000000000000010000000000001110000000000000000000000000000000000
00000000000000000000000000000010000000000000000000000000000000000000000000000000
00000000000000000000000000000100000000000000000000000000000000000000000000000000
00000000000000000000000000011000000000000000000000000000000000000000000000000000
00000000000000000000000000011000000000000000000000000000000000000000000000000000
00000000000000000000000000000000000000000000000000000000000000000000000000000000
00000000000000000000000000000000000000000000000000000000000000000000000000000000
00000000000000000000000000000000000000000000000000000000000000000000000000000000
00000000000000000000000000000000000000000000000000000000000000000000000000000000
00000000000000000000000000000000000000000000000000000000000000000000000000000000
00000000000000000000000000000000000000000000000000000000000000000000000000000000
