00000000000000000000000000000000000000000000000000000000000000000000000000000000
00000000000000000000000000000000000000000000000000000000000000000000000000000000
00000000000000000000000000000000000000000000000000000000000000000000000000000000
00000000000000000000000000000000000000000000000000000000000000000000000000000000
00000000000000000000000000000000000000000000000000000000000000000000000000000000
00000000000000000000000000000000000000000000000000000000000000000000000000000000
00000000000000000000000000000000000000000000000000000000000000000000000000000000
00000000000000000000000000000000000000000000000000000000000000000000000000000000
00000000000000000000000000000000000000000000000000000000000000000000000000000000
00000000000000000000000000000000000000000000000000000000000000000000000000000000
00000000000000000000000000000000000000000000000000000000000000000000000000000000
00000000000000000000000000000000000000000000000000000000000000000000000000000000
00000000000000000000000000000000000000000000000000000000000000000000000000000000
00000000000000000000000000000000000000000000000000000000000000000000000000000000
00000000000000000000000000000000000000000000000000000000000000000000000000000000
00000000000000000000000000000000000000000000000000000000000000000000000000000000
00000000000000000000000000000000000000000000000000000000000000000000000000000000
00000000000000000000000000000000110000000000000000000000000000000000000000000000
00000000000000000000000000000000100000000000000000000000000000000000000000000000
00000000000000000000000000000000100000000000000000000000000000000000000000000000
00000000000000000000000000000001100000000000000000000000000000000000000000000000
00000000000000000000000000000001000000000000000000000000000000000000000000000000
00000000000000000000000000000001000000000000000000000000000000000000000000000000
00000000000000000000000000000001000000000000000000000000000000000000000000000000
00000000000000000000000000000001000000000000011110000000000000000000000000000000
00000000000000000000000000000011000001111111100010000000000000000000000000000000
00000000000000000000000000000010000000000000000110000000000000000000000000000000
00000000000000000000000000000010000000000000000100000000000000000000000000000000
00000000000000000000000000000010000000000000001100000000000000000000000000000000
00000000000000000000000000000100000000000000001000000000000000000000000000000000
00000000000000000000000000000100000000000000011000000000000000000000000000000000
00000000000000000000000000000100000000000000010000000000000000000000000000000000
00000000000000000000000000001000000000000000010000000000000000000000000000000000
00000000000000000000000000001000000000000000010000000000000000000000000000000000
00000000000000000000000000001000000000000000010000000000011000000000000000000000
00000000000000000000000000010000000000000000001100000011110000000000000000000000
00000000000000000000000000010000000100000000000110011110000000000000000000000000
00000000000000000000000000100000001100100000000111100000000000000000000000000000
00000000000000000000111111111111111111000000011101000000000000000000000000000000
00000000000000000000000001000000001000000001110000100000000000000000000000000000
00000000000000000000000011000000010000000111000000010000000000000000000000000000
00000000000000000000000010000000010000001100000000001000000000000000000000000000
00000000000000000000000110000000100000001000000000001000000000000000000000000000
00000000000000000000000100000000100000000000000000000100000000000000000000000000
00000000000000000000000110000000100000000000000000000100000000000000000000000000
00000000000000000000000011111000100000000000000000000100000000000000000000000000
00000000000000000000000000000111100000000000011000011100000000000000000000000000
00000000000000000000000000000001111100000000001111110000000000000000000000000000
00000000000000000000000000000001000111000000000000000000000000000000000000000000
00000000000000000000000000000010000001100000000000000000000000000000000000000000
00000000000000000000000000000110000000000000000000000000000000000000000000000000
00000000000000000000000000000100000000000000000000000000000000000000000000000000
00000000000000000000000000001100000000000000000000000000000000000000000000000000
00000000000000000000000000011000000000000000000000000000000000000000000000000000
00000000000000000000010001110000000000000000000000000000000000000000000000000000
00000000000000000000011111000000000000000000000000000000000000000000000000000000
00000000000000000000000000000000000000000000000000000000000000000000000000000000
00000000000000000000000000000000000000000000000000000000000000000000000000000000
00000000000000000000000000000000000000000000000000000000000000000000000000000000
00000000000000000000000000000000000000000000000000000000000000000000000000000000
