00000000000000000000000000000000000000000000000000000000000000000000000000000000
00000000000000000000000000000000000000000000000000000000000000000000000000000000
00000000000000000000000000000000000000000000000000000000000000000000000000000000
00000000000000000000000000000000000000000000000000000000000000000000000000000000
00000000000000000000000000000000000000000000000000000000000000000000000000000000
00000000000000000000000000000000000000000000000000000000000000000000000000000000
00000000000000000000000000000000000000000000000000000000000000000000000000000000
00000000000000000000000000000000000000000000000000000000000000000000000000000000
00000000000000000000000000000000000000000000000000000000000000000000000000000000
00000000000000000000000000000000000000000000000000000000000000000000000000000000
00000000000000000000000000000000000000000000000000000000000000000000000000000000
00000000000000000000000000000000000000000000000000000000000000000000000000000000
00000000000000000000000000000000000000000000000000000000000000000000000000000000
00000000000000000000000000000000000000000000000000000000000000000000000000000000
00000000000000000000000000000000100000000000000000000000000000000000000000000000
00000000000000000000000000000000100000000100000000111100000000000000000000000000
00000000000000000000000000000000100000000111111111000100000000000000000000000000
00000000000000000000000000000000100000000000000000000100000000000000000000000000
00000000000000000000000000000000100000000000000000000100000000000000000000000000
00000000000000000000000000000000100000000000000000000100000000000000000000000000
00000000000000000000000000000000100000000000000000001000000000000000000000000000
00000000000000000000000000000000100000000000000000001000000000000000000000000000
00000000000000000000000000000000100000000000000000001000000000000000000000000000
00000000000000000000000000000001100000000000000000001000000000000000000000000000
00000000000000000000000000000001000000110000000000001000000000000000000000000000
00000000000000000000001111111111111111110000000000001000000000000000000000000000
00000000000000000000000000000011000000010000000000001000111111100000000000000000
00000000000000000000000000000010000000100000000000011111000000000000000000000000
00000000000000000000000000000010000000100000011111100100000000000000000000000000
00000000000000000000000000000110000000100000100000000110000000000000000000000000
00000000000000000000000000001100000000100000000000000010000000000000000000000000
00000000000000000000000000011000000000100000000000000001000000000000000000000000
00000000000000000000000000011100000001000000000000000001100000000000000000000000
00000000000000000000000000000111000001000000000000000000100000000000000000000000
00000000000000000000000000000001100011000000000010000000110000000000000000000000
00000000000000000000000000000000011010000000000001000000010000000000000000000000
00000000000000000000000000000000001100000000000001000000010000000000000000000000
00000000000000000000000000000000001111000000000000100000010000000000000000000000
00000000000000000000000000000000001001100000000000010000110000000000000000000000
00000000000000000000000000000000010000011010000000001111100000000000000000000000
00000000000000000000000010000001100000000111000000000000000000000000000000000000
00000000000000000000000010000111000000000001000000000000000000000000000000000000
00000000000000000000000001111000000000000000000000000000000000000000000000000000
00000000000000000000000000000000000000000000000000000000000000000000000000000000
00000000000000000000000000000000000000000000000000000000000000000000000000000000
00000000000000000000000000000000000000000000000000000000000000000000000000000000
00000000000000000000000000000000000000000000000000000000000000000000000000000000
00000000000000000000000000000000000000000000000000000000000000000000000000000000
00000000000000000000000000000000000000000000000000000000000000000000000000000000
00000000000000000000000000000000000000000000000000000000000000000000000000000000
00000000000000000000000000000000000000000000000000000000000000000000000000000000
00000000000000000000000000000000000000000000000000000000000000000000000000000000
00000000000000000000000000000000000000000000000000000000000000000000000000000000
00000000000000000000000000000000000000000000000000000000000000000000000000000000
00000000000000000000000000000000000000000000000000000000000000000000000000000000
00000000000000000000000000000000000000000000000000000000000000000000000000000000
00000000000000000000000000000000000000000000000000000000000000000000000000000000
00000000000000000000000000000000000000000000000000000000000000000000000000000000
00000000000000000000000000000000000000000000000000000000000000000000000000000000
00000000000000000000000000000000000000000000000000000000000000000000000000000000
