00000000000000000000000000000000000000000000000000000000000000000000000000000000
00000000000000000000000000000000000000000000000000000000000000000000000000000000
00000000000000000000000000000000000000000000000000000000000000000000000000000000
00000000000000000000000000000000000000000000000000000000000000000000000000000000
00000000000000000000000000000000000000000000000000000000000000000000000000000000
00000000000000000000000000000000000000000000000000000000000000000000000000000000
00000000000000000000000000000000000000000000000000000000000000000000000000000000
00000000000000000000000000000000000000000000000000000000000000000000000000000000
00000000000000000000000000000000000000000000000000000000000000000000000000000000
00000000000000000000000000000000000000000000000000000000000000000000000000000000
00000000000000000000000000000000000000000000000000000000000000000000000000000000
00000000000000000000000000000000000000000000000000000000000000000000000000000000
00000000000000000000000000011000000000000000000000000000000000000000000000000000
00000000000000000000000000001000000000000000000000000000000000000000000000000000
00000000000000000000000000001000000000000000000000000000000000000000000000000000
00000000000000000000000000001000000000000000000000000000000000000000000000000000
00000000000000000000000000001000000000000000000000000000000000000000000000000000
00000000000000000000000000001000000000000000000000000000000000000000000000000000
00000000000000000000000000001000000000000111000000000000000000000000000000000000
00000000000000000000000000001000000000111001000000000000000000000000000000000000
00000000000000000000000000001000000111000001000000000000000000000000000000000000
00000000000000000000000000001000011100000001000000000000000000000000000000000000
00000000000000000000000000001000000000000001000000000000000000000000000000000000
00000000000000000000000000001000000000000011000000000000000000000000000000000000
00000000000000000000000000010000000000000010000000000000000000000000000000000000
00000000000000000000000000010000000000000010000000000000000000000000000000000000
00000000000000000000000000010000000000000010000000000000000000000000000000000000
00000000000000000000000000110000111000000011000000000000000000000000000000000000
00000000000000000000000000111111101000000001000000110000000000000000000000000000
00000000000000000000011111100000001000000001000111100000000000000000000000000000
00000000000000000001110001000000010000000111111000000000000000000000000000000000
00000000000000000000000011000000010011111100100000000000000000000000000000000000
00000000000000000000000010000000010000000000010000000000000000000000000000000000
00000000000000000000000010000000010000000000011000000000000000000000000000000000
00000000000000000000000010000000100000000000001000000000000000000000000000000000
00000000000000000000000011000000100000000000000100000000000000000000000000000000
00000000000000000000000001100001100000000000000100000000000000000000000000000000
00000000000000000000000000110001000000000000000100000000000000000000000000000000
00000000000000000000000000011110000000000000000100000000000000000000000000000000
00000000000000000000000000000110000000000000000100000000000000000000000000000000
00000000000000000000001000000111000000100000001100000000000000000000000000000000
00000000000000000000001100001100110100110000111000000000000000000000000000000000
00000000000000000000000100001000011010011111100000000000000000000000000000000000
00000000000000000000000011110000000110000000000000000000000000000000000000000000
00000000000000000000000000000000000010000000000000000000000000000000000000000000
00000000000000000000000000000000000000000000000000000000000000000000000000000000
00000000000000000000000000000000000000000000000000000000000000000000000000000000
00000000000000000000000000000000000000000000000000000000000000000000000000000000
00000000000000000000000000000000000000000000000000000000000000000000000000000000
00000000000000000000000000000000000000000000000000000000000000000000000000000000
00000000000000000000000000000000000000000000000000000000000000000000000000000000
00000000000000000000000000000000000000000000000000000000000000000000000000000000
00000000000000000000000000000000000000000000000000000000000000000000000000000000
00000000000000000000000000000000000000000000000000000000000000000000000000000000
00000000000000000000000000000000000000000000000000000000000000000000000000000000
00000000000000000000000000000000000000000000000000000000000000000000000000000000
00000000000000000000000000000000000000000000000000000000000000000000000000000000
00000000000000000000000000000000000000000000000000000000000000000000000000000000
00000000000000000000000000000000000000000000000000000000000000000000000000000000
00000000000000000000000000000000000000000000000000000000000000000000000000000000
