00000000000000000000000000000000000000000000000000000000000000000000000000000000
00000000000000000000000000000000000000000000000000000000000000000000000000000000
00000000000000000000000000000000000000000000000000000000000000000000000000000000
00000000000000000000000000000000000000000000000000000000000000000000000000000000
00000000000000000000000000000000000000000000000000000000000000000000000000000000
00000000000000000000000000000000000000000000000000000000000000000000000000000000
00000000000000000000000000000000000000000000000000000000000000000000000000000000
00000000000000000000000000000000000000000000000000000000000000000000000000000000
00000000000000000000000000000000000000000000000000000000000000000000000000000000
00000000000000000000000000000000000000000000000000000000000000000000000000000000
00000000000000000000000000000000000000000000000000000000000000000000000000000000
00000000000000000000000000000000000000000000000000000000000000000000000000000000
00000000000000000000000000000000000000000000000000000000000000000000000000000000
00000000000000000000000000000001100000000000000000000000000000000000000000000000
00000000000000000000000000000000100000000000000000000000000000000000000000000000
00000000000000000000000000000000100000000000000000000000000000000000000000000000
00000000000000000000000000000000100000000000000000000000000000000000000000000000
00000000000000000000000000000000100000000000000000000000000000000000000000000000
00000000000000000000000000000000100000000000000000000000000000000000000000000000
00000000000000000000000000000000100000000011111000000000000000000000000000000000
00000000000000000000000000000000100000011110001000000000000000000000000000000000
00000000000000000000000000000000100001110000001000000000000000000000000000000000
00000000000000000000000000000000100000000000001000000000000000000000000000000000
00000000000000000000000000000000100000000000001000000000000000000000000000000000
00000000000000000000000000000000100000000000001000000000000000000000000000000000
00000000000000000000000000000000100000000000001000000000000000000000000000000000
00000000000000000000000000000001000000000000001000000000000000000000000000000000
00000000000000000000000000000001000111100000001000000000000000000000000000000000
00000000000000000000000000000111111101000000001001111100000000000000000000000000
00000000000000000000000111111010000001000000011111000000000000000000000000000000
00000000000000000000000000000010000001011111100100000000000000000000000000000000
00000000000000000000000000000110000001110000000010000000000000000000000000000000
00000000000000000000000000000100000011000000000011000000000000000000000000000000
00000000000000000000000000000110000010000000000001100000000000000000000000000000
00000000000000000000000000000011000010000000000000110000000000000000000000000000
00000000000000000000000000000001100110000000000000010000000000000000000000000000
00000000000000000000000000000000011100000000000000011000000000000000000000000000
00000000000000000000000000000000001100000000000000001000000000000000000000000000
00000000000000000000000000000000000110000000000000001000000000000000000000000000
00000000000000000000000000000000001011000000000000011000000000000000000000000000
00000000000000000000000000000000001000110000000001100000000000000000000000000000
00000000000000000000000000100000010001011000011110000000000000000000000000000000
00000000000000000000000000110000110001111111100000000000000000000000000000000000
00000000000000000000000000011111100000000110000000000000000000000000000000000000
00000000000000000000000000000000000000000000000000000000000000000000000000000000
00000000000000000000000000000000000000000000000000000000000000000000000000000000
00000000000000000000000000000000000000000000000000000000000000000000000000000000
00000000000000000000000000000000000000000000000000000000000000000000000000000000
00000000000000000000000000000000000000000000000000000000000000000000000000000000
00000000000000000000000000000000000000000000000000000000000000000000000000000000
00000000000000000000000000000000000000000000000000000000000000000000000000000000
00000000000000000000000000000000000000000000000000000000000000000000000000000000
00000000000000000000000000000000000000000000000000000000000000000000000000000000
00000000000000000000000000000000000000000000000000000000000000000000000000000000
00000000000000000000000000000000000000000000000000000000000000000000000000000000
00000000000000000000000000000000000000000000000000000000000000000000000000000000
00000000000000000000000000000000000000000000000000000000000000000000000000000000
00000000000000000000000000000000000000000000000000000000000000000000000000000000
00000000000000000000000000000000000000000000000000000000000000000000000000000000
00000000000000000000000000000000000000000000000000000000000000000000000000000000
