00000000000000000000000000000000000000000000000000000000000000000000000000000000
00000000000000000000000000000000000000000000000000000000000000000000000000000000
00000000000000000000000000000000000000000000000000000000000000000000000000000000
00000000000000000000000000000000000000000000000000000000000000000000000000000000
00000000000000000000000000000000000000000000000000000000000000000000000000000000
00000000000000000000000000000000000000000000000000000000000000000000000000000000
00000000000000000000000000000000000000000000000000000000000000000000000000000000
00000000000000000000000000000000000000000000000000000000000000000000000000000000
00000000000000000000000000000000000000000000000000000000000000000000000000000000
00000000000000000000000000000000000000000000000000000000000000000000000000000000
00000000000000000000000000000000000000000000000000000000000000000000000000000000
00000000000000000000000000000000000000000000000000000000000000000000000000000000
00000000000000000000000000000000000000000000000000000000000000000000000000000000
00000000000000000000000000010000000000000000000000000000000000000000000000000000
00000000000000000000000000010000000000000000000000000000000000000000000000000000
00000000000000000000000000010000001111111111000000000000000000000000000000000000
00000000000000000000000000010000000000000001000000000000000000000000000000000000
00000000000000000000000000010000000000000001000000000000000000000000000000000000
00000000000000000000000000010000000000000011000000000000000000000000000000000000
00000000000000000000000000110000000010000010000000000000000000000000000000000000
00000000000000000000000000100011010000000010000000000000000000000000000000000000
00000000000000000000000010111100000000000110000000000000000000000000000000000000
00000000000000000011110001100000000000000100000000000000000000000000000000000000
00000000000000000000000001000000100000000100000000110000000000000000000000000000
00000000000000000000000001000000100000000100111111100000000000000000000000000000
00000000000000000000000001000001000001111111000000000000000000000000000000000000
00000000000000000000000001000001001110000010000000000000000000000000000000000000
00000000000000000000000001000011000000000011000000000000000000000000000000000000
00000000000000000000000001000010000000000001000000000000000000000000000000000000
00000000000000000000000000100110000000000000100000000000000000000000000000000000
00000000000000000000000000010100000000000000100000000000000000000000000000000000
00000000000000000000000000011000000000000000010000000000000000000000000000000000
00000000000000000000000000011100000000000000011000000000000000000000000000000000
00000000000000000000000000010010000010000000001100000000000000000000000000000000
00000000000000000110000001100011000010000000000100000000000000000000000000000000
00000000000000000011111110000001100001100000011100000000000000000000000000000000
00000000000000000000000000000000100000011111110000000000000000000000000000000000
00000000000000000000000000000000010000000000000000000000000000000000000000000000
00000000000000000000000000000000011000000000000000000000000000000000000000000000
00000000000000000000000000000000001000000000000000000000000000000000000000000000
00000000000000000000000000000000000000000000000000000000000000000000000000000000
00000000000000000000000000000000000000000000000000000000000000000000000000000000
00000000000000000000000000000000000000000000000000000000000000000000000000000000
00000000000000000000000000000000000000000000000000000000000000000000000000000000
00000000000000000000000000000000000000000000000000000000000000000000000000000000
00000000000000000000000000000000000000000000000000000000000000000000000000000000
00000000000000000000000000000000000000000000000000000000000000000000000000000000
00000000000000000000000000000000000000000000000000000000000000000000000000000000
00000000000000000000000000000000000000000000000000000000000000000000000000000000
00000000000000000000000000000000000000000000000000000000000000000000000000000000
00000000000000000000000000000000000000000000000000000000000000000000000000000000
00000000000000000000000000000000000000000000000000000000000000000000000000000000
00000000000000000000000000000000000000000000000000000000000000000000000000000000
00000000000000000000000000000000000000000000000000000000000000000000000000000000
00000000000000000000000000000000000000000000000000000000000000000000000000000000
00000000000000000000000000000000000000000000000000000000000000000000000000000000
00000000000000000000000000000000000000000000000000000000000000000000000000000000
00000000000000000000000000000000000000000000000000000000000000000000000000000000
00000000000000000000000000000000000000000000000000000000000000000000000000000000
00000000000000000000000000000000000000000000000000000000000000000000000000000000
