00000000000000000000000000000000000000000000000000000000000000000000000000000000
00000000000000000000000000000000000000000000000000000000000000000000000000000000
00000000000000000000000000000000000000000000000000000000000000000000000000000000
00000000000000000000000000000000000000000000000000000000000000000000000000000000
00000000000000000000000000000000000000000000000000000000000000000000000000000000
00000000000000000000000000000000000000000000000000000000000000000000000000000000
00000000000000000000000000000000000000000000000000000000000000000000000000000000
00000000000000000000000000000000000000000000000000000000000000000000000000000000
00000000000000000000000000000000000000000000000000000000000000000000000000000000
00000000000000000000000000000000000000000000000000000000000000000000000000000000
00000000000000000000000000000000000000000000000000000000000000000000000000000000
00000000000000000000000000000000000000000000000000000000000000000000000000000000
00000000000000000000000000000000000000000000000000000000000000000000000000000000
00000000000000000000000000000000000000000000000000000000000000000000000000000000
00000000000000000000000000000000000000000000000000000000000000000000000000000000
00000000000000000000000000000000000000000000000000000000000000000000000000000000
00000000000000000000000000000000000000000000000000000000000000000000000000000000
00000000000000000000000000000000011000000000000000000000000000000000000000000000
00000000000000000000000000000000010000000000000000000000000000000000000000000000
00000000000000000000000000000000010000000000000000000000000000000000000000000000
00000000000000000000000000000000010000000000000000000000000000000000000000000000
00000000000000000000000000000000100000000000000000000000000000000000000000000000
00000000000000000000000000000000100000000000000111100000000000000000000000000000
00000000000000000000000000000000100000000001111100100000000000000000000000000000
00000000000000000000000000000000100000000110000000100000000000000000000000000000
00000000000000000000000000000001000000111000000000100000000000000000000000000000
00000000000000000000000000000001000000000000000000100000000000000000000000000000
00000000000000000000000000000001000000000000000000100000000000000000000000000000
00000000000000000000000000000010000000000000000000100000000000000000000000000000
00000000000000000000000000000010000000000000000000100000000000000000000000000000
00000000000000000000000000000100000000000100000000100000000000000000000000000000
00000000000000000000000000000100000011111100000000100000000011100000000000000000
00000000000000000000011111111111111110000000000000110000001110000000000000000000
00000000000000000000000000001000000010000000000000010011110000000000000000000000
00000000000000000000000000011000000100000000000000011100000000000000000000000000
00000000000000000000000000010000000100000000000011101000000000000000000000000000
00000000000000000000000000110000000100000000011100001000000000000000000000000000
00000000000000000000000000100000000100000111100000000100000000000000000000000000
00000000000000000000000001100000001100000100000000000110000000000000000000000000
00000000000000000000000000111100001000000000000000000011000000000000000000000000
00000000000000000000000000000111001000000000000000000001000000000000000000000000
00000000000000000000000000000000111000000000000000000001100000000000000000000000
00000000000000000000000000000000111100000000000000000000100000000000000000000000
00000000000000000000000000000000100011000000000000000000100000000000000000000000
00000000000000000000000000000001100000111010000000000001100000000000000000000000
00000000000000000000000000100011000000000111111111111110000000000000000000000000
00000000000000000000000000011100000000000001100000000000000000000000000000000000
00000000000000000000000000000000000000000000000000000000000000000000000000000000
00000000000000000000000000000000000000000000000000000000000000000000000000000000
00000000000000000000000000000000000000000000000000000000000000000000000000000000
00000000000000000000000000000000000000000000000000000000000000000000000000000000
00000000000000000000000000000000000000000000000000000000000000000000000000000000
00000000000000000000000000000000000000000000000000000000000000000000000000000000
00000000000000000000000000000000000000000000000000000000000000000000000000000000
00000000000000000000000000000000000000000000000000000000000000000000000000000000
00000000000000000000000000000000000000000000000000000000000000000000000000000000
00000000000000000000000000000000000000000000000000000000000000000000000000000000
00000000000000000000000000000000000000000000000000000000000000000000000000000000
00000000000000000000000000000000000000000000000000000000000000000000000000000000
00000000000000000000000000000000000000000000000000000000000000000000000000000000
