00000000000000000000000000000000000000000000000000000000000000000000000000000000
00000000000000000000000000000000000000000000000000000000000000000000000000000000
00000000000000000000000000000000000000000000000000000000000000000000000000000000
00000000000000000000000000000000000000000000000000000000000000000000000000000000
00000000000000000000000000000000000000000000000000000000000000000000000000000000
00000000000000000000000000000000000000000000000000000000000000000000000000000000
00000000000000000000000000000000000000000000000000000000000000000000000000000000
00000000000000000000000000000000000000000000000000000000000000000000000000000000
00000000000000000000000000000000000000000000000000000000000000000000000000000000
00000000000000000000000000000000000000000000000000000000000000000000000000000000
00000000000000000000000000000000000000000000000000000000000000000000000000000000
00000000000000000000000000000000000000000000000000000000000000000000000000000000
00000000000000000000000000000000000000000000000000000000000000000000000000000000
00000000000000000000000000000000000000000000000000000000000000000000000000000000
00000000000000000000000000000100000000000000000000000000000000000000000000000000
00000000000000000000000000000100000000000000000000000000000000000000000000000000
00000000000000000000000000000100000000000000000000000000000000000000000000000000
00000000000000000000000000000100000000000000000001000000000000000000000000000000
00000000000000000000000000000100000000000000111101100000000000000000000000000000
00000000000000000000000000000100000001100011000000100000000000000000000000000000
00000000000000000000000000000100000000111100000001100000000000000000000000000000
00000000000000000000000000000100000000000000000001000000000000000000000000000000
00000000000000000000000000000100000000000000000001000000000000000000000000000000
00000000000000000000000000001000000000000000000011000000000000000000000000000000
00000000000000000000000000001000000111000000000010000000000000000000000000000000
00000000000000000000000111111111111100000000000010000000000000000000000000000000
00000000000000000011111000011000000000000000000010000000000000000000000000000000
00000000000000000000000000010000000010000000000010000000110000000000000000000000
00000000000000000000000000010000000010000000000001111111100000000000000000000000
00000000000000000000000000100000000010000111111111000000000000000000000000000000
00000000000000000000000000100000000110011000000000100000000000000000000000000000
00000000000000000000000001000000000100000000000000110000000000000000000000000000
00000000000000000000000011000000000100000000000000011000000000000000000000000000
00000000000000000000000010000000000100000000000000001000000000000000000000000000
00000000000000000000000011000000001000000000000000001100000000000000000000000000
00000000000000000000000000100000001000000000000000000100000000000000000000000000
00000000000000000000000000011000001000000000000000000110000000000000000000000000
00000000000000000000000000000100011000000000000000000010000000000000000000000000
00000000000000000000000000000011010000000000000000000010000000000000000000000000
00000000000000000000000000000000110000000000000000000010000000000000000000000000
00000000000000000000000000000000110000000001000000000010000000000000000000000000
00000000000000000000000000000000101100000000100000000110000000000000000000000000
00000000000000000000000000000001100110000000011000001100000000000000000000000000
00000000000000000000000100000001000001000000000111111000000000000000000000000000
00000000000000000000000010000010000000100010000000000000000000000000000000000000
00000000000000000000000011000010000000011010000000000000000000000000000000000000
00000000000000000000000001111100000000001010000000000000000000000000000000000000
00000000000000000000000000000000000000000110000000000000000000000000000000000000
00000000000000000000000000000000000000000011000000000000000000000000000000000000
00000000000000000000000000000000000000000000000000000000000000000000000000000000
00000000000000000000000000000000000000000000000000000000000000000000000000000000
00000000000000000000000000000000000000000000000000000000000000000000000000000000
00000000000000000000000000000000000000000000000000000000000000000000000000000000
00000000000000000000000000000000000000000000000000000000000000000000000000000000
00000000000000000000000000000000000000000000000000000000000000000000000000000000
00000000000000000000000000000000000000000000000000000000000000000000000000000000
00000000000000000000000000000000000000000000000000000000000000000000000000000000
00000000000000000000000000000000000000000000000000000000000000000000000000000000
00000000000000000000000000000000000000000000000000000000000000000000000000000000
00000000000000000000000000000000000000000000000000000000000000000000000000000000
