00000000000000000000000000000000000000000000000000000000000000000000000000000000
00000000000000000000000000000000000000000000000000000000000000000000000000000000
00000000000000000000000000000000000000000000000000000000000000000000000000000000
00000000000000000000000000000000000000000000000000000000000000000000000000000000
00000000000000000000000000000000000000000000000000000000000000000000000000000000
00000000000000000000000000000000000000000000000000000000000000000000000000000000
00000000000000000000000000000000000000000000000000000000000000000000000000000000
00000000000000000000000000000000000000000000000000000000000000000000000000000000
00000000000000000000000000000000000000000000000000000000000000000000000000000000
00000000000000000000000000000000000000000000000000000000000000000000000000000000
00000000000000000000000000000000000000000000000000000000000000000000000000000000
00000000000000000000000000000000000000000000000000000000000000000000000000000000
00000000000000000000000000000000000000000000000000000000000000000000000000000000
00000000000000000000000000000100000000000000000000000000000000000000000000000000
00000000000000000000000000000100000000000000000000111100000000000000000000000000
00000000000000000000000000000100000000000000000111000100000000000000000000000000
00000000000000000000000000000100000000000000011100000100000000000000000000000000
00000000000000000000000000000100000000000011100000000100000000000000000000000000
00000000000000000000000000000100000000011110000000001000000000000000000000000000
00000000000000000000000000000100000000000000000000001000000000000000000000000000
00000000000000000000000000000100000000000000000000000000000000000000000000000000
00000000000000000000000000000100000000000000000000001000000000000000000000000000
00000000000000000000000000000100000000000001000000000000000000000000000000000000
00000000000000000000000000001000000000011111000000010000000000000000000000000000
00000000000000000000000000001000001111100000000000010000000000000000000000000000
00000000000000000000000000011011110000000000000000010000000000000000000000000000
00000000000000000000000001111100001000000000000000010000000000000000000000000000
00000000000000000000111111110000001000000000000000010000000000000000000000000000
00000000000000000001100001100000001000000000000000000000000111000000000000000000
00000000000000000000000001000000001000000000000000000001111000000000000000000000
00000000000000000000000001100000001000000000000001111110000000000000000000000000
00000000000000000000000000110000001000000000011111001000000000000000000000000000
00000000000000000000000000010000001000000001100000000100000000000000000000000000
00000000000000000000000000011000001000000000000000000010000000000000000000000000
00000000000000000000000000001100001000000000000000000001000000000000000000000000
00000000000000000000000000000010001000000000000000000001100000000000000000000000
00000000000000000000000000000001010000000000000000000000110000000000000000000000
00000000000000000000000000000000110000000000000000000000011000000000000000000000
00000000000000000000000000000000010000000000000000000000001100000000000000000000
00000000000000000000000000000000011000000000000000000000000000000000000000000000
00000000000000000000000000000000100110000000000000000000000110000000000000000000
00000000000000000000000000000000100010000000000000000000000010000000000000000000
00000000000000000000000000000000100001110000000000000000000010000000000000000000
00000000000000000000000000000001000000110000000000000000000010000000000000000000
00000000000000000000000000000001000000011000000000000000000010000000000000000000
00000000000000000000000001100010000000000000000000000000000010000000000000000000
00000000000000000000000000111110000000000000000000000000000000000000000000000000
00000000000000000000000000000000000000000000000000000000000010000000000000000000
00000000000000000000000000000000000000000000000011000000000010000000000000000000
00000000000000000000000000000000000000000000000000100000000010000000000000000000
00000000000000000000000000000000000000000000000000010000000000000000000000000000
00000000000000000000000000000000000000000000000000001100011000000000000000000000
00000000000000000000000000000000000000000000000000000111100000000000000000000000
00000000000000000000000000000000000000000000000000000000000000000000000000000000
00000000000000000000000000000000000000000000000000000000000000000000000000000000
00000000000000000000000000000000000000000000000000000000000000000000000000000000
00000000000000000000000000000000000000000000000000000000000000000000000000000000
00000000000000000000000000000000000000000000000000000000000000000000000000000000
00000000000000000000000000000000000000000000000000000000000000000000000000000000
00000000000000000000000000000000000000000000000000000000000000000000000000000000
