00000000000000000000000000000000000000000000000000000000000000000000000000000000
00000000000000000000000000000000000000000000000000000000000000000000000000000000
00000000000000000000000000000000000000000000000000000000000000000000000000000000
00000000000000000000000000000000000000000000000000000000000000000000000000000000
00000000000000000000000000000000000000000000000000000000000000000000000000000000
00000000000000000000000000000000000000000000000000000000000000000000000000000000
00000000000000000000000000000000000000000000000000000000000000000000000000000000
00000000000000000000000000000000000000000000000000000000000000000000000000000000
00000000000000000000000000000000000000000000000000000000000000000000000000000000
00000000000000000000000000000000000000000000000000000000000000000000000000000000
00000000000000000000000000000000000000000000000000000000000000000000000000000000
00000000000000000000000000000000000000000000000000000000000000000000000000000000
00000000000000000000000000000000000000000000000000000000000000000000000000000000
00000000000000000000000000000000000000000000000000000000000000000000000000000000
00000000000000000000000000000000000000000000000000000000000000000000000000000000
00000000000000000000000000000000000000000000000000000000000000000000000000000000
00000000000000000000000000000001000000000000000000000000000000000000000000000000
00000000000000000000000000000001000000000000000000000000000000000000000000000000
00000000000000000000000000000001000000000010111000000000000000000000000000000000
00000000000000000000000000000001000000111110001000000000000000000000000000000000
00000000000000000000000000000001000000000000001000000000000000000000000000000000
00000000000000000000000000000001000000000000011000000000000000000000000000000000
00000000000000000000000000000001000000000000010000000000000000000000000000000000
00000000000000000000000000000001000000000000010000000000000000000000000000000000
00000000000000000000000000000001000000000000100000000000000000000000000000000000
00000000000000000000000000000001000000000000100000000000000000000000000000000000
00000000000000000000000000000001111110000000100000000000000000000000000000000000
00000000000000000000000000011111100010000000100000000000100000000000000000000000
00000000000000000000001111110010000010000000100000000111100000000000000000000000
00000000000000000000001000000100000010000000100011111000000000000000000000000000
00000000000000000000000000001100000010000000111100000000000000000000000000000000
00000000000000000000000000001100000110111111010000000000000000000000000000000000
00000000000000000000000000000100000100000000001000000000000000000000000000000000
00000000000000000000000000000110000100000000001100000000000000000000000000000000
00000000000000000000000000000011001000000000000110000000000000000000000000000000
00000000000000000000000000000000111000000000000010000000000000000000000000000000
00000000000000000000000000000000110000000000000011000000000000000000000000000000
00000000000000000000000000000000111100001100000001000000000000000000000000000000
00000000000000000000000000000000100110000011000001000000000000000000000000000000
00000000000000000000000000000001100011000000110001000000000000000000000000000000
00000000000000000000000000000001000001000000001111000000000000000000000000000000
00000000000000000000000000000010000001100000000000000000000000000000000000000000
00000000000000000000000001000110000000010000000000000000000000000000000000000000
00000000000000000000000001111100000000011000000000000000000000000000000000000000
00000000000000000000000000000000000000000000000000000000000000000000000000000000
00000000000000000000000000000000000000000000000000000000000000000000000000000000
00000000000000000000000000000000000000000000000000000000000000000000000000000000
00000000000000000000000000000000000000000000000000000000000000000000000000000000
00000000000000000000000000000000000000000000000000000000000000000000000000000000
00000000000000000000000000000000000000000000000000000000000000000000000000000000
00000000000000000000000000000000000000000000000000000000000000000000000000000000
00000000000000000000000000000000000000000000000000000000000000000000000000000000
00000000000000000000000000000000000000000000000000000000000000000000000000000000
00000000000000000000000000000000000000000000000000000000000000000000000000000000
00000000000000000000000000000000000000000000000000000000000000000000000000000000
00000000000000000000000000000000000000000000000000000000000000000000000000000000
00000000000000000000000000000000000000000000000000000000000000000000000000000000
00000000000000000000000000000000000000000000000000000000000000000000000000000000
00000000000000000000000000000000000000000000000000000000000000000000000000000000
00000000000000000000000000000000000000000000000000000000000000000000000000000000
