00000000000000000000000000000000000000000000000000000000000000000000000000000000
00000000000000000000000000000000000000000000000000000000000000000000000000000000
00000000000000000000000000000000000000000000000000000000000000000000000000000000
00000000000000000000000000000000000000000000000000000000000000000000000000000000
00000000000000000000000000000000000000000000000000000000000000000000000000000000
00000000000000000000000000000000000000000000000000000000000000000000000000000000
00000000000000000000000000000000000000000000000000000000000000000000000000000000
00000000000000000000000000000000000000000000000000000000000000000000000000000000
00000000000000000000000000000000000000000000000000000000000000000000000000000000
00000000000000000000000000000000000000000000000000000000000000000000000000000000
00000000000000000000000000000000000000000000000000000000000000000000000000000000
00000000000000000000000000000000000000000000000000000000000000000000000000000000
00000000000000000000000000000000000000000000000000000000000000000000000000000000
00000000000000000000000000000000000000000000000000000000000000000000000000000000
00000000000000000000000000000000000001111111100000000000000000000000000000000000
00000000000000000000000000000000011111000000110000000000000000000000000000000000
00000000000000000000000000000011100000000000011000000000000000000000000000000000
00000000000000000000000000111100000000000000001000000000000000000000000000000000
00000000000000000000000000110000000000000000001000000000000000000000000000000000
00000000000000000000000000010000000000000000001000000000000000000000000000000000
00000000000000000000000000010000000000000000001100000000000000000000000000000000
00000000000000000000000000010000000000000000000100000000000000000000000000000000
00000000000000000000000000010000000000000000000100000000000000000000000000000000
00000000000000000000000000010000010000001000000100000000000000000000000000000000
00000000000000000000000000010000010000001000000100000000000000000000000000000000
00000000000000000000000000010000011000001000000100000000000000000000000000000000
00000000000000000000000000010000001000010000000100000000000000000000000000000000
00000000000000000000000000010000001100010000000100000000000000100000000000000000
00000000000000000000000000010000000100100000000100000000000000010000000000000000
00000000000000000000000000010000000100100000001000000000000000010000000000000000
00000000000000000000000000010000000011000000001000000000000000010000000000000000
00000000000000000000000000010000000011000000001000000000000000010000000000000000
00000000000000000000000000010000000111000000001000000000000000001000000000000000
00000000000000000000000000010000001101100000001000000000000000001000000000000000
00000000000000000000000000010000011000100000011000000000000000001000000000000000
00000000000000000000000000000010110000010000010000000000000000001000000000000000
00000000000000000000000000010011100000001000010000000000000000001000000000000000
00000000000000000000000000010000000000001100010000000000000000001000000000000000
00000000000000000000000000010000000000000000010000000000000000001000000000000000
00000000000000000000000000010000000000000000010000000000000000001000000000000000
00000000000000000000000000010000000000000000010000000000000000001000000000000000
00000000000000000000000000010000000000000000010000000000000000001000000000000000
00000000000000000000000000010000000000000000011100000000000000111000000000000000
00000000000000000000000000100000000000000000000111111111111111000000000000000000
00000000000000000000000000100000000000000000000000000000000000000000000000000000
00000000000000000000000000100000000000000000000000000000000000000000000000000000
00000000000000000000000001000000000000000000000000000000000000000000000000000000
00000000000000000000000011000000000000000000000000000000000000000000000000000000
00000000000000000000000110000000000000000000000000000000000000000000000000000000
00000000000000000000000100000000000000000000000000000000000000000000000000000000
00000000000000000000000000000000000000000000000000000000000000000000000000000000
00000000000000000000000000000000000000000000000000000000000000000000000000000000
00000000000000000000000000000000000000000000000000000000000000000000000000000000
00000000000000000000000000000000000000000000000000000000000000000000000000000000
00000000000000000000000000000000000000000000000000000000000000000000000000000000
00000000000000000000000000000000000000000000000000000000000000000000000000000000
00000000000000000000000000000000000000000000000000000000000000000000000000000000
00000000000000000000000000000000000000000000000000000000000000000000000000000000
00000000000000000000000000000000000000000000000000000000000000000000000000000000
00000000000000000000000000000000000000000000000000000000000000000000000000000000
