00000000000000000000000000000000000000000000000000000000000000000000000000000000
00000000000000000000000000000000000000000000000000000000000000000000000000000000
00000000000000000000000000000000000000000000000000000000000000000000000000000000
00000000000000000000000000000000000000000000000000000000000000000000000000000000
00000000000000000000000000000000000000000000000000000000000000000000000000000000
00000000000000000000000000000000000000000000000000000000000000000000000000000000
00000000000000000000000000000000000000000000000000000000000000000000000000000000
00000000000000000000000000000000000000000000000000000000000000000000000000000000
00000000000000000000000000000000000000000000000000000000000000000000000000000000
00000000000000000000000000000000000000000000000000000000000000000000000000000000
00000000000000000000000000000000000000000000000000000000000000000000000000000000
00000000000000000000000000000000000000000000000000000000000000000000000000000000
00000000000000000000000000000000000011110000000000000000000000000000000000000000
00000000000000000000000000000000001110010000000000000000000000000000000000000000
00000000000000000000000000000000111000010000000000000000000000000000000000000000
00000000000000000000000000011111000000010000000000000000000000000000000000000000
00000000000000000000000111110000000000010000000000000000000000000000000000000000
00000000000000000000000110000000000000010000000000000000000000000000000000000000
00000000000000000000000010000000000000010000000000000000000000000000000000000000
00000000000000000000000010000000001000010000000000000000000000000000000000000000
00000000000000000000000010000110011000010000000000000000000000000000000000000000
00000000000000000000000010000011110000010000000000000000000000000000000000000000
00000000000000000000000010000001100000010000000000000000000000000000000000000000
00000000000000000000000010000001100000100000000000000000000000000000000000000000
00000000000000000000000010000001010000100000000000000000000000000000000000000000
00000000000000000000000010000011011000100000000000000000000000000000000000000000
00000000000000000000000010000110001100100000000000000000000000000000000000000000
00000000000000000000000010000000000110100000000000000000000000000000000000000000
00000000000000000000000100000000000011100000000000000000000000000000000000000000
00000000000000000000001100000000000001100000000000001000000000000000000000000000
00000000000000000000011000000000000000100000000000001000000000000000000000000000
00000000000000000000110000000000000000100000000000111000000000000000000000000000
00000000000000000001100000000000000000110000000001100000000000000000000000000000
00000000000000000001000000000000000000011111111111000000000000000000000000000000
00000000000000000000000000000000000000000000000000000000000000000000000000000000
00000000000000000000000000000000000000000000000000000000000000000000000000000000
00000000000000000000000000000000000000000000000000000000000000000000000000000000
00000000000000000000000000000000000000000000000000000000000000000000000000000000
00000000000000000000000000000000000000000000000000000000000000000000000000000000
00000000000000000000000000000000000000000000000000000000000000000000000000000000
00000000000000000000000000000000000000000000000000000000000000000000000000000000
00000000000000000000000000000000000000000000000000000000000000000000000000000000
00000000000000000000000000000000000000000000000000000000000000000000000000000000
00000000000000000000000000000000000000000000000000000000000000000000000000000000
00000000000000000000000000000000000000000000000000000000000000000000000000000000
00000000000000000000000000000000000000000000000000000000000000000000000000000000
00000000000000000000000000000000000000000000000000000000000000000000000000000000
00000000000000000000000000000000000000000000000000000000000000000000000000000000
00000000000000000000000000000000000000000000000000000000000000000000000000000000
00000000000000000000000000000000000000000000000000000000000000000000000000000000
00000000000000000000000000000000000000000000000000000000000000000000000000000000
00000000000000000000000000000000000000000000000000000000000000000000000000000000
00000000000000000000000000000000000000000000000000000000000000000000000000000000
00000000000000000000000000000000000000000000000000000000000000000000000000000000
00000000000000000000000000000000000000000000000000000000000000000000000000000000
00000000000000000000000000000000000000000000000000000000000000000000000000000000
00000000000000000000000000000000000000000000000000000000000000000000000000000000
00000000000000000000000000000000000000000000000000000000000000000000000000000000
00000000000000000000000000000000000000000000000000000000000000000000000000000000
00000000000000000000000000000000000000000000000000000000000000000000000000000000
