00000000000000000000000000000000000000000000000000000000000000000000000000000000
00000000000000000000000000000000000000000000000000000000000000000000000000000000
00000000000000000000000000000000000000000000000000000000000000000000000000000000
00000000000000000000000000000000000000000000000000000000000000000000000000000000
00000000000000000000000000000000000000000000000000000000000000000000000000000000
00000000000000000000000000000000000000000000000000000000000000000000000000000000
00000000000000000000000000000000000000000000000000000000000000000000000000000000
00000000000000000000000000000000000000000000000000000000000000000000000000000000
00000000000000000000000000000000000000000000000000000000000000000000000000000000
00000000000000000000000000000000000000000000000000000000000000000000000000000000
00000000000000000000000000000000000000000000000000000000000000000000000000000000
00000000000000000000000000000000000000000000000000000000000000000000000000000000
00000000000000000000000000000000011111110000000000000000000000000000000000000000
00000000000000000000000000000011110000001000000000000000000000000000000000000000
00000000000000000000000000000110000000001000000000000000000000000000000000000000
00000000000000000000000000000111000000001000000000000000000000000000000000000000
00000000000000000000000000000001000000001000000000000000000000000000000000000000
00000000000000000000000000000001000000001000000000000000000000000000000000000000
00000000000000000000000000000001000000001000000000000000000000000000000000000000
00000000000000000000000000000001000000001000000000000000000000000000000000000000
00000000000000000000000000000001000010001000000000000000000000000000000000000000
00000000000000000000000000000001011010001000000000000000000000000000000000000000
00000000000000000000000000000001001110001000000000000000000000000000000000000000
00000000000000000000000000000001000111101000000000000000000000000000000000000000
00000000000000000000000000000001000100111000000000000000000000000000000000000000
00000000000000000000000000000010001100010000000000000000000000000000000000000000
00000000000000000000000000000010000000010000000000000000000000000000000000000000
00000000000000000000000000000010000000010000000000000000000000000000000000000000
00000000000000000000000000000010000000010000000000000000000000000000000000000000
00000000000000000000000000000100000000100000000000000000000000000000000000000000
00000000000000000000000000000100000000100000000000000000000000000000000000000000
00000000000000000000000000000100000000100000000010000000000000000000000000000000
00000000000000000000000000001100000000110000000011000000000000000000000000000000
00000000000000000000000000001000000000010000000001000000000000000000000000000000
00000000000000000000000000011000000000010000000001000000000000000000000000000000
00000000000000000000000000010000000000001000000001000000000000000000000000000000
00000000000000000000000000100000000000000111111111000000000000000000000000000000
00000000000000000000000000000000000000000000000000000000000000000000000000000000
00000000000000000000000000000000000000000000000000000000000000000000000000000000
00000000000000000000000000000000000000000000000000000000000000000000000000000000
00000000000000000000000000000000000000000000000000000000000000000000000000000000
00000000000000000000000000000000000000000000000000000000000000000000000000000000
00000000000000000000000000000000000000000000000000000000000000000000000000000000
00000000000000000000000000000000000000000000000000000000000000000000000000000000
00000000000000000000000000000000000000000000000000000000000000000000000000000000
00000000000000000000000000000000000000000000000000000000000000000000000000000000
00000000000000000000000000000000000000000000000000000000000000000000000000000000
00000000000000000000000000000000000000000000000000000000000000000000000000000000
00000000000000000000000000000000000000000000000000000000000000000000000000000000
00000000000000000000000000000000000000000000000000000000000000000000000000000000
00000000000000000000000000000000000000000000000000000000000000000000000000000000
00000000000000000000000000000000000000000000000000000000000000000000000000000000
00000000000000000000000000000000000000000000000000000000000000000000000000000000
00000000000000000000000000000000000000000000000000000000000000000000000000000000
00000000000000000000000000000000000000000000000000000000000000000000000000000000
00000000000000000000000000000000000000000000000000000000000000000000000000000000
00000000000000000000000000000000000000000000000000000000000000000000000000000000
00000000000000000000000000000000000000000000000000000000000000000000000000000000
00000000000000000000000000000000000000000000000000000000000000000000000000000000
00000000000000000000000000000000000000000000000000000000000000000000000000000000
