00000000000000000000000000000000000000000000000000000000000000000000000000000000
00000000000000000000000000000000000000000000000000000000000000000000000000000000
00000000000000000000000000000000000000000000000000000000000000000000000000000000
00000000000000000000000000000000000000000000000000000000000000000000000000000000
00000000000000000000000000000000000000000000000000000000000000000000000000000000
00000000000000000000000000000000000000000000000000000000000000000000000000000000
00000000000000000000000000000000000000000000000000000000000000000000000000000000
00000000000000000000000000000000000000000000000000000000000000000000000000000000
00000000000000000000000000000000000000000000000000000000000000000000000000000000
00000000000000000000000000000000000000000000000000000000000000000000000000000000
00000000000000000000000000000000000011111111110000000000000000000000000000000000
00000000000000000000000000001111111110001000000000000000000000000000000000000000
00000000000000000000000000000000001000000100000000000000000000000000000000000000
00000000000000000000000000000000001000000111111100000000000000000000000000000000
00000000000000000000000000000001111111111100000100000000000000000000000000000000
00000000000000000000000001111110001100000100000100000000000000000000000000000000
00000000000000000000000000100000000100000100000100000000000000000000000000000000
00000000000000000000000000100000000100000110000100000000000000000000000000000000
00000000000000000000000000100000000100000010000100000000000000000000000000000000
00000000000000000000000000100000000100000010000100000000000000000000000000000000
00000000000000000000000000100000000100000010000100000000000000000000000000000000
00000000000000000000000000110000000011111111111100000000000000000000000000000000
00000000000000000000000000010111111111000000000000000000000000000000000000000000
00000000000000000000000000000100000001000000000000000000000000000000000000000000
00000000000000000000000000000000000001000000000000000000000000000000000000000000
00000000000000000000000000000000000001000000000000000000000000000000000000000000
00000000000000000000000000000000000001000000000000000000000000000000000000000000
00000000000000000000000000000000000011011111111000000000000000000000000000000000
00000000000000000000000000011111111111110001000000000000000000000000000000000000
00000000000000000000000000000000000110000011000000000000000000000000000000000000
00000000000000000000000000000000001100000010000000000000000000000000000000000000
00000000000000000000000000000000001000000010000000000000000000000000000000000000
00000000000000000000000000000000001100000110000000000000000000000000000000000000
00000000000000000000000000000000000110000100000000000000000000000000000000000000
00000000000000000000000000000000000011101000000000000000000000000000000000000000
00000000000000000000000000000000000000111000000000000000000000000000000000000000
00000000000000000000000000000000000000111000000000000000000000000000000000000000
00000000000000000000000000000000000001101110000000000000000000000000000000000000
00000000000000000000000000000000000111000011100000000000000000000000000000000000
00000000000000000000000000000111111100000000111000000000000000000000000000000000
00000000000000000000000000000000000000000000001000000000000000000000000000000000
00000000000000000000000000000000000000000000000000000000000000000000000000000000
00000000000000000000000000000000000000000000000000000000000000000000000000000000
00000000000000000000000000000000000000000000000000000000000000000000000000000000
00000000000000000000000000000000000000000000000000000000000000000000000000000000
00000000000000000000000000000000000000000000000000000000000000000000000000000000
00000000000000000000000000000000000000000000000000000000000000000000000000000000
00000000000000000000000000000000000000000000000000000000000000000000000000000000
00000000000000000000000000000000000000000000000000000000000000000000000000000000
00000000000000000000000000000000000000000000000000000000000000000000000000000000
00000000000000000000000000000000000000000000000000000000000000000000000000000000
00000000000000000000000000000000000000000000000000000000000000000000000000000000
00000000000000000000000000000000000000000000000000000000000000000000000000000000
00000000000000000000000000000000000000000000000000000000000000000000000000000000
00000000000000000000000000000000000000000000000000000000000000000000000000000000
00000000000000000000000000000000000000000000000000000000000000000000000000000000
00000000000000000000000000000000000000000000000000000000000000000000000000000000
00000000000000000000000000000000000000000000000000000000000000000000000000000000
00000000000000000000000000000000000000000000000000000000000000000000000000000000
00000000000000000000000000000000000000000000000000000000000000000000000000000000
