00000000000000000000000000000000000000000000000000000000000000000000000000000000
00000000000000000000000000000000000000000000000000000000000000000000000000000000
00000000000000000000000000000000000000000000000000000000000000000000000000000000
00000000000000000000000000000000000000000000000000000000000000000000000000000000
00000000000000000000000000000000000000000000000000000000000000000000000000000000
00000000000000000000000000000000000000000000000000000000000000000000000000000000
00000000000000000000000000000000000000000000000000000000000000000000000000000000
00000000000000000000000000000000000000000000000000000000000000000000000000000000
00000000000000000000000000000000000000000000000000000000000000000000000000000000
00000000000000000000000000000000000000000000000000000000000000000000000000000000
00000000000000000000000000000000000000000000000000000000000000000000000000000000
00000000000000000000000000000000000000000000000000000000000000000000000000000000
00000000000000000000000000000000000000000000000000000000000000000000000000000000
00000000000000000000000000000000000000000000000000000000000000000000000000000000
00000000000000000000000000000000000000000000000000000000000000000000000000000000
00000000000000000000000000000000000000000000000000000000000000000000000000000000
00000000000000000000000000011111111111111111110000000000000000000000000000000000
00000000000000000000000000000000000000000000000000000000000000000000000000000000
00000000000000000000000000000000000000010000000000000000000000000000000000000000
00000000000000000000000000000000010000010000000000000000000000000000000000000000
00000000000000000000000000000000010000010000000000000000000000000000000000000000
00000000000000000000001111111111111111111111111110000000000000000000000000000000
00000000000000000000000100000000010000010000000010000000000000000000000000000000
00000000000000000000000010000000010000010000000010000000000000000000000000000000
00000000000000000000000011000000010000110000000010000000000000000000000000000000
00000000000000000000000001000000010000100000000110000000000000000000000000000000
00000000000000000000000001000000010000100000001100000000000000000000000000000000
00000000000000000000000000100000010000100000001000000000000000000000000000000000
00000000000000000000000000100000011000100000010000000000000000000000000000000000
00000000000000000000000000010000000000100000110000000000000000000000000000000000
00000000000000000000000000011111111111111111100000000000000000000000000000000000
00000000000000000000000000011000000110000000000000000000000000000000000000000000
00000000000000000000000000000000000100000000000000000000000000000000000000000000
00000000000000000000000000000000000100000000000000000000000000000000000000000000
00000000000000000000000000000000001100001000000000000000000000000000000000000000
00000000000000000000000000000000001000001000000001100000000000000000000000000000
00000000000000000000000000000000011111111111111111000000000000000000000000000000
00000000000000000000000000111111111100010000000000000000000000000000000000000000
00000000000000000000000011100000110000010000000000000000000000000000000000000000
00000000000000000000000000000000100000110000000000000000000000000000000000000000
00000000000000000000000000000000110000100000000000000000000000000000000000000000
00000000000000000000000000000000011100100000000000000000000000000000000000000000
00000000000000000000000000000000000111100000000000000000000000000000000000000000
00000000000000000000000000000000000011100000000000000000000000000000000000000000
00000000000000000000000000000000000011111000000000000000000000000000000000000000
00000000000000000000000000000000000110001110000000000000000000000000000000000000
00000000000000000000000000001000001100000010000000000000000000000000000000000000
00000000000000000000000000001100011000000000000000000000000000000000000000000000
00000000000000000000000000000111100000000000000000000000000000000000000000000000
00000000000000000000000000000000000000000000000000000000000000000000000000000000
00000000000000000000000000000000000000000000000000000000000000000000000000000000
00000000000000000000000000000000000000000000000000000000000000000000000000000000
00000000000000000000000000000000000000000000000000000000000000000000000000000000
00000000000000000000000000000000000000000000000000000000000000000000000000000000
00000000000000000000000000000000000000000000000000000000000000000000000000000000
00000000000000000000000000000000000000000000000000000000000000000000000000000000
00000000000000000000000000000000000000000000000000000000000000000000000000000000
00000000000000000000000000000000000000000000000000000000000000000000000000000000
00000000000000000000000000000000000000000000000000000000000000000000000000000000
00000000000000000000000000000000000000000000000000000000000000000000000000000000
