00000000000000000000000000000000000000000000000000000000000000000000000000000000
00000000000000000000000000000000000000000000000000000000000000000000000000000000
00000000000000000000000000000000000000000000000000000000000000000000000000000000
00000000000000000000000000000000000000000000000000000000000000000000000000000000
00000000000000000000000000000000000000000000000000000000000000000000000000000000
00000000000000000000000000000000000000000000000000000000000000000000000000000000
00000000000000000000000000000000000000000000000000000000000000000000000000000000
00000000000000000000000000000000000000000000000000000000000000000000000000000000
00000000000000000000000000000000000000000000000000000000000000000000000000000000
00000000000000000000000000000000000000000000000000000000000000000000000000000000
00000000000000000000000000000000000000000000000000000000000000000000000000000000
00000000000000000000000000000000000000000000000000000000000000000000000000000000
00000000000000000000000000000000000000000000000000000000000000000000000000000000
00000000000000000000000000000000000000000000000000000000000000000000000000000000
00000000000000000000000000000000000000000000000000000000000000000000000000000000
00000000000000000000000000000000000000000000000000000000000000000000000000000000
00000000000000000000000111100000000000000000000000000000000000000000000000000000
00000000000111111111111000000000000000000000000000000000000000000000000000000000
00000000000000000000100000000000000000000000000000000000000000000000000000000000
00000000000000000000100000000000000000000000000000000000000000000000000000000000
00000000000000000000100000000000000000000000000000000000000000000000000000000000
00000000000000000001000000000000000000000000000000000000000000000000000000000000
00000000000000000001001111110000000000000000000000000000000000000000000000000000
00000000000000000011111000010000000000000000000000000000000000000000000000000000
00000000000000000011000000010000000000000000000000000000000000000000000000000000
00000000000000000110000000010000000000000000000000000000000000000000000000000000
00000000000000001100000000010000000000000000000000000000000000000000000000000000
00000000000000001000000000010000000000000000000000000000000000000000000000000000
00000000000000010000000000010000000000000000000000000000000000000000000000000000
00000000000000110000000000010000000000000000000000000000000000000000000000000000
00000000000001100000000000110000000000000000000000000000000000000000000000000000
00000000000011000000000000100000000000000000000000000000000000000000000000000000
00000000001110000000000000100000000000000000000000000000000000000000000000000000
00000000001000000000000001100000000000000000000000000000000000000000000000000000
00000000000000000000000001000000000000000000000000000000000000000000000000000000
00000000000000000000000011000000000000000000000000000000000000000000000000000000
00000000000000000000010110000000000000000000000000000000000000000000000000000000
00000000000000000000011100000000000000000000000000000000000000000000000000000000
00000000000000000000000000000000000000000000000000000000000000000000000000000000
00000000000000000000000000000000000000000000000000000000000000000000000000000000
00000000000000000000000000000000000000000000000000000000000000000000000000000000
00000000000000000000000000000000000000000000000000000000000000000000000000000000
00000000000000000000000000000000000000000000000000000000000000000000000000000000
00000000000000000000000000000000000000000000000000000000000000000000000000000000
00000000000000000000000000000000000000000000000000000000000000000000000000000000
00000000000000000000000000000000000000000000000000000000000000000000000000000000
00000000000000000000000000000000000000000000000000000000000000000000000000000000
00000000000000000000000000000000000000000000000000000000000000000000000000000000
00000000000000000000000000000000000000000000000000000000000000000000000000000000
00000000000000000000000000000000000000000000000000000000000000000000000000000000
00000000000000000000000000000000000000000000000000000000000000000000000000000000
00000000000000000000000000000000000000000000000000000000000000000000000000000000
00000000000000000000000000000000000000000000000000000000000000000000000000000000
00000000000000000000000000000000000000000000000000000000000000000000000000000000
00000000000000000000000000000000000000000000000000000000000000000000000000000000
00000000000000000000000000000000000000000000000000000000000000000000000000000000
00000000000000000000000000000000000000000000000000000000000000000000000000000000
00000000000000000000000000000000000000000000000000000000000000000000000000000000
00000000000000000000000000000000000000000000000000000000000000000000000000000000
00000000000000000000000000000000000000000000000000000000000000000000000000000000
