00000000000000000000000000000000000000000000000000000000000000000000000000000000
00000000000000000000000000000000000000000000000000000000000000000000000000000000
00000000000000000000000000000000000000000000000000000000000000000000000000000000
00000000000000000000000000000000000000000000000000000000000000000000000000000000
00000000000000000000000000000000000000000000000000000000000000000000000000000000
00000000000000000000000000000000000000000000000000000000000000000000000000000000
00000000000000000000000000000000000000000000000000000000000000000000000000000000
00000000000000000000000000000000000000000000000000000000000000000000000000000000
00000000000000000000000000000000000000000000000000000000000000000000000000000000
00000000000000000000000000000000000000000000000000000000000000000000000000000000
00000000000000000000000000000000000000000000000000000000000000000000000000000000
00000000000000000000000000000000000000000000000000000000000000000000000000000000
00000000000000000000000000000000000000000000000000000000000000000000000000000000
00000000000000000000000000000000000000000000000000000000000000000000000000000000
00000000000000000000000000000000000000000000000000000000000000000000000000000000
00000000000000000000000000000000000000000000000000000000000000000000000000000000
00000000000000000000000000000000000000000000000111100000000000000000000000000000
00000000000000000000000000000000000000000000111100000000000000000000000000000000
00000000000000000000000000000000000000011111000000000000000000000000000000000000
00000000000000000000000000111111111111110000000000000000000000000000000000000000
00000000000000000000000000000000000000001000000000000000000000000000000000000000
00000000000000000000000000000000000000001000000000000000000000000000000000000000
00000000000000000000000000000000000000010000000000000000000000000000000000000000
00000000000000000000000000000000000000010000000000000000000000000000000000000000
00000000000000000000000000000000000000010011111110000000000000000000000000000000
00000000000000000000000000000000000000011110000010000000000000000000000000000000
00000000000000000000000000000000000000111000000010000000000000000000000000000000
00000000000000000000000000000000000000100000000010000000000000000000000000000000
00000000000000000000000000000000000000100000000010000000000000000000000000000000
00000000000000000000000000000000000001100000000010000000000000000000000000000000
00000000000000000000000000000000000001000000000010000000000000000000000000000000
00000000000000000000000000000000000011000000000010000000000000000000000000000000
00000000000000000000000000000000000010000000000010000000000000000000000000000000
00000000000000000000000000000000000110000000000010000000000000000000000000000000
00000000000000000000000000000000000100000000000010000000000000000000000000000000
00000000000000000000000000000000001000000000000010000000000000000000000000000000
00000000000000000000000000000000010000000000000010000000000000000000000000000000
00000000000000000000000000000000110000000000000110000000000000000000000000000000
00000000000000000000000000000000000000000100000100000000000000000000000000000000
00000000000000000000000000000000000000000110000100000000000000000000000000000000
00000000000000000000000000000000000000000011001100000000000000000000000000000000
00000000000000000000000000000000000000000000111000000000000000000000000000000000
00000000000000000000000000000000000000000000000000000000000000000000000000000000
00000000000000000000000000000000000000000000000000000000000000000000000000000000
00000000000000000000000000000000000000000000000000000000000000000000000000000000
00000000000000000000000000000000000000000000000000000000000000000000000000000000
00000000000000000000000000000000000000000000000000000000000000000000000000000000
00000000000000000000000000000000000000000000000000000000000000000000000000000000
00000000000000000000000000000000000000000000000000000000000000000000000000000000
00000000000000000000000000000000000000000000000000000000000000000000000000000000
00000000000000000000000000000000000000000000000000000000000000000000000000000000
00000000000000000000000000000000000000000000000000000000000000000000000000000000
00000000000000000000000000000000000000000000000000000000000000000000000000000000
00000000000000000000000000000000000000000000000000000000000000000000000000000000
00000000000000000000000000000000000000000000000000000000000000000000000000000000
00000000000000000000000000000000000000000000000000000000000000000000000000000000
00000000000000000000000000000000000000000000000000000000000000000000000000000000
00000000000000000000000000000000000000000000000000000000000000000000000000000000
00000000000000000000000000000000000000000000000000000000000000000000000000000000
00000000000000000000000000000000000000000000000000000000000000000000000000000000
