00000000000000000000000000000000000000000000000000000000000000000000000000000000
00000000000000000000000000000000000000000000000000000000000000000000000000000000
00000000000000000000000000000000000000000000000000000000000000000000000000000000
00000000000000000000000000000000000000000000000000000000000000000000000000000000
00000000000000000000000000000000000000000000000000000000000000000000000000000000
00000000000000000000000000000000000000000000000000000000000000000000000000000000
00000000000000000000000000000000000000000000000000000000000000000000000000000000
00000000000000000000000000000000000000000000000000000000000000000000000000000000
00000000000000000000000000000000000000000000000000000000000000000000000000000000
00000000000000000000000000000000000000000000000000000000000000000000000000000000
00000000000000000000000000000000000000000000000000000000000000000000000000000000
00000000000000000000000000000000000000000000000000000000000000000000000000000000
00000000000000000000000000000000000000000000000000000000000000000000000000000000
00000000000000000000000000000000000000000000000000000000000000000000000000000000
00000000000000000000000000000000000000000000000000000000000000000000000000000000
00000000000000000000000000000000000000000000000000000000000000000000000000000000
00000000000000000000000000000000000000000001111100000000000000000000000000000000
00000000000000000000000000000111111111111110000000000000000000000000000000000000
00000000000000000000000000000000000000100000000000000000000000000000000000000000
00000000000000000000000000000000000000100000000000000000000000000000000000000000
00000000000000000000000000000000000000100000000000000000000000000000000000000000
00000000000000000000000000000000000000100000000000000000000000000000000000000000
00000000000000000000000000000000000001011111110000000000000000000000000000000000
00000000000000000000000000000000000001110000010000000000000000000000000000000000
00000000000000000000000000000000000001000000010000000000000000000000000000000000
00000000000000000000000000000000000010000000010000000000000000000000000000000000
00000000000000000000000000000000000010000000010000000000000000000000000000000000
00000000000000000000000000000000000110000000010000000000000000000000000000000000
00000000000000000000000000000000000100000000100000000000000000000000000000000000
00000000000000000000000000000000000100000000100000000000000000000000000000000000
00000000000000000000000000000000001000000001000000000000000000000000000000000000
00000000000000000000000000000000011000000001000000000000000000000000000000000000
00000000000000000000000000000000110000000011000000000000000000000000000000000000
00000000000000000000000000000001100000000010000000000000000000000000000000000000
00000000000000000000000000000000000011000110000000000000000000000000000000000000
00000000000000000000000000000000000001100100000000000000000000000000000000000000
00000000000000000000000000000000000000111100000000000000000000000000000000000000
00000000000000000000000000000000000000011000000000000000000000000000000000000000
00000000000000000000000000000000000000000000000000000000000000000000000000000000
00000000000000000000000000000000000000000000000000000000000000000000000000000000
00000000000000000000000000000000000000000000000000000000000000000000000000000000
00000000000000000000000000000000000000000000000000000000000000000000000000000000
00000000000000000000000000000000000000000000000000000000000000000000000000000000
00000000000000000000000000000000000000000000000000000000000000000000000000000000
00000000000000000000000000000000000000000000000000000000000000000000000000000000
00000000000000000000000000000000000000000000000000000000000000000000000000000000
00000000000000000000000000000000000000000000000000000000000000000000000000000000
00000000000000000000000000000000000000000000000000000000000000000000000000000000
00000000000000000000000000000000000000000000000000000000000000000000000000000000
00000000000000000000000000000000000000000000000000000000000000000000000000000000
00000000000000000000000000000000000000000000000000000000000000000000000000000000
00000000000000000000000000000000000000000000000000000000000000000000000000000000
00000000000000000000000000000000000000000000000000000000000000000000000000000000
00000000000000000000000000000000000000000000000000000000000000000000000000000000
00000000000000000000000000000000000000000000000000000000000000000000000000000000
00000000000000000000000000000000000000000000000000000000000000000000000000000000
00000000000000000000000000000000000000000000000000000000000000000000000000000000
00000000000000000000000000000000000000000000000000000000000000000000000000000000
00000000000000000000000000000000000000000000000000000000000000000000000000000000
00000000000000000000000000000000000000000000000000000000000000000000000000000000
