00000000000000000000000000000000000000000000000000000000000000000000000000000000
00000000000000000000000000000000000000000000000000000000000000000000000000000000
00000000000000000000000000000000000000000000000000000000000000000000000000000000
00000000000000000000000000000000000000000000000000000000000000000000000000000000
00000000000000000000000000000000000000000000000000000000000000000000000000000000
00000000000000000000000000000000000000000000000000000000000000000000000000000000
00000000000000000000000000000000000000000000000000000000000000000000000000000000
00000000000000000000000000000000000000000000000000000000000000000000000000000000
00000000000000000000000000000000000000000000000000000000000000000000000000000000
00000000000000000000000000000000000000000000000000000000000000000000000000000000
00000000000000000000000000000000000000000000000000000000000000000000000000000000
00000000000000000000000000000000000000000000000000000000000000000000000000000000
00000000000000000000000000000000000000000000000000000000000000000000000000000000
00000000000000000000000000000000000000000000111111111100000000000000000000000000
00000000000000000000000000000000000000111111100000000000000000000000000000000000
00000000000000000000000000001111111111000100000000000000000000000000000000000000
00000000000000000000000000000000000000000100000000000000000000000000000000000000
00000000000000000000000000000000000000000100000000000000000000000000000000000000
00000000000000000000000000000000000000000100000000000000000000000000000000000000
00000000000000000000000000000000000000000100000000000000000000000000000000000000
00000000000000000000000000000000000000000100111111110000000000000000000000000000
00000000000000000000000000000000000000001111100000011000000000000000000000000000
00000000000000000000000000000000000000001000000000001000000000000000000000000000
00000000000000000000000000000000000000001000000000001000000000000000000000000000
00000000000000000000000000000000000000011000000000001000000000000000000000000000
00000000000000000000000000000000000000010000000000001000000000000000000000000000
00000000000000000000000000000000000000010000000000011000000000000000000000000000
00000000000000000000000000000000000000100000000000010000000000000000000000000000
00000000000000000000000000000000000001100000000000010000000000000000000000000000
00000000000000000000000000000000000011000000000000100000000000000000000000000000
00000000000000000000000000000000000110000000000000100000000000000000000000000000
00000000000000000000000000000001111100000000000000100000000000000000000000000000
00000000000000000000000000000000000000000000000001100000000000000000000000000000
00000000000000000000000000000000000000000000000001000000000000000000000000000000
00000000000000000000000000000000000000000000000011000000000000000000000000000000
00000000000000000000000000000000000000000100000010000000000000000000000000000000
00000000000000000000000000000000000000000000000110000000000000000000000000000000
00000000000000000000000000000000000000000000111100000000000000000000000000000000
00000000000000000000000000000000000000000000000000000000000000000000000000000000
00000000000000000000000000000000000000000000000000000000000000000000000000000000
00000000000000000000000000000000000000000000000000000000000000000000000000000000
00000000000000000000000000000000000000000000000000000000000000000000000000000000
00000000000000000000000000000000000000000000000000000000000000000000000000000000
00000000000000000000000000000000000000000000000000000000000000000000000000000000
00000000000000000000000000000000000000000000000000000000000000000000000000000000
00000000000000000000000000000000000000000000000000000000000000000000000000000000
00000000000000000000000000000000000000000000000000000000000000000000000000000000
00000000000000000000000000000000000000000000000000000000000000000000000000000000
00000000000000000000000000000000000000000000000000000000000000000000000000000000
00000000000000000000000000000000000000000000000000000000000000000000000000000000
00000000000000000000000000000000000000000000000000000000000000000000000000000000
00000000000000000000000000000000000000000000000000000000000000000000000000000000
00000000000000000000000000000000000000000000000000000000000000000000000000000000
00000000000000000000000000000000000000000000000000000000000000000000000000000000
00000000000000000000000000000000000000000000000000000000000000000000000000000000
00000000000000000000000000000000000000000000000000000000000000000000000000000000
00000000000000000000000000000000000000000000000000000000000000000000000000000000
00000000000000000000000000000000000000000000000000000000000000000000000000000000
00000000000000000000000000000000000000000000000000000000000000000000000000000000
00000000000000000000000000000000000000000000000000000000000000000000000000000000
