00000000000000000000000000000000000000000000000000000000000000000000000000000000
00000000000000000000000000000000000000000000000000000000000000000000000000000000
00000000000000000000000000000000000000000000000000000000000000000000000000000000
00000000000000000000000000000000000000000000000000000000000000000000000000000000
00000000000000000000000000000000000000000000000000000000000000000000000000000000
00000000000000000000000000000000000000000000000000000000000000000000000000000000
00000000000000000000000000000000000000000000000000000000000000000000000000000000
00000000000000000000000000000000000000000000000000000000000000000000000000000000
00000000000000000000000000000000000000000000000000000000000000000000000000000000
00000000000000000000000000000000000000000000000000000000000000000000000000000000
00000000000000000000000000000000000000000000000000000000000000000000000000000000
00000000000000000000000000000000000000000000000000000000000000000000000000000000
00000000000000000000000000000000000000000000000000000000000000000000000000000000
00000000000000000000000000000000000000000000000000000000000000000000000000000000
00000000000000000000000000000000000000000000000000000000000000000000000000000000
00000000000000000000000000000000000000000000000000000000000000000000000000000000
00000000000000000000000000000000000000000000000000000000000000000000000000000000
00000000000000001000000000000000000000000000000000000000000000000000000000000000
00000000000000000100000000000000000000000000000000000000000000000000000000000000
00000000000000000100000000000000000000000000000000000000000000000000000000000000
00000000000000000100000000000000000000000000000000000000000000000000000000000000
00000000000000000100000000000000000000000000000000000000000000000000000000000000
00000000000000000010000000000000000000000000000000000000000000000000000000000000
00000000000000000010000000000000000000000000000000000000000000000000000000000000
00000000000000000010000000000000000000000000000000000000000000000000000000000000
00000000000000000010000000000000000000000000000000000000000000000000000000000000
00000100000000000010000000000000000000000000000000000000000000000000000000000000
00000110000000111111111111100000000000000000000000000000000000000000000000000000
00000011111111000001000000100000000000000000000000000000000000000000000000000000
00000010000000000001000000100000000000000000000000000000000000000000000000000000
00000001000000000001000000100000000000000000000000000000000000000000000000000000
00000001000000000001000000100000000000000000000000000000000000000000000000000000
00000001100000000001000001100000000000000000000000000000000000000000000000000000
00000000100000000001000011000000000000000000000000000000000000000000000000000000
00000000100000000001000110000000000000000000000000000000000000000000000000000000
00000000100000000001000100000000000000000000000000000000000000000000000000000000
00000000010000011111111111000000000000000000000000000000000000000000000000000000
00000000011111110001000001000000000000000000000000000000000000000000000000000000
00000000011000000001000000000000000000000000000000000000000000000000000000000000
00000000001000000001000000000000000000000000000000000000000000000000000000000000
00000000001000000001000000000000000000000000000000000000000000000000000000000000
00000000000000000001000000000000000000000000000000000000000000000000000000000000
00000000000000000001000000000000000000000000000000000000000000000000000000000000
00000000000000000001000000000000000000000000000000000000000000000000000000000000
00000000000000000001000000000000000000000000000000000000000000000000000000000000
00000000000000000001000000000000000000000000000000000000000000000000000000000000
00000000000000000001000000000000000000000000000000000000000000000000000000000000
00000000000000000001000000000000000000000000000000000000000000000000000000000000
00000000000000000001000000000000000000000000000000000000000000000000000000000000
00000000000000000001000000000000000000000000000000000000000000000000000000000000
00000000000000000001000000000000000000000000000000000000000000000000000000000000
00000000000000000001000000000000000000000000000000000000000000000000000000000000
00000000000000000001000000000000000000000000000000000000000000000000000000000000
00000000000000000001000000000000000000000000000000000000000000000000000000000000
00000000000000000001000000000000000000000000000000000000000000000000000000000000
00000000000000000001000000000000000000000000000000000000000000000000000000000000
00000000000000000001000000000000000000000000000000000000000000000000000000000000
00000000000000000001000000000000000000000000000000000000000000000000000000000000
00000000000000000001000000000000000000000000000000000000000000000000000000000000
00000000000000000000000000000000000000000000000000000000000000000000000000000000
