00000000000000000000000000000000000000000000000000000000000000000000000000000000
00000000000000000000000000000000000000000000000000000000000000000000000000000000
00000000000000000000000000000000000000000000000000000000000000000000000000000000
00000000000000000000000000000000000000000000000000000000000000000000000000000000
00000000000000000000000000000000000000000000000000000000000000000000000000000000
00000000000000000000000000000000000000000000000000000000000000000000000000000000
00000000000000000000000000000000000000000000000000000000000000000000000000000000
00000000000000000000000000000000000000000000000000000000000000000000000000000000
00000000000000000000000000000000000000000000000000000000000000000000000000000000
00000000000000000000000000000000000000000000000000000000000000000000000000000000
00000000000000000000000000000000000000000000000000000000000000000000000000000000
00000000000000000000000000000000000000000000000000000000000000000000000000000000
00000000000000000000000000000000000000000000000000000000000000000000000000000000
00000000000000000000000000000000000000000000000000000000000000000000000000000000
00000000000000000000000000000000000000000000000000000000000000000000000000000000
00000000000000000000000000000000000000000000000000000000000000000000000000000000
00000000000000000000000000000000000000000000000000000000000000000000000000000000
00000000000000000000000000000000000000000000000000000000000000001000000000000000
00000000000000000000000000000000000000000000000000000000000000000100000000000000
00000000000000000000000000000000000000000000000000000000000000000100000000000000
00000000000000000000000000000000000000000000000000000000000000000100000000000000
00000000000000000000000000000000000000000000000000000000000000000100000000000000
00000000000000000000000000000000000000000000000000000000000000000010000000000000
00000000000000000000000000000000000000000000000000000000000000000010000000000000
00000000000000000000000000000000000000000000000000000000000000000010000000000000
00000000000000000000000000000000000000000000000000000000000000000010000000000000
00000000000000000000000000000000000000000000000000000000100000000000010000000000
00000000000000000000000000000000000000000000000000000000110000000111111111111100
00000000000000000000000000000000000000000000000000000000011111111000001000000100
00000000000000000000000000000000000000000000000000000000010000000000001000000100
00000000000000000000000000000000000000000000000000000000001000000000001000000100
00000000000000000000000000000000000000000000000000000000001000000000001000000100
00000000000000000000000000000000000000000000000000000000001100000000001000001100
00000000000000000000000000000000000000000000000000000000000100000000001000011000
00000000000000000000000000000000000000000000000000000000000100000000001000110000
00000000000000000000000000000000000000000000000000000000000100000000001000100000
00000000000000000000000000000000000000000000000000000000000010000011111111111000
00000000000000000000000000000000000000000000000000000000000011111110001000001000
00000000000000000000000000000000000000000000000000000000000011000000001000000000
00000000000000000000000000000000000000000000000000000000000001000000001000000000
00000000000000000000000000000000000000000000000000000000000001000000001000000000
00000000000000000000000000000000000000000000000000000000000000000000001000000000
00000000000000000000000000000000000000000000000000000000000000000000001000000000
00000000000000000000000000000000000000000000000000000000000000000000001000000000
00000000000000000000000000000000000000000000000000000000000000000000001000000000
00000000000000000000000000000000000000000000000000000000000000000000001000000000
00000000000000000000000000000000000000000000000000000000000000000000001000000000
00000000000000000000000000000000000000000000000000000000000000000000001000000000
00000000000000000000000000000000000000000000000000000000000000000000001000000000
00000000000000000000000000000000000000000000000000000000000000000000001000000000
00000000000000000000000000000000000000000000000000000000000000000000001000000000
00000000000000000000000000000000000000000000000000000000000000000000001000000000
00000000000000000000000000000000000000000000000000000000000000000000001000000000
00000000000000000000000000000000000000000000000000000000000000000000001000000000
00000000000000000000000000000000000000000000000000000000000000000000001000000000
00000000000000000000000000000000000000000000000000000000000000000000001000000000
00000000000000000000000000000000000000000000000000000000000000000000001000000000
00000000000000000000000000000000000000000000000000000000000000000000001000000000
00000000000000000000000000000000000000000000000000000000000000000000001000000000
00000000000000000000000000000000000000000000000000000000000000000000000000000000
