00000000000000000000000000000000000000000000000000000000000000000000000000000000
00000000000000000000000000000000000000000000000000000000000000000000000000000000
00000000000000000000000000000000000000000000000000000000000000000000000000000000
00000000000000000000000000000000000000000000000000000000000000000000000000000000
00000000000000000000000000000000000000000000000000000000000000000000000000000000
00000000000000000000000000000000000000000000000000000000000000000000000000000000
00000000000000000000000000000000000000000000000000000000000000000000000000000000
00000000000000000000000000000000000000000000000000000000000000000000000000000000
00000000000000000000000000000000000000000000000000000000000000000000000000000000
00000000000000000000000000000000000000000000000000000000000000000000000000000000
00000000000000000000000000000000000000000000000000000000000000000000000000000000
00000000000000000000000000000000000000000000000000000000000000000000000000000000
00000000000000000000000000000000000000000000000000000000000000000000000000000000
00000000000000000000000000000000000000000000000000000000000000000000000000000000
00000000000000000000000000000000000000000000000000000000000000000000000000000000
00000000000001000000000000000000000000000000000000000000000000000000000000000000
00000000000001000000000000000000000000000000000000000000000000000000000000000000
00000000000001000000000000000000000000000000000000000000000000000000000000000000
00000000000001000000000000000000000000000000000000000000000000000000000000000000
00000000000001000000000000000000000000000000000000000000000000000000000000000000
00000000000001000000000000000000000000000000000000000000000000000000000000000000
00000000000001000000000000000000000000000000000000000000000000000000000000000000
00000000000001000000000000000000000000000000000000000000000000000000000000000000
00000000000001000000000000000000000000000000000000000000000000000000000000000000
00000000000001000000000000000000000000000000000000000000000000000000000000000000
00000000000001000000000000000000000000000000000000000000000000000000000000000000
00000000000001111111111100000000000000000000000000000000000000000000000000000000
00001111111111000000000110000000000000000000000000000000000000000000000000000000
00111000000001000000000010000000000000000000000000000000000000000000000000000000
00100000000001000000000010000000000000000000000000000000000000000000000000000000
00100000000001000000000110000000000000000000000000000000000000000000000000000000
00110000000001000000000100000000000000000000000000000000000000000000000000000000
00010000000001000000001000000000000000000000000000000000000000000000000000000000
00010000000001000000011000000000000000000000000000000000000000000000000000000000
00011000000001000000010000000000000000000000000000000000000000000000000000000000
00001000000001000000110000000000000000000000000000000000000000000000000000000000
00001000000011111111100000000000000000000000000000000000000000000000000000000000
00001111111111000001100000000000000000000000000000000000000000000000000000000000
00001100000001000000000000000000000000000000000000000000000000000000000000000000
00000000000001000000000000000000000000000000000000000000000000000000000000000000
00000000000001000000000000000000000000000000000000000000000000000000000000000000
00000000000001000000000000000000000000000000000000000000000000000000000000000000
00000000000001000000000000000000000000000000000000000000000000000000000000000000
00000000000001000000000000000000000000000000000000000000000000000000000000000000
00000000000001000000000000000000000000000000000000000000000000000000000000000000
00000000000001000000000000000000000000000000000000000000000000000000000000000000
00000000000001000000000000000000000000000000000000000000000000000000000000000000
00000000000001000000000000000000000000000000000000000000000000000000000000000000
00000000000001000000000000000000000000000000000000000000000000000000000000000000
00000000000001000000000000000000000000000000000000000000000000000000000000000000
00000000000001000000000000000000000000000000000000000000000000000000000000000000
00000000000001000000000000000000000000000000000000000000000000000000000000000000
00000000000001000000000000000000000000000000000000000000000000000000000000000000
00000000000001000000000000000000000000000000000000000000000000000000000000000000
00000000000001000000000000000000000000000000000000000000000000000000000000000000
00000000000001000000000000000000000000000000000000000000000000000000000000000000
00000000000001000000000000000000000000000000000000000000000000000000000000000000
00000000000001000000000000000000000000000000000000000000000000000000000000000000
00000000000000000000000000000000000000000000000000000000000000000000000000000000
00000000000000000000000000000000000000000000000000000000000000000000000000000000
