00000000000000000000000000000000000000000000000000000000000000000000000000000000
00000000000000000000000000000000000000000000000000000000000000000000000000000000
00000000000000000000000000000000000000000000000000000000000000000000000000000000
00000000000000000000000000000000000000000000000000000000000000000000000000000000
00000000000000000000000000000000000000000000000000000000000000000000000000000000
00000000000000000000000000000000000000000000000000000000000000000000000000000000
00000000000000000000000000000000000000000000000000000000000000000000000000000000
00000000000000000000000000000000000000000000000000000000000000000000000000000000
00000000000000000000000000000000000000000000000000000000000000000000000000000000
00000000000000000000000000000000000000000000000000000000000000000000000000000000
00000000000000000000000000000000000000000000000000000000000000000000000000000000
00000000000000000000000000000000000000000000000000000000000000000000000000000000
00000000000000000000000000000000000000000000000000000000000000111111100000000000
00000000000000000000000000000000000000000000000000000000001111110001100000000000
00000000000000000000000000000000000000000000000000111111111100000000100000000000
00000000000000000000000000000000000000111111111111110000000000000000100000000000
00000000000000001000000000111111111111110000000000000000000000000000100000000000
00000000000000001000111111110000000000000000000000000000000000000000100000000000
00000000000000001000000000000000000000000000000000000000000000000000100000000000
00000000000000001000000000000000000000000000000000000000000000000000100000000000
00000000000000001000000000000000000000000000000000000000000000000000100000000000
00000000000000001000000000000000000000000100000000000000000000000000100000000000
00000000000000001000000000000000000000000100000000000000000000000000100000000000
00000000000000001000000000000000000000000100000000000000000000000000100000000000
00000000000000001000000000000000000000000100000000000000000000000000100000000000
00000000000000001100000000000000000000000100000000000000000000000000100000000000
00000000000000001100000000000000000000000100000000000000000000000001100000000000
00000000000000000110000000000000000000000100000000000000000000000011100000000000
00000000000000000110000000000000000000000100000000000000000000000011000000000000
00000000000000000010000000000000000000000100000000000000000000000110000000000000
00000000000000000011000000000000000000000100000000000000000000001110000000000000
00000000000000000011000000000000000000000100000000000000000000001100000000000000
00000000000000000011000000000000000000000100000000000000000000011000000000000000
00000000000000000001000000000000000000000100111111111111000000111000000000000000
00000000000000000001000000000000000000000111100000000000000001100000000000000000
00000000000000000001100000000000001111111110000000000000000001100000000000000000
00000000000000000001100000000000111100000100000000000000000011100000000000000000
00000000000000000000100001111111110000000100000000000000000111000000000000000000
00000000000000000000100000000000000000000100000000000000001110000000000000000000
00000000000000000000100000000000000000000100000000000000011100000000000000000000
00000000000000000000100000000000000000000100000000000000111000000000000000000000
00000000000000000000110000000000000000000100000000000001110000000000000000000000
00000000000000000000011000000000000000000100000000000011100000000000000000000000
00000000000000000000011000000000000000000100000000000111000000000000000000000000
00000000000000000000001100000000000000000100000000001110000000000000000000000000
00000000000000000000001100000000000000000100000000011100000000000000000000000000
00000000000000000000000100000000000000000100000000111000000000000000000000000000
00000000000000000000000110000000000000000100000001110000000000000000000000000000
00000000000000000000000010000000000000000100000011100000000000000000000000000000
00000000000000000000000011000000000000000100000111000000000000000000000000000000
00000000000000000000000011100000000000000110001111110000000000000000000000000000
00000000000000000000000000111111111111111111111111000000000000000000000000000000
00000000000000000000000000000000000000000011110000000000000000000000000000000000
00000000000000000000000000000000000000000011100000000000000000000000000000000000
00000000000000000000000000000000000000000011000000000000000000000000000000000000
00000000000000000000000000000000000000000001000000000000000000000000000000000000
00000000000000000000000000000000000000000000000000000000000000000000000000000000
00000000000000000000000000000000000000000000000000000000000000000000000000000000
00000000000000000000000000000000000000000000000000000000000000000000000000000000
00000000000000000000000000000000000000000000000000000000000000000000000000000000
