00000000000000000000000000000000000000000000000000000000000000000000000000000000
00000000000000000000000000000000000000000000000000000000000000000000000000000000
00000000000000000000000000000000000000000000000000000000000000000000000000000000
00000000000000000000000000000000000000000000000000000000000000000000000000000000
00000000000000000000000000000000000000000000000000000000000000000000000000000000
00000000000000000000000000000000000000000000000000000000000000000000000000000000
00000000000000000000000000000000000000000000000000000000000000000000000000000000
00000000000000000000000000000000000000000000000000000000000000000000000000000000
00000000000000000000000000000000000000000000000000000000000000000000000000000000
00000000000000000000000000000000000000000000000000000000000000000000000000000000
00000000000000000000000000000000000000000000000000000000000000000000000000000000
00000000000000000000000000000000000000000000000000000000000000000000000000000000
00000000000000000000000000000000000000000000000100000000000000000000000000000000
00000000000000000000000000000000000110000000000100000000000000000000000000000000
00000000000000000000000000000000000010000000001100000000000000000000000000000000
00000000000000000000000000010000000011000000011000000000000000000000000000000000
00000000000000000000000000001000000001100001100000000000000000000000000000000000
00000000000000000000000000000100000000110011011111000000000000000000000000000000
00000000000000000000000000000011000000111111110001000000000000000000000000000000
00000000000000000000000000000001111111101000000001000000000000000000000000000000
00000000000000000000000000000011110000000000000011000000000000000000000000000000
00000000000000000000000000001000000000000000001110000000000000000000000000000000
00000000000000000000000000001000000000000001110000000000000000000000000000000000
00000000000000000000000000001000001111111110000000000000000000000000000000000000
00000000000000000000000000001000011000001000000000000000000000000000000000000000
00000000000000000000000000001000000000011000000000000000000000000000000000000000
00000000000000000000000000001000000000010000000000000000000000000000000000000000
00000000000000000000000000001000000000110000000000000000000000000000000000000000
00000000000000000000000000001100000000100000000000111100000000000000000000000000
00000000000000000000000000000000000000100000000111000000000000000000000000000000
00000000000000000000000000000000000000110011111000000000000000000000000000000000
00000000000000000000000000000000000001111100000000000000000000000000000000000000
00000000000000000000000000000001111110001100000000000000000000000000000000000000
00000000000000000000000000001111000000000100000000000000000000000000000000000000
00000000000000000000000000001000000000000010000000000000000000000000000000000000
00000000000000000000000000000000000000000011000000000000000000000000000000000000
00000000000000000000000000000000000000000001000000000000000000000000000000000000
00000000000000000000000000000000000000000001000000000000000000000000000000000000
00000000000000000000000000000000000000000001000000000000000000000000000000000000
00000000000000000000000000000000000000000001000000000000000000000000000000000000
00000000000000000000000000000011000000000011000000000000000000000000000000000000
00000000000000000000000000000001100000001110000000000000000000000000000000000000
00000000000000000000000000000000111111110000000000000000000000000000000000000000
00000000000000000000000000000000000000000000000000000000000000000000000000000000
00000000000000000000000000000000000000000000000000000000000000000000000000000000
00000000000000000000000000000000000000000000000000000000000000000000000000000000
00000000000000000000000000000000000000000000000000000000000000000000000000000000
00000000000000000000000000000000000000000000000000000000000000000000000000000000
00000000000000000000000000000000000000000000000000000000000000000000000000000000
00000000000000000000000000000000000000000000000000000000000000000000000000000000
00000000000000000000000000000000000000000000000000000000000000000000000000000000
00000000000000000000000000000000000000000000000000000000000000000000000000000000
00000000000000000000000000000000000000000000000000000000000000000000000000000000
00000000000000000000000000000000000000000000000000000000000000000000000000000000
00000000000000000000000000000000000000000000000000000000000000000000000000000000
00000000000000000000000000000000000000000000000000000000000000000000000000000000
00000000000000000000000000000000000000000000000000000000000000000000000000000000
00000000000000000000000000000000000000000000000000000000000000000000000000000000
00000000000000000000000000000000000000000000000000000000000000000000000000000000
00000000000000000000000000000000000000000000000000000000000000000000000000000000
