00000000000000000000000000000000000000000000000000000000000000000000000000000000
00000000000000000000000000000000000000000000000000000000000000000000000000000000
00000000000000000000000000000000000000000000000000000000000000000000000000000000
00000000000000000000000000000000000000000000000000000000000000000000000000000000
00000000000000000000000000000000000000000000000000000000000000000000000000000000
00000000000000000000000000000000000000000000000000000000000000000000000000000000
00000000000000000000000000000000000000000000000000000000000000000000000000000000
00000000000000000000000000000000000000000000000000000000000000000000000000000000
00000000000000000000000000000000000000000000000000000000000000000000000000000000
00000000000000000000000000000000000000000000000000000000000000000000000000000000
00000000000000000000000000000000000000000000000000000000000000000000000000000000
00000000000000000000000110000000000000000100000000000000000000000000000000000000
00000000000000000000000011000011000000001100000000000000000000000000000000000000
00000000000000000000000001000001100000011000000000000000000000000000000000000000
00000000000000000000000000100000110000010000000000000000000000000000000000000000
00000000000000000000000000010000010000110000000000000000000000000000000000000000
00000000000000000000000000011000000001100000000000000000000000000000000000000000
00000000000000000000000000001110000011000000000000000000000000000000000000000000
00000000000000000000000000000000000110000000000000000000000000000000000000000000
00000000000000000000000000000000011100001100000000000000000000000000000000000000
00000000000000000000000100000000001111111100000000000000000000000000000000000000
00000000000000000000000110001111110000001100000000000000000000000000000000000000
00000000000000000000000011111000000000011000000000000000000000000000000000000000
00000000000000000000000010000000000000110000000000000000000000000000000000000000
00000000000000000000000010000111111001100000000000000000000000000000000000000000
00000000000000000000000010001100001001000000000000000000000000000000000000000000
00000000000000000000000010000000001000000000000000000000000000000000000000000000
00000000000000000000000011000000011000000000000000000000000000000000000000000000
00000000000000000000000001000000110000000000000000000000000000000000000000000000
00000000000000000000000001000000100000000000000000011000000000000000000000000000
00000000000000000000000000000000100000000011111111110000000000000000000000000000
00000000000000000000000000000000111011111100000000000000000000000000000000000000
00000000000000000000000110111110110000000000000000000000000000000000000000000000
00000000000000000000011100000000011000000000000000000000000000000000000000000000
00000000000000000000000000000000001100000000000000000000000000000000000000000000
00000000000000000000000000000000000110000000000000000000000000000000000000000000
00000000000000000000000000000000000010000000000000000000000000000000000000000000
00000000000000000000000000000000000011000000000000000000000000000000000000000000
00000000000000000000000110000000000001000000000000000000000000000000000000000000
00000000000000000000000001111000000001000000000000000000000000000000000000000000
00000000000000000000000000001111111111000000000000000000000000000000000000000000
00000000000000000000000000000000000000000000000000000000000000000000000000000000
00000000000000000000000000000000000000000000000000000000000000000000000000000000
00000000000000000000000000000000000000000000000000000000000000000000000000000000
00000000000000000000000000000000000000000000000000000000000000000000000000000000
00000000000000000000000000000000000000000000000000000000000000000000000000000000
00000000000000000000000000000000000000000000000000000000000000000000000000000000
00000000000000000000000000000000000000000000000000000000000000000000000000000000
00000000000000000000000000000000000000000000000000000000000000000000000000000000
00000000000000000000000000000000000000000000000000000000000000000000000000000000
00000000000000000000000000000000000000000000000000000000000000000000000000000000
00000000000000000000000000000000000000000000000000000000000000000000000000000000
00000000000000000000000000000000000000000000000000000000000000000000000000000000
00000000000000000000000000000000000000000000000000000000000000000000000000000000
00000000000000000000000000000000000000000000000000000000000000000000000000000000
00000000000000000000000000000000000000000000000000000000000000000000000000000000
00000000000000000000000000000000000000000000000000000000000000000000000000000000
00000000000000000000000000000000000000000000000000000000000000000000000000000000
00000000000000000000000000000000000000000000000000000000000000000000000000000000
00000000000000000000000000000000000000000000000000000000000000000000000000000000
