00000000000000000000000000000000000000000000000000000000000000000000000000000000
00000000000000000000000000000000000000000000000000000000000000000000000000000000
00000000000000000000000000000000000000000000000000000000000000000000000000000000
00000000000000000000000000000000000000000000000000000000000000000000000000000000
00000000000000000000000000000000000000000000000000000000000000000000000000000000
00000000000000000000000000000000000000000000000000000000000000000000000000000000
00000000000000000000000000000000000000000000000000000000000000000000000000000000
00000000000000000000000000000000000000000000000000000000000000000000000000000000
00000000000000000000000000000000000000000000000000000000000000000000000000000000
00000000000000000000000000000000000000000000000000000000000000000000000000000000
00000000000000000000000000000000000000000000000000000000000000000000000000000000
00000000000000000000000000000100000001000000010000000000000000000000000000000000
00000000000000000000000000000100000001000000010000000000000000000000000000000000
00000000000000000000000000000110000001000000010000000000000000000000000000000000
00000000000000000000000000000010000000100000110000000000000000000000000000000000
00000000000000000000000000000001000000110000100000000000000000000000000000000000
00000000000000000000000000000001100000010011000000000000000000000000000000000000
00000000000000000000000000000000110000011110000111000000000000000000000000000000
00000000000000000000000000000000011100001111111101000000000000000000000000000000
00000000000000000000000000000000001111111000000001000000000000000000000000000000
00000000000000000000000000000110111000000000000011000000000000000000000000000000
00000000000000000000000000000010000000000000000110000000000000000000000000000000
00000000000000000000000000000001000000000000001100000000000000000000000000000000
00000000000000000000000000000001000000111110010000000000000000000000000000000000
00000000000000000000000000000001011111100010000000000000000000000000000000000000
00000000000000000000000000000001000000000010000000000000000000000000000000000000
00000000000000000000000000000001000000000110000000000000000000000000000000000000
00000000000000000000000000000001000000000100000000000000000000000000000000000000
00000000000000000000000000000001100000001100000000000000000000000000000000000000
00000000000000000000000000000000000000001000000000000011100000000000000000000000
00000000000000000000000000000000000000001000000111111100000000000000000000000000
00000000000000000000000000000000011111111111111000000000000000000000000000000000
00000000000000000000000000111111100000000010000000000000000000000000000000000000
00000000000000000000000000000000000000000001000000000000000000000000000000000000
00000000000000000000000000000000000000000000100000000000000000000000000000000000
00000000000000000000000000000000000000000000100000000000000000000000000000000000
00000000000000000000000000000000000000000000110000000000000000000000000000000000
00000000000000000000000000000000000000000000010000000000000000000000000000000000
00000000000000000000000000000011000000000000010000000000000000000000000000000000
00000000000000000000000000000000110000000001110000000000000000000000000000000000
00000000000000000000000000000000001111111110000000000000000000000000000000000000
00000000000000000000000000000000000000000000000000000000000000000000000000000000
00000000000000000000000000000000000000000000000000000000000000000000000000000000
00000000000000000000000000000000000000000000000000000000000000000000000000000000
00000000000000000000000000000000000000000000000000000000000000000000000000000000
00000000000000000000000000000000000000000000000000000000000000000000000000000000
00000000000000000000000000000000000000000000000000000000000000000000000000000000
00000000000000000000000000000000000000000000000000000000000000000000000000000000
00000000000000000000000000000000000000000000000000000000000000000000000000000000
00000000000000000000000000000000000000000000000000000000000000000000000000000000
00000000000000000000000000000000000000000000000000000000000000000000000000000000
00000000000000000000000000000000000000000000000000000000000000000000000000000000
00000000000000000000000000000000000000000000000000000000000000000000000000000000
00000000000000000000000000000000000000000000000000000000000000000000000000000000
00000000000000000000000000000000000000000000000000000000000000000000000000000000
00000000000000000000000000000000000000000000000000000000000000000000000000000000
00000000000000000000000000000000000000000000000000000000000000000000000000000000
00000000000000000000000000000000000000000000000000000000000000000000000000000000
00000000000000000000000000000000000000000000000000000000000000000000000000000000
00000000000000000000000000000000000000000000000000000000000000000000000000000000
