00000000000000000000000000000000000000000000000000000000000000000000000000000000
00000000000000000000000000000000000000000000000000000000000000000000000000000000
00000000000000000000000000000000000000000000000000000000000000000000000000000000
00000000000000000000000000000000000000000000000000000000000000000000000000000000
00000000000000000000000000000000000000000000000000000000000000000000000000000000
00000000000000000000000000000000000000000000000000000000000000000000000000000000
00000000000000000000000000000000000000000000000000000000000000000000000000000000
00000000000000000000000000000000000000000000000000000000000000000000000000000000
00000000000000000000000000000000000000000000000000000000000000000000000000000000
00000000000000000000000000000000000000000000000010000000000000000000000000000000
00000000000000000000000000000000000000011000000010000000000000000000000000000000
00000000000000000000000000000000010000001100000010000000000000000000000000000000
00000000000000000000000000000000010000000111000110000000000000000000000000000000
00000000000000000000000000000000001000000001101100000000000000000000000000000000
00000000000000000000000000000000000110000000011000000000000000000000000000000000
00000000000000000000000000000000000011000000110000000000000000000000000000000000
00000000000000000000000000000000000000110001000000011111000000000000000000000000
00000000000000000000000000000000000000000110001111110011000000000000000000000000
00000000000000000000000000000000100000111111110000000110000000000000000000000000
00000000000000000000000000000000111111000000000000001100000000000000000000000000
00000000000000000000000000000000100000000000000000011000000000000000000000000000
00000000000000000000000000000000100000000000000001100000000000000000000000000000
00000000000000000000000000000000100000000000000110000000000000000000000000000000
00000000000000000000000000000000100000000000011000000000000000000000000000000000
00000000000000000000000000000000110011111111100000000000000000000000000000000000
00000000000000000000000000000000011100000110100000000000000000000000000000000000
00000000000000000000000000000000000000000000100000000000000000000000000000000000
00000000000000000000000000000000000000000001100000000000000000000000000000000000
00000000000000000000000000000000000000000011000000010000000000000000000000000000
00000000000000000000000000000000000000000010000011100000000000000000000000000000
00000000000000000000000000000001111111111111111100000000000000000000000000000000
00000000000000000000000000000000000000000100000000000000000000000000000000000000
00000000000000000000000000000000000000000110000000000000000000000000000000000000
00000000000000000000000000000000000000000011000000000000000000000000000000000000
00000000000000000000000000000000000000000001100000000000000000000000000000000000
00000000000000000000000000000000010000000000100000000000000000000000000000000000
00000000000000000000000000000000001000000000010000000000000000000000000000000000
00000000000000000000000000000000000100000000010000000000000000000000000000000000
00000000000000000000000000000000000011000000010000000000000000000000000000000000
00000000000000000000000000000000000001100000010000000000000000000000000000000000
00000000000000000000000000000000000000011111100000000000000000000000000000000000
00000000000000000000000000000000000000000000000000000000000000000000000000000000
00000000000000000000000000000000000000000000000000000000000000000000000000000000
00000000000000000000000000000000000000000000000000000000000000000000000000000000
00000000000000000000000000000000000000000000000000000000000000000000000000000000
00000000000000000000000000000000000000000000000000000000000000000000000000000000
00000000000000000000000000000000000000000000000000000000000000000000000000000000
00000000000000000000000000000000000000000000000000000000000000000000000000000000
00000000000000000000000000000000000000000000000000000000000000000000000000000000
00000000000000000000000000000000000000000000000000000000000000000000000000000000
00000000000000000000000000000000000000000000000000000000000000000000000000000000
00000000000000000000000000000000000000000000000000000000000000000000000000000000
00000000000000000000000000000000000000000000000000000000000000000000000000000000
00000000000000000000000000000000000000000000000000000000000000000000000000000000
00000000000000000000000000000000000000000000000000000000000000000000000000000000
00000000000000000000000000000000000000000000000000000000000000000000000000000000
00000000000000000000000000000000000000000000000000000000000000000000000000000000
00000000000000000000000000000000000000000000000000000000000000000000000000000000
00000000000000000000000000000000000000000000000000000000000000000000000000000000
00000000000000000000000000000000000000000000000000000000000000000000000000000000
