00000000000000000000000000000000000000000000000000000000000000000000000000000000
00000000000000000000000000000000000000000000000000000000000000000000000000000000
00000000000000000000000000000000000000000000000000000000000000000000000000000000
00000000000000000000000000000000000000000000000000000000000000000000000000000000
00000000000000000000000000000000000000000000000000000000000000000000000000000000
00000000000000000000000000000000000000000000000000000000000000000000000000000000
00000000000000000000000000000000000000000000000000000000000000000000000000000000
00000000000000000000000000000000000000000000000000000000000000000000000000000000
00000000000000000000000000000000000000000000000000000000000000000000000000000000
00000000000000000000000000000000000000000000000000000000000000000000000000000000
00000000000000000000000000000000000000000000000000000000000000000000000000000000
00000000000000000000000000000000000000000000000000000000000000000000000000000000
00000000000000000000000000000000000000000000000000000000000000000000000000000000
00000000000000000000000000000000000000000000000000000000000000000000000000000000
00000000000000000000000000000000000000000000000000000000000000000000000000000000
00000000000000000000000000000000000000000000000000000000000000000000000000000000
00000000000000000000000000000000000000000000000000000000000000000000000000000000
00000000000000000000000000000000000000000000000000000000000000000000000000000000
00000000000000000000000000000000000000000000000000000000000000000000000000000000
00000000000000000000000000000000000000000000000000000000000000000000000000000000
00000000000000000000000000000000000000000000000000000000000000000000000000000000
00000000000000000000000000000000000000000000000000000000000000000000000000000000
00000000000000000000000000000000000000000000100000000000000000000000000000000000
00000000000000000000000000000001100000000000100000000000000000000000000000000000
00000000000000000000000010000000100000000000100000000000000000000000000000000000
00000000000000000000000001000000010000000001100000000000000000000000000000000000
00000000000000000000000001100000011000000001000000000000000000000000000000000000
00000000000000000000000000100000001000000011000000000000000000000000000000000000
00000000000000000000000000110000001000001110000000000000000000000000000000000000
00000000000000000000000000010000000100000000000000000000000000000000000000000000
00000000000000000000000000010000000101111111111100000000000000000000000000000000
00000000000000000000000000011001111111000000000100000000000000000000000000000000
00000000000000000000001001111110000000000000000100000000000000000000000000000000
00000000000000000000001001000000000000000000011000000000000000000000000000000000
00000000000000000000001000000000000000000001110000000000000000000000000000000000
00000000000000000000001000000000000000000000000000000000000000000000000000000000
00000000000000000000001000000000000111110000000000000000000000000000000000000000
00000000000000000000001000000001111000010000000000000000000000000000000000000000
00000000000000000000001000001110000000010000000000000000000000000000000000000000
00000000000000000000001000000000000000110000000000000000000000000000000000000000
00000000000000000000001000000000000001100000000000000000000000000000000000000000
00000000000000000000001000000000000011000000000000000000000000000000000000000000
00000000000000000000001000000000000010000000000000000000000000000000000000000000
00000000000000000000001000000000000011000000000000000000000000000000000000000000
00000000000000000000000000000000000001000011110000000000000000000000000000000000
00000000000000000000000000000000000011111100011100000000000000000000000000000000
00000000000000000000000000000000111110100000000110000000000000000000000000000000
00000000000000000000000000000111100000110000000000000000000000000000000000000000
00000000000000000000000001111100000000010000000000000000000000000000000000000000
00000000000000000000000000000000000000011000000000000000000000000000000000000000
00000000000000000000000000000000000000001000000000000000000000000000000000000000
00000000000000000000000000000000000000001100000000000000000000000000000000000000
00000000000000000000000000000000000000000100000000000000000000000000000000000000
00000000000000000000000000000000000000000100000000000000000000000000000000000000
00000000000000000000000000000000100000000100000000000000000000000000000000000000
00000000000000000000000000000000010000001100000000000000000000000000000000000000
00000000000000000000000000000000001000011000000000000000000000000000000000000000
00000000000000000000000000000000000111110000000000000000000000000000000000000000
00000000000000000000000000000000000000000000000000000000000000000000000000000000
00000000000000000000000000000000000000000000000000000000000000000000000000000000
