00000000000000000000000000000000000000000000000000000000000000000000000000000000
00000000000000000000000000000000000000000000000000000000000000000000000000000000
00000000000000000000000000000000000000000000000000000000000000000000000000000000
00000000000000000000000000000000000000000000000000000000000000000000000000000000
00000000000000000000000000000000000000000000000000000000000000000000000000000000
00000000000000000000000000000000000000000000000000000000000000000000000000000000
00000000000000000000000000000000000000000000000000000000000000000000000000000000
00000000000000000000000000000000000110000000000000000000000000000000000000000000
00000000000000000000000000000000000011000000010000000000000000000000000000000000
00000000000000000000000000000100000001100000110000000000000000000000000000000000
00000000000000000000000000000100000000111100100000000000000000000000000000000000
00000000000000000000000000000011000000000001000000000000000000000000000000000000
00000000000000000000000000000001100000011110000000000000000000000000000000000000
00000000000000000000000000000000100011110000000000000000000000000000000000000000
00000000000000000000000000000000001100001111111111000000000000000000000000000000
00000000000000000000000000000000011111111000000001000000000000000000000000000000
00000000000000000000000001111111100000000000000001000000000000000000000000000000
00000000000000000000000001000000000000000000000001000000000000000000000000000000
00000000000000000000000001000000000000000000000110000000000000000000000000000000
00000000000000000000000001000000000000000011111100000000000000000000000000000000
00000000000000000000000001000001111111101100000000000000000000000000000000000000
00000000000000000000000001000000000000100000000000000000000000000000000000000000
00000000000000000000000001000000000000100000000000000000000000000000000000000000
00000000000000000000000001000000000000100000000000000000000000000000000000000000
00000000000000000000000001000000000000100000000000000001111000000000000000000000
00000000000000000000000000000000000000100000000001111110000000000000000000000000
00000000000000000000000000000000000000101010110100000000000000000000000000000000
00000000000000000000000000000011101010100000000000000000000000000000000000000000
00000000000000000011111111111000000000100000000000000000000000000000000000000000
00000000000000000110000000000000000000100000000000000000000000000000000000000000
00000000000000000000000000000000000000110000000000000000000000000000000000000000
00000000000000000000000000000000000000010000000000000000000000000000000000000000
00000000000000000000000000000000000000001000000000000000000000000000000000000000
00000000000000000000000000000000000000000110000000000000000000000000000000000000
00000000000000000000000000000000000000000011000000000000000000000000000000000000
00000000000000000000000000000000000000000001000000000000000000000000000000000000
00000000000000000000000110000000000000000001000000000000000000000000000000000000
00000000000000000000000011000000000000000010000000000000000000000000000000000000
00000000000000000000000000111000000000000110000000000000000000000000000000000000
00000000000000000000000000000111111111111000000000000000000000000000000000000000
00000000000000000000000000000000000000000000000000000000000000000000000000000000
00000000000000000000000000000000000000000000000000000000000000000000000000000000
00000000000000000000000000000000000000000000000000000000000000000000000000000000
00000000000000000000000000000000000000000000000000000000000000000000000000000000
00000000000000000000000000000000000000000000000000000000000000000000000000000000
00000000000000000000000000000000000000000000000000000000000000000000000000000000
00000000000000000000000000000000000000000000000000000000000000000000000000000000
00000000000000000000000000000000000000000000000000000000000000000000000000000000
00000000000000000000000000000000000000000000000000000000000000000000000000000000
00000000000000000000000000000000000000000000000000000000000000000000000000000000
00000000000000000000000000000000000000000000000000000000000000000000000000000000
00000000000000000000000000000000000000000000000000000000000000000000000000000000
00000000000000000000000000000000000000000000000000000000000000000000000000000000
00000000000000000000000000000000000000000000000000000000000000000000000000000000
00000000000000000000000000000000000000000000000000000000000000000000000000000000
00000000000000000000000000000000000000000000000000000000000000000000000000000000
00000000000000000000000000000000000000000000000000000000000000000000000000000000
00000000000000000000000000000000000000000000000000000000000000000000000000000000
00000000000000000000000000000000000000000000000000000000000000000000000000000000
00000000000000000000000000000000000000000000000000000000000000000000000000000000
