00000000000000000000000000000000000000000000000000000000000000000000000000000000
00000000000000000000000000000000000000000000000000000000000000000000000000000000
00000000000000000000000000000000000000000000000000000000000000000000000000000000
00000000000000000000000000000000000000000000000000000000000000000000000000000000
00000000000000000000000000000000000000000000000000000000000000000000000000000000
00000000000000000000000000000000000000000000000000000000000000000000000000000000
00000000000000000000000000000000000000000000000000000000000000000000000000000000
00000000000000000000000000000000000000000000000000000000000000000000000000000000
00000000000000000000000000000000000000000000000000000000000000000000000000000000
00000000000000000000000000000000000000000000000000000000000000000000000000000000
00000000000000000000000000000000000000000000000000000000000000000000000000000000
00000000000000000000000000000000000000000000000000000000000000000000000000000000
00000000000000000000000000000000000000000000000000000000000000000000000000000000
00000000000000000000000000000000000000000000000000000000000000000000000000000000
00000000000000000000000000000000000000000000000000000000000000000000000000000000
00000000000000000000000000000000000000000000000000000000000000000000000000000000
00000000000000000000000000000000000000000000000000000000000000000000000000000000
00000000000000000000000000000000000000000000000000000000000000000000000000000000
00000000000000000000000000000000000000000000000000000000000000000000000000000000
00000000000000000000000000000000000000000000000000000000000000000000000000000000
00000000000000000000000000000000000000000000000000000000000000000000000000000000
00000000000000000000000000000000000000000000000000000000000000000000000000000000
00000000000000000000000000000000000000000000000000000000000000000000000000000000
00000000000000000000000000000000000000000000000000000000000000000000000000000000
00000000000000000000000000000000000000000000000000000000000000000000000000000000
00000000000000000000000000000000000000000000000000000000000000000000000000000000
00000000000000000000000010000000000000000000000000000000000000000000000000000000
00000000000100000000000010000000000000000000000000000000000000000000000000000000
00000000000110000000000010000000000000000000000000000000000000000000000000000000
00001000000000010000000000010000000000000000000000000000000000000000000000000000
00001100000000011000000000100000000000000000000000000000000000000000000000000000
00000110000000001000000011100000000000000000000000000000000000000000000000000000
00000010000000001100000110000000000000000000000000000000000000000000000000000000
00000011000000000101111111110000000000000000000000000000000000000000000000000000
00000001100001111111000000011000000000000000000000000000000000000000000000000000
00001111111110000000000000001000000000000000000000000000000000000000000000000000
00001000000000000000000000111000000000000000000000000000000000000000000000000000
00001000000000000000000111100000000000000000000000000000000000000000000000000000
00001000000000000000011100000000000000000000000000000000000000000000000000000000
00001000000100000000000000000000000000000000000000000000000000000000000000000000
00001000000111111111000000000000000000000000000000000000000000000000000000000000
00001000000000000001000000000000000000000000000000000000000000000000000000000000
00001100000000000011000000000000000000000000000000000000000000000000000000000000
00000100000000000110000000000000000000000000000000000000000000000000000000000000
00000000000000001100000000000000000000000000000000000000000000000000000000000000
00000000000000001000000000000000000000000000000000000000000000000000000000000000
00000000000000001000000000000000000000000000000000000000000000000000000000000000
00000000000000001000111111111111100000000000000000000000000000000000000000000000
00000111111111111111000000000000100000000000000000000000000000000000000000000000
00000000000000000100000000000000000000000000000000000000000000000000000000000000
00000000000000000010000000000000000000000000000000000000000000000000000000000000
00000000000000000010000000000000000000000000000000000000000000000000000000000000
00000000000000000001000000000000000000000000000000000000000000000000000000000000
00000000000000000000100000000000000000000000000000000000000000000000000000000000
00000000000000000000110000000000000000000000000000000000000000000000000000000000
00000000000000000000010000000000000000000000000000000000000000000000000000000000
00000000000011000000010000000000000000000000000000000000000000000000000000000000
00000000000000110000110000000000000000000000000000000000000000000000000000000000
00000000000000011111000000000000000000000000000000000000000000000000000000000000
00000000000000000000000000000000000000000000000000000000000000000000000000000000
