00000000000000000000000000000000000000000000000000000000000000000000000000000000
00000000000000000000000000000000000000000000000000000000000000000000000000000000
00000000000000000000000000000000000000000000000000000000000000000000000000000000
00000000000000000000000000000000000000000000000000000000000000000000000000000000
00000000000000000000000000000000000000000000000000000000000000000000000000000000
00000000000000000000000000000000000000000000000000000000000000000000000000000000
00000000000000000000000000000000000000000000000000000000000000000000000000000000
00000000000000000000000000000000000000000000000000000000000000000000000000000000
00000000000000000000000000000000000000000000000000000000000000000000000000000000
00000000000000000000000000000000000000000000000000000000000000000000000000000000
00000000000000000000000000000000000000000000000000000000000000000000000000000000
00000000000000000000000000000000000000000000000000000000000000000000000000000000
00000000000000000000000000000000000000000000000000000000000000000000000000000000
00000000000000000000000000000000000000000000000000000000000000000000000000000000
00000000000000000000000000000000000000000000000000000000000000000000000000000000
00000000000000000000000000000000000000000000000000000000000000000000000000000000
00000000000000000000000000000000000000000000000000000000000000000000000000000000
00000000000000000000000000000000000000000000000000000000000000000000000000000000
00000000000000000000000000000000000000000000000000000000000000000000000000000000
00000000000000000000000000000000000000000000000000000000000000000000000000000000
00000000000000000000000000000000000000000000000000000000000000000000000000000000
00000000000000000000000000000000000000000000000000000000000000000000000000000000
00000000000000000000000000000000000000000000000000000000000000000000000000000000
00000000000000000000000000000000000000000000000000000000000000000000000000000000
00000000000000000000000000000000000000000000000000000000000000000000000000000000
00000000000000000000000000000000000000000000000000000000000000000000000000000000
00000000000000000000000000000000000000000000000000000010000000000000000000000000
00000000000000000000000000000000000000000100000000000010000000000000000000000000
00000000000000000000000000000000000000000110000000000010000000000000000000000000
00000000000000000000000000000000001000000000010000000000010000000000000000000000
00000000000000000000000000000000001100000000011000000000100000000000000000000000
00000000000000000000000000000000000110000000001000000011100000000000000000000000
00000000000000000000000000000000000010000000001100000110000000000000000000000000
00000000000000000000000000000000000011000000000101111111110000000000000000000000
00000000000000000000000000000000000001100001111111000000011000000000000000000000
00000000000000000000000000000000001111111110000000000000001000000000000000000000
00000000000000000000000000000000001000000000000000000000111000000000000000000000
00000000000000000000000000000000001000000000000000000111100000000000000000000000
00000000000000000000000000000000001000000000000000011100000000000000000000000000
00000000000000000000000000000000001000000100000000000000000000000000000000000000
00000000000000000000000000000000001000000111111111000000000000000000000000000000
00000000000000000000000000000000001000000000000001000000000000000000000000000000
00000000000000000000000000000000001100000000000011000000000000000000000000000000
00000000000000000000000000000000000100000000000110000000000000000000000000000000
00000000000000000000000000000000000000000000001100000000000000000000000000000000
00000000000000000000000000000000000000000000001000000000000000000000000000000000
00000000000000000000000000000000000000000000001000000000000000000000000000000000
00000000000000000000000000000000000000000000001000111111111111100000000000000000
00000000000000000000000000000000000111111111111111000000000000100000000000000000
00000000000000000000000000000000000000000000000100000000000000000000000000000000
00000000000000000000000000000000000000000000000010000000000000000000000000000000
00000000000000000000000000000000000000000000000010000000000000000000000000000000
00000000000000000000000000000000000000000000000001000000000000000000000000000000
00000000000000000000000000000000000000000000000000100000000000000000000000000000
00000000000000000000000000000000000000000000000000110000000000000000000000000000
00000000000000000000000000000000000000000000000000010000000000000000000000000000
00000000000000000000000000000000000000000011000000010000000000000000000000000000
00000000000000000000000000000000000000000000110000110000000000000000000000000000
00000000000000000000000000000000000000000000011111000000000000000000000000000000
00000000000000000000000000000000000000000000000000000000000000000000000000000000
