00000000000000000000000000000000000000000000000000000000000000000000000000000000
00000000000000000000000000000000000000000000000000000000000000000000000000000000
00000000000000000000000000000000000000000000000000000000000000000000000000000000
00000000000000000000000000000000000000000000000000000000000000000000000000000000
00000000000000000000000000000000000000000000000000000000000000000000000000000000
00000000000000000000000000000000000000000000000000000000000000000000000000000000
00000000000000000000000000000000000000000000000000000000000000000000000000000000
00000000000000000000000000000000000000000000000000000000000000000000000000000000
00000000000000000000000000000000000000000000000000000000000000000000000000000000
00000000000000000000000000000000000000000000000000000000000000000000000000000000
00000000000000000000000000000000000000000000000000000000000000000000000000000000
00000000000000000000000000000000000000000000000000000000000000000000000000000000
00000000000000000000000000000000000000000000000000000000000000000000000000000000
00000000000000000000000000000000000000000000000000000000000000000000000000000000
00000000000000000000000000000000000000000000111110000000000000000000000000000000
00000000000000000000000000000000000000001111000001000000000000000000000000000000
00000000000000000000000000000000000001110000000001000000000000000000000000000000
00000000000000000000000000000000011110000000000001000000000000000000000000000000
00000000000000000000000100011111100000000000000001000000000000000000000000000000
00000000000000000000000110000000000000000000000001000000000000000000000000000000
00000000000000000000000010000000000000000000000001000000000000000000000000000000
00000000000000000000000011000000000000000000000001000000000000000000000000000000
00000000000000000000000001000000000000000000000001000000000000000000000000000000
00000000000000000000000001100000000000000000000001000000000000000000000000000000
00000000000000000000000000100000001000000000100001000000000000000000000000000000
00000000000000000000000000100000001000000000100001000000000000000000000000000000
00000000000000000000000000100011001000001110100001000000000000000000000000000000
00000000000000000000000000010001101000000011000001000000000000000000000000000000
00000000000000000000000000010000111000000001110001000000000000000000000000000000
00000000000000000000000000010000011100000011011001000000000000000000000000000000
00000000000000000000000000011000110111011010001001000000000000000000000000000000
00000000000000000000000000001011100001001100000010000000000000000000000000000000
00000000000000000000000000001000000000000000000010000000000000000000000000000000
00000000000000000000000000001000000000000000000010000000000000000000000000000000
00000000000000000000000000001000000000000000000010000000000000000000000000000000
00000000000000000000000000001000000000000000000010000000000000000000000000000000
00000000000000000000000000001000000000000000000010000000000000000000000000000000
00000000000000000000000000001100000000000000000110000000000000000000000000000000
00000000000000000000000000000100000000000000000100000000000000000000000000000000
00000000000000000000000000000100000000001000000100000000000000000000000000000000
00000000000000000000000000000100000000000100000100000000000000000000000000000000
00000000000000000000000000000100000000000010001100000000000000000000000000000000
00000000000000000000000000000100000000000001001000000000000000000000000000000000
00000000000000000000000000000000000000000001111000000000000000000000000000000000
00000000000000000000000000000000000000000000110000000000000000000000000000000000
00000000000000000000000000000000000000000000000000000000000000000000000000000000
00000000000000000000000000000000000000000000000000000000000000000000000000000000
00000000000000000000000000000000000000000000000000000000000000000000000000000000
00000000000000000000000000000000000000000000000000000000000000000000000000000000
00000000000000000000000000000000000000000000000000000000000000000000000000000000
00000000000000000000000000000000000000000000000000000000000000000000000000000000
00000000000000000000000000000000000000000000000000000000000000000000000000000000
00000000000000000000000000000000000000000000000000000000000000000000000000000000
00000000000000000000000000000000000000000000000000000000000000000000000000000000
00000000000000000000000000000000000000000000000000000000000000000000000000000000
00000000000000000000000000000000000000000000000000000000000000000000000000000000
00000000000000000000000000000000000000000000000000000000000000000000000000000000
00000000000000000000000000000000000000000000000000000000000000000000000000000000
00000000000000000000000000000000000000000000000000000000000000000000000000000000
00000000000000000000000000000000000000000000000000000000000000000000000000000000
