00000000000000000000000000000000000000000000000000000000000000000000000000000000
00000000000000000000000000000000000000000000000000000000000000000000000000000000
00000000000000000000000000000000000000000000000000000000000000000000000000000000
00000000000000000000000000000000000000000000000000000000000000000000000000000000
00000000000000000000000000000000000000000000000000000000000000000000000000000000
00000000000000000000000000000000000000000000000000000000000000000000000000000000
00000000000000000000000000000000000000000000000000000000000000000000000000000000
00000000000000000000000000000000000000000000000000000000000000000000000000000000
00000000000000000000000000000000000000000000000000000000000000000000000000000000
00000000000000000000000000000000000000000000000000000000000000000000000000000000
00000000000000000000000000000000000000000000000000000000000000000000000000000000
00000000000000000000000000000000000000000000000000000000000000000000000000000000
00000000000000000000000000000000000000000000000000000000000000000000000000000000
00000000000000000000000000000000000000000000000000000000000000000000000000000000
00000000000000000000000000000000000000000111110000000000000000000000000000000000
00000000000000000000000000000000000011111000011000000000000000000000000000000000
00000000000000000000000000000000111110000000001000000000000000000000000000000000
00000000000000000000000000000111000000000000001100000000000000000000000000000000
00000000000000000000000001111100000000000000000100000000000000000000000000000000
00000000000000000000000001000000000000000000000100000000000000000000000000000000
00000000000000000000000001000000000000000000000100000000000000000000000000000000
00000000000000000000000001000000000000000000000100000000000000000000000000000000
00000000000000000000000001000000010000001000000100000000000000000000000000000000
00000000000000000000000001000000010000001000000100000000000000000000000000000000
00000000000000000000000001001100010011001000000100000000000000000000000000000000
00000000000000000000000001000110010001110000000100000000000000000000000000000000
00000000000000000000000001000011100000110000000100000000000000000000000000000000
00000000000000000000000001000001100000101100000100000000000000000000000000000000
00000000000000000000000001000011111001100110001000000000000000000000000000000000
00000000000000000000000001001110000111000011001000000000000000000000000000000000
00000000000000000000000001000000000000000001101000000000000000000000000000000000
00000000000000000000000001000000000000000000001000000000000000000000000000000000
00000000000000000000000001000000000000000000011000000000000000000000000000000000
00000000000000000000000001000000000000000000010000000000000000000000000000000000
00000000000000000000000001000000000000000000010000000000000000000000000000000000
00000000000000000000000001000000000000100000010000000000000000000000000000000000
00000000000000000000000000100000000000010000110000000000000000000000000000000000
00000000000000000000000000110000000000001000100000000000000000000000000000000000
00000000000000000000000000110000000000000100100000000000000000000000000000000000
00000000000000000000000000000000000000000011100000000000000000000000000000000000
00000000000000000000000000000000000000000000000000000000000000000000000000000000
00000000000000000000000000000000000000000000000000000000000000000000000000000000
00000000000000000000000000000000000000000000000000000000000000000000000000000000
00000000000000000000000000000000000000000000000000000000000000000000000000000000
00000000000000000000000000000000000000000000000000000000000000000000000000000000
00000000000000000000000000000000000000000000000000000000000000000000000000000000
00000000000000000000000000000000000000000000000000000000000000000000000000000000
00000000000000000000000000000000000000000000000000000000000000000000000000000000
00000000000000000000000000000000000000000000000000000000000000000000000000000000
00000000000000000000000000000000000000000000000000000000000000000000000000000000
00000000000000000000000000000000000000000000000000000000000000000000000000000000
00000000000000000000000000000000000000000000000000000000000000000000000000000000
00000000000000000000000000000000000000000000000000000000000000000000000000000000
00000000000000000000000000000000000000000000000000000000000000000000000000000000
00000000000000000000000000000000000000000000000000000000000000000000000000000000
00000000000000000000000000000000000000000000000000000000000000000000000000000000
00000000000000000000000000000000000000000000000000000000000000000000000000000000
00000000000000000000000000000000000000000000000000000000000000000000000000000000
00000000000000000000000000000000000000000000000000000000000000000000000000000000
00000000000000000000000000000000000000000000000000000000000000000000000000000000
