00000000000000000000000000000000000000000000000000000000000000000000000000000000
00000000000000000000000000000000000000000000000000000000000000000000000000000000
00000000000000000000000000000000000000000000000000000000000000000000000000000000
00000000000000000000000000000000000000000000000000000000000000000000000000000000
00000000000000000000000000000000000000000000000000000000000000000000000000000000
00000000000000000000000000000000000000000000000000000000000000000000000000000000
00000000000000000000000000000000000000000000000000000000000000000000000000000000
00000000000000000000000000000000000000000000000000000000000000000000000000000000
00000000000000000000000000000000000000000000000000000000000000000000000000000000
00000000000000000000000000000000000000000000000000000000000000000000000000000000
00000000000000000000000000000000000000000000000000000000000000000000000000000000
00000000000000000000000000000000000000000000000000000000000000000000000000000000
00000000000000000000000000000000000000000000000000000000000000000000000000000000
00000000000000000000000000000000000000000000000000000000000000000000000000000000
00000000000000000000000000000000000000001111000000000000000000000000000000000000
00000000000000000000000000000000001111111001100000000000000000000000000000000000
00000000000000000000000000011111111000000000110000000000000000000000000000000000
00000000000000000000000000010000000000000000010000000000000000000000000000000000
00000000000000000000000000010000000000000000010000000000000000000000000000000000
00000000000000000000000000010000000000000000010000000000000000000000000000000000
00000000000000000000000000010000000000000000011000000000000000000000000000000000
00000000000000000000000000010000000000000000001000000000000000000000000000000000
00000000000000000000000000010000000000000100001000000000000000000000000000000000
00000000000000000000000000010000010000000100001000000000000000000000000000000000
00000000000000000000000000010000010000000100001000000000000000000000000000000000
00000000000000000000000000010000010000000100001000000000000000000000000000000000
00000000000000000000000000010001111000011100000100000000000000000000000000000000
00000000000000000000000000010000011111100110000100000000000000000000000000000000
00000000000000000000000000010000010000000111100100000000000000000000000000000000
00000000000000000000000000010000010000000100110100000000000000000000000000000000
00000000000000000000000000010000010000001100000100000000000000000000000000000000
00000000000000000000000000010000100000001000000100000000000000000000000000000000
00000000000000000000000000010000000000000000000100000000000000000000000000000000
00000000000000000000000000010000000000000000000100000000000000000000000000000000
00000000000000000000000000010000000000000000000100000000000000000000000000000000
00000000000000000000000000010000000000000010000100000000000000000000000000000000
00000000000000000000000000010000000000000001000100000000000000000000000000000000
00000000000000000000000000010000000000000000110100000000000000000000000000000000
00000000000000000000000000010000000000000000011100000000000000000000000000000000
00000000000000000000000000010000000000000000001100000000000000000000000000000000
00000000000000000000000000010000000000000000000000000000000000000000000000000000
00000000000000000000000000000000000000000000000000000000000000000000000000000000
00000000000000000000000000000000000000000000000000000000000000000000000000000000
00000000000000000000000000000000000000000000000000000000000000000000000000000000
00000000000000000000000000000000000000000000000000000000000000000000000000000000
00000000000000000000000000000000000000000000000000000000000000000000000000000000
00000000000000000000000000000000000000000000000000000000000000000000000000000000
00000000000000000000000000000000000000000000000000000000000000000000000000000000
00000000000000000000000000000000000000000000000000000000000000000000000000000000
00000000000000000000000000000000000000000000000000000000000000000000000000000000
00000000000000000000000000000000000000000000000000000000000000000000000000000000
00000000000000000000000000000000000000000000000000000000000000000000000000000000
00000000000000000000000000000000000000000000000000000000000000000000000000000000
00000000000000000000000000000000000000000000000000000000000000000000000000000000
00000000000000000000000000000000000000000000000000000000000000000000000000000000
00000000000000000000000000000000000000000000000000000000000000000000000000000000
00000000000000000000000000000000000000000000000000000000000000000000000000000000
00000000000000000000000000000000000000000000000000000000000000000000000000000000
00000000000000000000000000000000000000000000000000000000000000000000000000000000
00000000000000000000000000000000000000000000000000000000000000000000000000000000
