00000000000000000000000000000000000000000000000000000000000000000000000000000000
00000000000000000000000000000000000000000000000000000000000000000000000000000000
00000000000000000000000000000000000000000000000000000000000000000000000000000000
00000000000000000000000000000000000000000000000000000000000000000000000000000000
00000000000000000000000000000000000000000000000000000000000000000000000000000000
00000000000000000000000000000000000000000000000000000000000000000000000000000000
00000000000000000000000000000000000000000000000000000000000000000000000000000000
00000000000000000000000000000000000000000000000000000000000000000000000000000000
00000000000000000000000000000000000000000000000000000000000000000000000000000000
00000000000000000000000000000000000000000000000000000000000000000000000000000000
00000000000000000000000000000000000000000000000000000000000000000000000000000000
00000000000000000000000000000000000000000000000000000000000000000000000000000000
00000000000000000000000000000000000000000000000000000000000000000000000000000000
00000000000000000000000000000000000000000000000000000000000000000000000000000000
00000000000000000000000000000000000000000000000000000000000000000000000000000000
00000000000000000000000000000000000000000000000000000000000000000000000000000000
00000000000000000000000000000000000000000000000000000000000000000000000000000000
00000000000000000000000000000000000000000000000000000000000000000000000000000000
00000000000000000000000000000000000000000000000000000000000000000000000000000000
00000000000000000000000000000000000000000000000000000000000000000000000000000000
00000000000000000000000000000000000000000000000000000000000000000000000000000000
00000000000000000000000000000000000000000000000000000000000000000000000000000000
00000000000000000000000000000000000000000000000000000000000000000000000000000000
00000000000000000000000000001000000000000000000000000000000000000000000000000000
00000000000000000000000000001000000000000000000000000000000000000000000000000000
00000000000000000000000000001100000000000000000000000000000000000000000000000000
00000000000000000000000000000100000000000110000000000000000000000000000000000000
00000000000000000000000000000110000000000010000000000000000000000000000000000000
00000000000000000000000000000010000000000011000000000000000000000000000000000000
00000000000000000000000000000010000000000001000000000000000000000000000000000000
00000000000000000000000000000010000010000000001111100000000000000000000000000000
00000000000000000000000000000010000011111111110000100000000000000000000000000000
00000000000000000000000000000010000000000001000000000000000000000000000000000000
00000000000000000000000000000010111111111001000000000000000000000000000000000000
00000000000000000111111111111111000000000011000000000000000000000000000000000000
00000000000000000000000000000010000000000010011100000000000000000000000000000000
00000000000000000000000000000111000000000010000110000000000000000000000000000000
00000000000000000000000000001111100000000100000001100000000000000000000000000000
00000000000000000000000000001010110000000100000001111000000000000000000000000000
00000000000000000000000000011010010000000100000001001100000000000000000000000000
00000000000000000000000000010010011000001110000011000110000000000000000000000000
00000000000000000000000000100010001000011010000010000010000000000000000000000000
00000000000000000000000001000010000000110001000110000000000000000000000000000000
00000000000000000000000011000010000000100000101100000000000000000000000000000000
00000000000000000000000110000100000000000000111000000000000000000000000000000000
00000000000000000000011000000100000000000000011000000000000000000000000000000000
00000000000000000000010000000100000000000000011100000000000000000000000000000000
00000000000000000000000000000100000000000000110100000000000000000000000000000000
00000000000000000000000000000100000000000001100110000000000000000000000000000000
00000000000000000000000000000100000000000011000011000000000000000000000000000000
00000000000000000000000000000100000000001110000001100000000000000000000000000000
00000000000000000000000000000100000000011000000000110000000000000000000000000000
00000000000000000000000000000101000011100000000000011000000000000000000000000000
00000000000000000000000000011001111100000000000000001100000000000000000000000000
00000000000000000000000000011000000000000000000000000110000000000000000000000000
00000000000000000000000000011000000000000000000000000011000000000000000000000000
00000000000000000000000000011000000000000000000000000001110000000000000000000000
00000000000000000000000000011000000000000000000000000000000000000000000000000000
00000000000000000000000000001000000000000000000000000000000000000000000000000000
00000000000000000000000000000000000000000000000000000000000000000000000000000000
