00000000000000000000000000000000000000000000000000000000000000000000000000000000
00000000000000000000000000000000000000000000000000000000000000000000000000000000
00000000000000000000000000000000000000000000000000000000000000000000000000000000
00000000000000000000000000000000000000000000000000000000000000000000000000000000
00000000000000000000000000000000000000000000000000000000000000000000000000000000
00000000000000000000000000000000000000000000000000000000000000000000000000000000
00000000000000000000000000000000000000000000000000000000000000000000000000000000
00000000000000000000000000000000000000000000000000000000000000000000000000000000
00000000000000000000000000000000000000000000000000000000000000000000000000000000
00000000000000000000000000000000000000000000000000000000000000000000000000000000
00000000000000000000000000000000000000000000000000000000000000000000000000000000
00000000000000000000000000000000000000000000000000000000000000000000000000000000
00000000000000000000000000000000000000000000000000000000000000000000000000000000
00000000000000000000000000000000000000000000000000000000000000000000000000000000
00000000000000000000000000000000000000000000000000000000000000000000000000000000
00000000000000000000000000000000000000000000000000000000000000000000000000000000
00000000000000000000000000000000000000000000000000000000000000000000000000000000
00000000000000000000000010000000000000000000000000000000000000000000000000000000
00000000000000000000000010000000000000000000000000000000000000000000000000000000
00000000000000000000000010000000000000000000000000000000000000000000000000000000
00000000000000000000000010000000000001100000000000000000000000000000000000000000
00000000000000000000000010000000000000100000000000000000000000000000000000000000
00000000000000000000000010000000000000110000000000000000000000000000000000000000
00000000000000000000000010000000000000010000001111000000000000000000000000000000
00000000000000000000000010000000000000000111111000000000000000000000000000000000
00000000000000000000000010000000000011111000000000000000000000000000000000000000
00000000000000000000000010000000001110000000000000000000000000000000000000000000
00000000000000000000000011000000000000001000000000000000000000000000000000000000
00000000000000000000000001001111100000001000000000000000000000000000000000000000
00000000000000010000000000111111000000000011001100000000000000000000000000000000
00000000000000011111111111001000000000000010000110000000000000000000000000000000
00000000000000000000000000001000000000000110000011000000000000000000000000000000
00000000000000000000000000001100000000001100000001110000000000000000000000000000
00000000000000000000000000011010000000001000000000111000000000000000000000000000
00000000000000000000000000101011000000010000000000101100000000000000000000000000
00000000000000000000000001101001100000110000000000100110000000000000000000000000
00000000000000000000000011001000110001100000000001100011000000000000000000000000
00000000000000000000000110001000011000001100000001000000000000000000000000000000
00000000000000000000000100001000000000000011000011000000000000000000000000000000
00000000000000000000001000001000000000000001100010000000000000000000000000000000
00000000000000000000011000001000000000000000110100000000000000000000000000000000
00000000000000000000110000001000000000000000011100000000000000000000000000000000
00000000000000000001100000001000000000000000001100000000000000000000000000000000
00000000000000000011000000001000000000000000011011000000000000000000000000000000
00000000000000000110000000001000000000000000010001100000000000000000000000000000
00000000000000011000000000001000000000000000100000110000000000000000000000000000
00000000000000110000000000001000000000000001100000001100000000000000000000000000
00000000000000000000000000001000000000000001000000000111000000000000000000000000
00000000000000000000000000001000000000000011000000000001100000000000000000000000
00000000000000000000000000001000000000000110000000000000011100000000000000000000
00000000000000000000000000001000000000000100000000000000000111000000000000000000
00000000000000000000000000001000000000001000000000000000000001110000000000000000
00000000000000000000000000001000000000011000000000000000000000000000000000000000
00000000000000000000000000001000000000110000000000000000000000000000000000000000
00000000000000000000000000001000010011100000000000000000000000000000000000000000
00000000000000000000000000001000011110000000000000000000000000000000000000000000
00000000000000000000000000001000000000000000000000000000000000000000000000000000
00000000000000000000000000001000000000000000000000000000000000000000000000000000
00000000000000000000000000001000000000000000000000000000000000000000000000000000
00000000000000000000000000000000000000000000000000000000000000000000000000000000
