00000000000000000000000000000000000000000000000000000000000000000000000000000000
00000000000000000000000000000000000000000000000000000000000000000000000000000000
00000000000000000000000000000000000000000000000000000000000000000000000000000000
00000000000000000000000000000000000000000000000000000000000000000000000000000000
00000000000000000000000000000000000000000000000000000000000000000000000000000000
00000000000000000000000000000000000000000000000000000000000000000000000000000000
00000000000000000000000000000000000000000000000000000000000000000000000000000000
00000000000000000000000000000000000000000000000000000000000000000000000000000000
00000000000000000000000000000000000000000000000000000000000000000000000000000000
00000000000000000000000000000000000000000000000000000000000000000000000000000000
00000000000000000000000000000000000000000000000000000000000000000000000000000000
00000000000000000000000000000000000000000000000000000000000000000000000000000000
00000000000000000000000000000000000000000000000000000000000000000000000000000000
00000000000000000000000000000000000000000000000000000000000000000000000000000000
00000000000000000000000000000000000000000000000000000000000000000000000000000000
00000000000000000000000000000000000000000000000000000000000000000000000000000000
00000000000000000000001000000000000000000000000000000000000000000000000000000000
00000000000000000000001000000000000000000000000000000000000000000000000000000000
00000000000000000000001000000000000000000000000000000000000000000000000000000000
00000000000000000000001000000000000000000000000000000000000000000000000000000000
00000000000000000000000100000000000000011000000000000000000000000000000000000000
00000000000000000000000100000000000000001000000000000000000000000000000000000000
00000000000000000000000100000000000000000100000000000000000000000000000000000000
00000000000000000000000100000000000000000110000000000000000000000000000000000000
00000000000000000000000100000000000000000011000000000000000000000000000000000000
00000000000000000000000100000000000000000000111111110000000000000000000000000000
00000000000000000000000100000000001000011111000000000000000000000000000000000000
00000000000000000000000100000000001111100000000000000000000000000000000000000000
00000000000000000000000100000000000000000000000000000000000000000000000000000000
00000000000000000000000100000000000000011000001000000000000000000000000000000000
00000000000000000000000100000111111000010000001110000000000000000000000000000000
00000000000000001100000000111111100000000110000000010000000000000000000000000000
00000000000000000011111111100000000000001100000000011100000000000000000000000000
00000000000000000000000000100000000000011000000000010110000000000000000000000000
00000000000000000000000000100000000000110000000000010011000000000000000000000000
00000000000000000000000001111000000001100000000000110001100000000000000000000000
00000000000000000000000011101000000011001000000000100000000000000000000000000000
00000000000000000000000110100100000000000110000001100000000000000000000000000000
00000000000000000000001100100111000000000011000001000000000000000000000000000000
00000000000000000000011000100011000000000001100001000000000000000000000000000000
00000000000000000001100000100001000000000000100010000000000000000000000000000000
00000000000000000011000000100000000000000000011010000000000000000000000000000000
00000000000000000100000000100000000000000000001100000000000000000000000000000000
00000000000000000000000000100000000000000000000100000000000000000000000000000000
00000000000000000000000000100000000000000000001110000000000000000000000000000000
00000000000000000000000000100000000000000000001001000000000000000000000000000000
00000000000000000000000000100000000000000000010000100000000000000000000000000000
00000000000000000000000001100000000000000000100000110000000000000000000000000000
00000000000000000000000001000000000000000001100000011000000000000000000000000000
00000000000000000000000001000000000000000110000000000110000000000000000000000000
00000000000000000000000001000000001000011100000000000011000000000000000000000000
00000000000000000000000001000000000111110000000000000001100000000000000000000000
00000000000000000000000001000000000000000000000000000000111000000000000000000000
00000000000000000000000010000000000000000000000000000000001111000000000000000000
00000000000000000000000010000000000000000000000000000000000000100000000000000000
00000000000000000000000110000000000000000000000000000000000000000000000000000000
00000000000000000000000110000000000000000000000000000000000000000000000000000000
00000000000000000000000110000000000000000000000000000000000000000000000000000000
00000000000000000000000000000000000000000000000000000000000000000000000000000000
00000000000000000000000000000000000000000000000000000000000000000000000000000000
