00000000000000000000000000000000000000000000000000000000000000000000000000000000
00000000000000000000000000000000000000000000000000000000000000000000000000000000
00000000000000000000000000000000000000000000000000000000000000000000000000000000
00000000000000000000000000000000000000000000000000000000000000000000000000000000
00000000000000000000000000000000000000000000000000000000000000000000000000000000
00000000000000000000000000000000000000000000000000000000000000000000000000000000
00000000000000000000000000000000000000000000000000000000000000000000000000000000
00000000000000000000000000000000000000000000000000000000000000000000000000000000
00000000000000000000000000000000000000000000000000000000000000000000000000000000
00000000000000000000000000000000000000000000000000000000000000000000000000000000
00000000000000000000000000000000000000000000000000000000000000000000000000000000
00000000000000000000000000000000000000000000000000000000000000000000000000000000
00000000000000000000000000000000000000000000000000000000000000000000000000000000
00000000000000000000000000000000000000000000000000000000000000000000000000000000
00000000000000000000000000000000001000000000000000000000000000000000000000000000
00000000000000000000000000000000011000000000000000000000000000000000000000000000
00000000000000000000000000000000110000000001111000000000000000000000000000000000
00000000000000000000000000000001100000000111001100000000000000000000000000000000
00000000000000000000000000000011000000011100000100000000000000000000000000000000
00000000000000000000000000011100001000110000000100000000000000000000000000000000
00000000000000000000000001110000001000000000000100000000000000000000000000000000
00000000000000000000000000000000011001000000000100000000000000000000000000000000
00000000000000000000000000000000110001100001111100000000000000000000000000000000
00000000000000000000000000000001100000100110000100000000000000000000000000000000
00000000000000000000000000000011100000100000001100000000000000000000000000000000
00000000000000000000000000000110100000100000001000000000000000000000000000000000
00000000000000000000000000011000100000100001111000000000000000000000000000000000
00000000000000000000000001110000100000100111000000000000000000000000000000000000
00000000000000000000000111000000100000100000000000000000000000000000000000000000
00000000000000000000000000000000100000100000000000000000000000000000000000000000
00000000000000000000000000000000100000100000000001000000000000000000000000000000
00000000000000000000000000000000100000100110000001000000000000000000000000000000
00000000000000000000000000000000100000100011000111000000000000000000000000000000
00000000000000000000000000000000100000100001111000000000000000000000000000000000
00000000000000000000000000000000110000100001111000000000000000000000000000000000
00000000000000000000000000000000010000100001001100000000000000000000000000000000
00000000000000000000000000000000010000100001000110000000000000000000000000000000
00000000000000000000000000000000010000100001000011100000000000000000000000000000
00000000000000000000000000000000010000100001000000111111110000000000000000000000
00000000000000000000000000000000010000100011000000000000011111000000000000000000
00000000000000000000000000000000010000111100000000000000000000000000000000000000
00000000000000000000000000000000010000000000000000000000000000000000000000000000
00000000000000000000000000000000010000000000000000000000000000000000000000000000
00000000000000000000000000000000010000000000000000000000000000000000000000000000
00000000000000000000000000000000010000000000000000000000000000000000000000000000
00000000000000000000000000000000010000000000000000000000000000000000000000000000
00000000000000000000000000000000000000000000000000000000000000000000000000000000
00000000000000000000000000000000000000000000000000000000000000000000000000000000
00000000000000000000000000000000000000000000000000000000000000000000000000000000
00000000000000000000000000000000000000000000000000000000000000000000000000000000
00000000000000000000000000000000000000000000000000000000000000000000000000000000
00000000000000000000000000000000000000000000000000000000000000000000000000000000
00000000000000000000000000000000000000000000000000000000000000000000000000000000
00000000000000000000000000000000000000000000000000000000000000000000000000000000
00000000000000000000000000000000000000000000000000000000000000000000000000000000
00000000000000000000000000000000000000000000000000000000000000000000000000000000
00000000000000000000000000000000000000000000000000000000000000000000000000000000
00000000000000000000000000000000000000000000000000000000000000000000000000000000
00000000000000000000000000000000000000000000000000000000000000000000000000000000
00000000000000000000000000000000000000000000000000000000000000000000000000000000
