00000000000000000000000000000000000000000000000000000000000000000000000000000000
00000000000000000000000000000000000000000000000000000000000000000000000000000000
00000000000000000000000000000000000000000000000000000000000000000000000000000000
00000000000000000000000000000000000000000000000000000000000000000000000000000000
00000000000000000000000000000000000000000000000000000000000000000000000000000000
00000000000000000000000000000000000000000000000000000000000000000000000000000000
00000000000000000000000000000000000000000000000000000000000000000000000000000000
00000000000000000000000000000000000000000000000000000000000000000000000000000000
00000000000000000000000000000000000000000000000000000000000000000000000000000000
00000000000000000000000000000010000000000000000000000000000000000000000000000000
00000000000000000000000000000010000000000000000000000000000000000000000000000000
00000000000000000000000000000010000000011111000000000000000000000000000000000000
00000000000000000000000000000110000111110001000000000000000000000000000000000000
00000000000000000000000000001100000100000001000000000000000000000000000000000000
00000000000000000000000000110000000100000001000000000000000000000000000000000000
00000000000000000000000011100010000100000001000000000000000000000000000000000000
00000000000000000000000010000010000101111111000000000000000000000000000000000000
00000000000000000000000000000110000111000001000000000000000000000000000000000000
00000000000000000000000000001100000100000011000000000000000000000000000000000000
00000000000000000000000000011100000100000010000000000000000000000000000000000000
00000000000000000000000001110100000100000110000000000000000000000000000000000000
00000000000000000000000011000100000100111110000000000000000000000000000000000000
00000000000000000000001100000100000111100000000000000000000000000000000000000000
00000000000000000000000000000100000100000000001000000000000000000000000000000000
00000000000000000000000000000100000100000000001000000000000000000000000000000000
00000000000000000000000000000100001100100000011000000000000000000000000000000000
00000000000000000000000000000100001000010000110000000000000000000000000000000000
00000000000000000000000000000100001000011111000000000000000000000000000000000000
00000000000000000000000000000010001000000110000000000000000000000000000000000000
00000000000000000000000000000010001000010011000000000000000000000000000000000000
00000000000000000000000000000010001000110001100000000000000000000000000000000000
00000000000000000000000000000010001000100000111000000000000000000000000000000000
00000000000000000000000000000010001000100000001111111111000000000000000000000000
00000000000000000000000000000010001001000000000000000000000000000000000000000000
00000000000000000000000000000010001001000000000000000000000000000000000000000000
00000000000000000000000000000010001111000000000000000000000000000000000000000000
00000000000000000000000000000000000110000000000000000000000000000000000000000000
00000000000000000000000000000000000000000000000000000000000000000000000000000000
00000000000000000000000000000000000000000000000000000000000000000000000000000000
00000000000000000000000000000000000000000000000000000000000000000000000000000000
00000000000000000000000000000000000000000000000000000000000000000000000000000000
00000000000000000000000000000000000000000000000000000000000000000000000000000000
00000000000000000000000000000000000000000000000000000000000000000000000000000000
00000000000000000000000000000000000000000000000000000000000000000000000000000000
00000000000000000000000000000000000000000000000000000000000000000000000000000000
00000000000000000000000000000000000000000000000000000000000000000000000000000000
00000000000000000000000000000000000000000000000000000000000000000000000000000000
00000000000000000000000000000000000000000000000000000000000000000000000000000000
00000000000000000000000000000000000000000000000000000000000000000000000000000000
00000000000000000000000000000000000000000000000000000000000000000000000000000000
00000000000000000000000000000000000000000000000000000000000000000000000000000000
00000000000000000000000000000000000000000000000000000000000000000000000000000000
00000000000000000000000000000000000000000000000000000000000000000000000000000000
00000000000000000000000000000000000000000000000000000000000000000000000000000000
00000000000000000000000000000000000000000000000000000000000000000000000000000000
00000000000000000000000000000000000000000000000000000000000000000000000000000000
00000000000000000000000000000000000000000000000000000000000000000000000000000000
00000000000000000000000000000000000000000000000000000000000000000000000000000000
00000000000000000000000000000000000000000000000000000000000000000000000000000000
00000000000000000000000000000000000000000000000000000000000000000000000000000000
