00000000000000000000000000000000000000000000000000000000000000000000000000000000
00000000000000000000000000000000000000000000000000000000000000000000000000000000
00000000000000000000000000000000000000000000000000000000000000000000000000000000
00000000000000000000000000000000000000000000000000000000000000000000000000000000
00000000000000000000000000000000000000000000000000000000000000000000000000000000
00000000000000000000000000000000000000000000000000000000000000000000000000000000
00000000000000000000000000000000000000000000000000000000000000000000000000000000
00000000000000000000000000000000000000000000000000000000000000000000000000000000
00000000000000000000000000000000000000000000000000000000000000000000000000000000
00000000000000000000000000000000000000000000000000000000000000000000000000000000
00000000000000000000000000000000000000000000000000000000000000000000000000000000
00000000000000000000000000000000000000000000000000000000000000000000000000000000
00000000000000000000000000000000000000000000000000000000000000000000000000000000
00000000000000000000000000000000000000000000000000000000000000000000000000000000
00000000000000000000000000000000000000000000000000000000000000000000000000000000
00000000000000000000000000000000000000000000000000000000000000000000000000000000
00000000000000000000000000000000100000000000000000000000000000000000000000000000
00000000000000000000000000000001100000000000000000000000000000000000000000000000
00000000000000000000000000000011000000000000000000000000000000000000000000000000
00000000000000000000000000000110000000000111110000000000000000000000000000000000
00000000000000000000000000111100001111111100010000000000000000000000000000000000
00000000000000000000000111100000110010000000010000000000000000000000000000000000
00000000000000000000000100000001100010000000010000000000000000000000000000000000
00000000000000000000000000000011000010000000010000000000000000000000000000000000
00000000000000000000000000000110000011111111110000000000000000000000000000000000
00000000000000000000000000011100000010000000010000000000000000000000000000000000
00000000000000000000001111100100000010000000100000000000000000000000000000000000
00000000000000000000000000000100000010000001100000000000000000000000000000000000
00000000000000000000000000000100000110111111100000000000000000000000000000000000
00000000000000000000000000000100000100000000000000000000000000000000000000000000
00000000000000000000000000000100000111000000000100000000000000000000000000000000
00000000000000000000000000000100000101100000001100000000000000000000000000000000
00000000000000000000000000000100000100110001111000000000000000000000000000000000
00000000000000000000000000000100000100011111000000000000000000000000000000000000
00000000000000000000000000000100000100001100000000000000000000000000000000000000
00000000000000000000000000000100000100000111000000000000000000000000000000000000
00000000000000000000000000000100000100001001100000000000000000000000000000000000
00000000000000000000000000000100000100010000110000000000000000000000000000000000
00000000000000000000000000000100000100110000011000000000000000000000000000000000
00000000000000000000000000000100000101100000000110000000000000000000000000000000
00000000000000000000000000000100000101000000000011111110000000000000000000000000
00000000000000000000000000000100000010000000000000000000000000000000000000000000
00000000000000000000000000000100000000000000000000000000000000000000000000000000
00000000000000000000000000000000000000000000000000000000000000000000000000000000
00000000000000000000000000000000000000000000000000000000000000000000000000000000
00000000000000000000000000000000000000000000000000000000000000000000000000000000
00000000000000000000000000000000000000000000000000000000000000000000000000000000
00000000000000000000000000000000000000000000000000000000000000000000000000000000
00000000000000000000000000000000000000000000000000000000000000000000000000000000
00000000000000000000000000000000000000000000000000000000000000000000000000000000
00000000000000000000000000000000000000000000000000000000000000000000000000000000
00000000000000000000000000000000000000000000000000000000000000000000000000000000
00000000000000000000000000000000000000000000000000000000000000000000000000000000
00000000000000000000000000000000000000000000000000000000000000000000000000000000
00000000000000000000000000000000000000000000000000000000000000000000000000000000
00000000000000000000000000000000000000000000000000000000000000000000000000000000
00000000000000000000000000000000000000000000000000000000000000000000000000000000
00000000000000000000000000000000000000000000000000000000000000000000000000000000
00000000000000000000000000000000000000000000000000000000000000000000000000000000
00000000000000000000000000000000000000000000000000000000000000000000000000000000
