00000000000000000000000000000000000000000000000000000000000000000000000000000000
00000000000000000000000000000000000000000000000000000000000000000000000000000000
00000000000000000000000000000000000000000000000000000000000000000000000000000000
00000000000000000000000000000000000000000000000000000000000000000000000000000000
00000000000000000000000000000000000000000000000000000000000000000000000000000000
00000000000000000000000000000000000000000000000000000000000000000000000000000000
00000000000000000000000000000000000000000000000000000000000000000000000000000000
00000000000000000000000000000000000000000000000000000000000000000000000000000000
00000000000000000000000000000000000000000000000000000000000000000000000000000000
00000000000000000000000000000000000000000000000000000000000000000000000000000000
00000000000000000000000000000000000000000000000000000000000000000000000000000000
00000000000000000000000000000000000000000000000000000000000000000000000000000000
00000000000000000000000000000000000000000000000000000000000000000000000000000000
00000000000000000000000000000000000000000000000000000000000000000000000000000000
00000000000000000000000000000000000000011000000000000001100000000000000000000000
00000000000000000000000000000000000000010000000001111111100000000000000000000000
00000000000000000000000000000000000000100000001111000000100000000000000000000000
00000000000000000000000000000000000001100011111000000000100000000000000000000000
00000000000000000000000000000000000001000000000000000000100000000000000000000000
00000000000000000000000000000000000110000000001000000000100000000000000000000000
00000000000000000000000000000000001100000000001000000011100000000000000000000000
00000000000000000000000000000000111000010000001111111111000000000000000000000000
00000000000000000000000000000111000000010000001000000001000000000000000000000000
00000000000000000000000000011100000000110000001000000010000000000000000000000000
00000000000000000000000000000000000000100000001000000010000000000000000000000000
00000000000000000000000000000000000001000000001000001110000000000000000000000000
00000000000000000000000000000000000011000000001011110100000000000000000000000000
00000000000000000000000000000000000010000000001110000000000000000000000000000000
00000000000000000000000000000000000100000000001000000000000000000000000000000000
00000000000000000000000000000000011110000000001000000000001000000000000000000000
00000000000000000000000000000001110010000000001000000000001000000000000000000000
00000000000000000000000000000111000011000000001000000000001000000000000000000000
00000000000000000000000000000000000001000000001001000000010000000000000000000000
00000000000000000000000000000000000001000000001001100001100000000000000000000000
00000000000000000000000000000000000001000000001000111110000000000000000000000000
00000000000000000000000000000000000001000000001000011000000000000000000000000000
00000000000000000000000000000000000001000000001000001100000000000000000000000000
00000000000000000000000000000000000001000000001000000110000000000000000000000000
00000000000000000000000000000000000001000000001000000011000000000000000000000000
00000000000000000000000000000000000001000000001000000000110000000000000000000000
00000000000000000000000000000000000001000000001000000100011000000000000000000000
00000000000000000000000000000000000001000000001000001000001110000000000000000000
00000000000000000000000000000000000001000000001100110000000011100000000000000000
00000000000000000000000000000000000011000000000101100000000000111111000000000000
00000000000000000000000000000000000010000000000010000000000000000000000000000000
00000000000000000000000000000000000000000000000000000000000000000000000000000000
00000000000000000000000000000000000000000000000000000000000000000000000000000000
00000000000000000000000000000000000000000000000000000000000000000000000000000000
00000000000000000000000000000000000000000000000000000000000000000000000000000000
00000000000000000000000000000000000000000000000000000000000000000000000000000000
00000000000000000000000000000000000000000000000000000000000000000000000000000000
00000000000000000000000000000000000000000000000000000000000000000000000000000000
00000000000000000000000000000000000000000000000000000000000000000000000000000000
00000000000000000000000000000000000000000000000000000000000000000000000000000000
00000000000000000000000000000000000000000000000000000000000000000000000000000000
00000000000000000000000000000000000000000000000000000000000000000000000000000000
00000000000000000000000000000000000000000000000000000000000000000000000000000000
00000000000000000000000000000000000000000000000000000000000000000000000000000000
00000000000000000000000000000000000000000000000000000000000000000000000000000000
00000000000000000000000000000000000000000000000000000000000000000000000000000000
