00000000000000000000000000000000000000000000000000000000000000000000000000000000
00000000000000000000000000000000000000000000000000000000000000000000000000000000
00000000000000000000000000000000000000000000000000000000000000000000000000000000
00000000000000000000000000000000000000000000000000000000000000000000000000000000
00000000000000000000000000000000000000000000000000000000000000000000000000000000
00000000000000000000000000000000000000000000000000000000000000000000000000000000
00000000000000000000000000000000000000000000000000000000000000000000000000000000
00000000000000000000000000000000000000000000000000000000000000000000000000000000
00000000000000000000000000000000000000000100000000000000000000000000000000000000
00000000000000000000000000000000000000000100000000000000000000000000000000000000
00000000000000000000000000000000000000000100000000111111100000000000000000000000
00000000000000000000000000000000000000001100011111100000100000000000000000000000
00000000000000000000000000000000000000001000000000000000100000000000000000000000
00000000000000000000000000000000000000010000010000000000100000000000000000000000
00000000000000000000000000000000000001100000011000000000100000000000000000000000
00000000000000000000000000000000000110000010011111111111100000000000000000000000
00000000000000000000000000000111111000000110011100000000100000000000000000000000
00000000000000000000000000000000000000001100000100000000100000000000000000000000
00000000000000000000000000000000000000011000000100000000100000000000000000000000
00000000000000000000000000000000000001110000000100001111100000000000000000000000
00000000000000000000000000000000000111100000000111111000000000000000000000000000
00000000000000000000000000000000111100110000000100000000000000000000000000000000
00000000000000000000000000000011100000010000000100000000100000000000000000000000
00000000000000000000000000000000000000010000000100000000100000000000000000000000
00000000000000000000000000000000000000010000000100000001100000000000000000000000
00000000000000000000000000000000000000001000000100000111000000000000000000000000
00000000000000000000000000000000000000001000000100000100000000000000000000000000
00000000000000000000000000000000000000001000000100001110000000000000000000000000
00000000000000000000000000000000000000001000000100010011000000000000000000000000
00000000000000000000000000000000000000001000000100110000110000000000000000000000
00000000000000000000000000000000000000001000000100100000011000000000000000000000
00000000000000000000000000000000000000001000000111000000000110000000000000000000
00000000000000000000000000000000000000001000000110000000000001111000000000000000
00000000000000000000000000000000000000001000000000000000000000001111110000000000
00000000000000000000000000000000000000000000000000000000000000000000000000000000
00000000000000000000000000000000000000000000000000000000000000000000000000000000
00000000000000000000000000000000000000000000000000000000000000000000000000000000
00000000000000000000000000000000000000000000000000000000000000000000000000000000
00000000000000000000000000000000000000000000000000000000000000000000000000000000
00000000000000000000000000000000000000000000000000000000000000000000000000000000
00000000000000000000000000000000000000000000000000000000000000000000000000000000
00000000000000000000000000000000000000000000000000000000000000000000000000000000
00000000000000000000000000000000000000000000000000000000000000000000000000000000
00000000000000000000000000000000000000000000000000000000000000000000000000000000
00000000000000000000000000000000000000000000000000000000000000000000000000000000
00000000000000000000000000000000000000000000000000000000000000000000000000000000
00000000000000000000000000000000000000000000000000000000000000000000000000000000
00000000000000000000000000000000000000000000000000000000000000000000000000000000
00000000000000000000000000000000000000000000000000000000000000000000000000000000
00000000000000000000000000000000000000000000000000000000000000000000000000000000
00000000000000000000000000000000000000000000000000000000000000000000000000000000
00000000000000000000000000000000000000000000000000000000000000000000000000000000
00000000000000000000000000000000000000000000000000000000000000000000000000000000
00000000000000000000000000000000000000000000000000000000000000000000000000000000
00000000000000000000000000000000000000000000000000000000000000000000000000000000
00000000000000000000000000000000000000000000000000000000000000000000000000000000
00000000000000000000000000000000000000000000000000000000000000000000000000000000
00000000000000000000000000000000000000000000000000000000000000000000000000000000
00000000000000000000000000000000000000000000000000000000000000000000000000000000
00000000000000000000000000000000000000000000000000000000000000000000000000000000
