00000000000000000000000000000000000000000000000000000000000000000000000000000000
00000000000000000000000000000000000000000000000000000000000000000000000000000000
00000000000000000000000000000000000000000000000000000000000000000000000000000000
00000000000000000000000000000000000000000000000000000000000000000000000000000000
00000000000000000000000000000000000000000000000000000000000000000000000000000000
00000000000000000000000000000000000000000000000000000000000000000000000000000000
00000000000000000000000000000000000000000000000000000000000000000000000000000000
00000000000000000000000000000000000000000000000000000000000000000000000000000000
00000000000000000000000000000000000000000000000000000000000000000000000000000000
00000000000000000000000000000000000000000000000000000000000000000000000000000000
00000000000000000000000000000000000000000000000000000000000000000000000000000000
00000000000000000000000000000000000000000000000100000000000000000000000000000000
00000000000000000000000000000000000000000000000100000000000000000000000000000000
00000000000000000000000000000000000000000000000100000000000110000000000000000000
00000000000000000000000000000000000000000000001100000000111111000000000000000000
00000000000000000000000000000000000000000000001000001111100001000000000000000000
00000000000000000000000000000000000000000000010000000000000001000000000000000000
00000000000000000000000000000000000000000000010000000000000001000000000000000000
00000000000000000000000000000000000000000000100000100100000001000000000000000000
00000000000000000000000000000000000000000001000001100100011111000000000000000000
00000000000000000000000000000000000000000110000001000111100001000000000000000000
00000000000000000000000000000000000000011100000011000100000001000000000000000000
00000000000000000000000000000000000000110000000010000100000011000000000000000000
00000000000000000000000000000000000000000000000100000110011110000000000000000000
00000000000000000000000000000000000000000000011000000011110000000000000000000000
00000000000000000000000000000000000000000000011000000010000000000100000000000000
00000000000000000000000000000000000000000001110000000010000000001100000000000000
00000000000000000000000000000000000000000111010000000010000000001000000000000000
00000000000000000000000000000000000000000000001000000010110000011000000000000000
00000000000000000000000000000000000000000000001000000010011001110000000000000000
00000000000000000000000000000000000000000000001000000010001111000000000000000000
00000000000000000000000000000000000000000000001000000010000011000000000000000000
00000000000000000000000000000000000000000000001000000010000001100000000000000000
00000000000000000000000000000000000000000000001000000010000000111000000000000000
00000000000000000000000000000000000000000000001000000010011000001110000000000000
00000000000000000000000000000000000000000000001000000010110000000011111110000000
00000000000000000000000000000000000000000000001000000011100000000000000011100000
00000000000000000000000000000000000000000000001000000001000000000000000000000000
00000000000000000000000000000000000000000000001000000000000000000000000000000000
00000000000000000000000000000000000000000000001000000000000000000000000000000000
00000000000000000000000000000000000000000000000000000000000000000000000000000000
00000000000000000000000000000000000000000000000000000000000000000000000000000000
00000000000000000000000000000000000000000000000000000000000000000000000000000000
00000000000000000000000000000000000000000000000000000000000000000000000000000000
00000000000000000000000000000000000000000000000000000000000000000000000000000000
00000000000000000000000000000000000000000000000000000000000000000000000000000000
00000000000000000000000000000000000000000000000000000000000000000000000000000000
00000000000000000000000000000000000000000000000000000000000000000000000000000000
00000000000000000000000000000000000000000000000000000000000000000000000000000000
00000000000000000000000000000000000000000000000000000000000000000000000000000000
00000000000000000000000000000000000000000000000000000000000000000000000000000000
00000000000000000000000000000000000000000000000000000000000000000000000000000000
00000000000000000000000000000000000000000000000000000000000000000000000000000000
00000000000000000000000000000000000000000000000000000000000000000000000000000000
00000000000000000000000000000000000000000000000000000000000000000000000000000000
00000000000000000000000000000000000000000000000000000000000000000000000000000000
00000000000000000000000000000000000000000000000000000000000000000000000000000000
00000000000000000000000000000000000000000000000000000000000000000000000000000000
00000000000000000000000000000000000000000000000000000000000000000000000000000000
00000000000000000000000000000000000000000000000000000000000000000000000000000000
