00000000000000000000000000000000000000000000000000000000000000000000000000000000
00000000000000000000000000000000000000000000000000000000000000000000000000000000
00000000000000000000000000000000000000000000000000000000000000000000000000000000
00000000000000000000000000000000000000000000000000000000000000000000000000000000
00000000000000000000000000000000000000000000000000000000000000000000000000000000
00000000000000000000000000000000000000000000000000000000000000000000000000000000
00000000000000000000000000000000000000000000000000000000000000000000000000000000
00000000000000000000000000000000000000000000000000000000000000000000000000000000
00000000000000000000000000000000000000000000000000000000000000000000000000000000
00000000000000000000000000000000000000000000000000000000000000000000000000000000
00000000000000000000000000000000000000000000000000000000000000000000000000000000
00000000000000000000000000000000000000000000000000000000000000000000000000000000
00000000000000000000000000000000000000000000000000000000000000000000000000000000
00000000000000000000000000000000000000000000000000000000000000000000000000000000
00000000000000000000000000000100000000000000111000000000000000000000000000000000
00000000000000000000000000001100000000000001101000000000000000000000000000000000
00000000000000000000000000001000000000001110001000000000000000000000000000000000
00000000000000000000000000010000000001110000001000000000000000000000000000000000
00000000000000000000000000110000000111000000001000000000000000000000000000000000
00000000000000000000000001100011111100000000001000000000000000000000000000000000
00000000000000000000000011000000000100000000111000000000000000000000000000000000
00000000000000000000001110000100000100001111111000000000000000000000000000000000
00000000000000000001110000001000000101111000010000000000000000000000000000000000
00000000000000000000000000011000000100000000100000000000000000000000000000000000
00000000000000000000000000110000000100000000100000000000000000000000000000000000
00000000000000000000000000100000000100000001110000000000000000000000000000000000
00000000000000000000000001100000000100000111000000000000000000000000000000000000
00000000000000000000000010100000000111111000000000000000000000000000000000000000
00000000000000000000001100100000000100000000000001000000000000000000000000000000
00000000000000000000011000100000000100000000000001000000000000000000000000000000
00000000000000000001100000010000000100011000000011000000000000000000000000000000
00000000000000000000000000010000000100001100000110000000000000000000000000000000
00000000000000000000000000010000000100000111111100000000000000000000000000000000
00000000000000000000000000010000000100000010000000000000000000000000000000000000
00000000000000000000000000010000000010000011100000000000000000000000000000000000
00000000000000000000000000010000000010000001100000000000000000000000000000000000
00000000000000000000000000010000000010000001110000000000000000000000000000000000
00000000000000000000000000010000000010000010001000000000000000000000000000000000
00000000000000000000000000011000000010000110000110000000000000000000000000000000
00000000000000000000000000001000000011001100000011100000000000000000000000000000
00000000000000000000000000001000000001111000000000111111100000000000000000000000
00000000000000000000000000001000000000000000000000000000000000000000000000000000
00000000000000000000000000001000000000000000000000000000000000000000000000000000
00000000000000000000000000000000000000000000000000000000000000000000000000000000
00000000000000000000000000000000000000000000000000000000000000000000000000000000
00000000000000000000000000000000000000000000000000000000000000000000000000000000
00000000000000000000000000000000000000000000000000000000000000000000000000000000
00000000000000000000000000000000000000000000000000000000000000000000000000000000
00000000000000000000000000000000000000000000000000000000000000000000000000000000
00000000000000000000000000000000000000000000000000000000000000000000000000000000
00000000000000000000000000000000000000000000000000000000000000000000000000000000
00000000000000000000000000000000000000000000000000000000000000000000000000000000
00000000000000000000000000000000000000000000000000000000000000000000000000000000
00000000000000000000000000000000000000000000000000000000000000000000000000000000
00000000000000000000000000000000000000000000000000000000000000000000000000000000
00000000000000000000000000000000000000000000000000000000000000000000000000000000
00000000000000000000000000000000000000000000000000000000000000000000000000000000
00000000000000000000000000000000000000000000000000000000000000000000000000000000
00000000000000000000000000000000000000000000000000000000000000000000000000000000
00000000000000000000000000000000000000000000000000000000000000000000000000000000
