00000000000000000000000000000000000000000000000000000000000000000000000000000000
00000000000000000000000000000000000000000000000000000000000000000000000000000000
00000000000000000000000000000000000000000000000000000000000000000000000000000000
00000000000000000000000000000000000000000000000000000000000000000000000000000000
00000000000000000000000000000000000000000000000000000000000000000000000000000000
00000000000000000000000000000000000000000000000000000000000000000000000000000000
00000000000000000000000000000000000000000000000000000000000000000000000000000000
00000000000000000000000000000000000000000000000000000000000000000000000000000000
00000000000000000000000000000000000000000000000000000000000000000000000000000000
00000000000000000000000000000000000000000000000000000000000000000000000000000000
00000000000000000000000000000000000000000000000000000000000000000000000000000000
00000000000000000000000000000000000000000000000000000000000000000000000000000000
00000000000000000000000000000000000000000000000000000000000000000000000000000000
00000000000000000000000000000000010000000000000000000000000000000000000000000000
00000000000000000000000000000000110000000000000000000000000000000000000000000000
00000000000000000000000000000000100000000000000000000000000000000000000000000000
00000000000000000000000000000001100000000000001100000000000000000000000000000000
00000000000000000000000000000110000000000000111100000000000000000000000000000000
00000000000000000000000000011100001100100111000100000000000000000000000000000000
00000000000000000000000000000000001000111100000100000000000000000000000000000000
00000000000000000000000000000000010000001000000100000000000000000000000000000000
00000000000000000000000000000000110000001000000100000000000000000000000000000000
00000000000000000000000000000001100000001111111100000000000000000000000000000000
00000000000000000000000000000111000000011000000100000000000000000000000000000000
00000000000000000000000000011101000000010000000100000000000000000000000000000000
00000000000000000000000111100000100000010000001100000000000000000000000000000000
00000000000000000000011100000000100000011111111100000000000000000000000000000000
00000000000000000000000000000000100000010000000001000000000000000000000000000000
00000000000000000000000000000000100000010000000001000000000000000000000000000000
00000000000000000000000000000000100000011000000011000000000000000000000000000000
00000000000000000000000000000000010000011100011100000000000000000000000000000000
00000000000000000000000000000000010000010111110000000000000000000000000000000000
00000000000000000000000000000000010000011001100000000000000000000000000000000000
00000000000000000000000000000000010000001000110000000000000000000000000000000000
00000000000000000000000000000000010000001000011100000000000000000000000000000000
00000000000000000000000000000000001000001000100011000000000000000000000000000000
00000000000000000000000000000000001000001101100000111000000000000000000000000000
00000000000000000000000000000000001000000101000000000111111000000000000000000000
00000000000000000000000000000000001000000110000000000000000000000000000000000000
00000000000000000000000000000000001000000000000000000000000000000000000000000000
00000000000000000000000000000000001000000000000000000000000000000000000000000000
00000000000000000000000000000000001000000000000000000000000000000000000000000000
00000000000000000000000000000000001000000000000000000000000000000000000000000000
00000000000000000000000000000000000000000000000000000000000000000000000000000000
00000000000000000000000000000000000000000000000000000000000000000000000000000000
00000000000000000000000000000000000000000000000000000000000000000000000000000000
00000000000000000000000000000000000000000000000000000000000000000000000000000000
00000000000000000000000000000000000000000000000000000000000000000000000000000000
00000000000000000000000000000000000000000000000000000000000000000000000000000000
00000000000000000000000000000000000000000000000000000000000000000000000000000000
00000000000000000000000000000000000000000000000000000000000000000000000000000000
00000000000000000000000000000000000000000000000000000000000000000000000000000000
00000000000000000000000000000000000000000000000000000000000000000000000000000000
00000000000000000000000000000000000000000000000000000000000000000000000000000000
00000000000000000000000000000000000000000000000000000000000000000000000000000000
00000000000000000000000000000000000000000000000000000000000000000000000000000000
00000000000000000000000000000000000000000000000000000000000000000000000000000000
00000000000000000000000000000000000000000000000000000000000000000000000000000000
00000000000000000000000000000000000000000000000000000000000000000000000000000000
00000000000000000000000000000000000000000000000000000000000000000000000000000000
