00000000000000000000000000000000000000000000000000000000000000000000000000000000
00000000000000000000000000000000000000000000000000000000000000000000000000000000
00000000000000000000000000000000000000000000000000000000000000000000000000000000
00000000000000000000000000000000000000000000000000000000000000000000000000000000
00000000000000000000000000000000000000000000000000000000000000000000000000000000
00000000000000000000000000000000000000000000000000000000000000000000000000000000
00000000000000000000000000000000000000000000000000000000000000000000000000000000
00000000000000000000000000000000000000000000000000000000000000000000000000000000
00000000000000000000000000000000000000000000000000000000000000000000000000000000
00000000000000000000000000000000000000000000000000000000000000000000000000000000
00000000000000000000000000000000000000000000000000000000000000000000000000000000
00000000000000000000000000000000000000000000000000000000000000000000000000000000
00000000000000000000000000000000000000000000000000000000000000000000000000000000
00000000000000000000000000000000000000000000000000000000000000000000000000000000
00000000000000000000000000000000000000000000000000000000000000000000000000000000
00000000000000000000000000000000000000000000000000000000010000000000000000000000
00000000000000000000000000000000000000000000000000000000110000000000000000000000
00000000000000000000000000000000000000000000000000000000100000000000000000000000
00000000000000000000000000000000000000000000000000000011000000000000000000000000
00000000000000000000000000000000000000000000000000000110000000000010000000000000
00000000000000000000000000000000000000000000000000001100000011110011000000000000
00000000000000000000000000000000000000000000000000110000011110000001000000000000
00000000000000000000000000000000000000000000000011000000110000000001000000000000
00000000000000000000000000000000000000000000111100000000101000000001000000000000
00000000000000000000000000000000000000000000000000000001101000000001000000000000
00000000000000000000000000000000000000000000000000000011001000000001000000000000
00000000000000000000000000000000000000000000000000000110001011111111000000000000
00000000000000000000000000000000000000000000000000001100001000000001000000000000
00000000000000000000000000000000000000000000000000110000001000000011000000000000
00000000000000000000000000000000000000000000000011010000001000000010000000000000
00000000000000000000000000000000000000000000001100001000000100011111000000000000
00000000000000000000000000000000000000000011110000001000000101100110000100000000
00000000000000000000000000000000000000001100000000001000000100000000000100000000
00000000000000000000000000000000000000000000000000000100000100000000001100000000
00000000000000000000000000000000000000000000000000000100000100000000011000000000
00000000000000000000000000000000000000000000000000000100000101100000110000000000
00000000000000000000000000000000000000000000000000000100000010100111100000000000
00000000000000000000000000000000000000000000000000000010000010011100000000000000
00000000000000000000000000000000000000000000000000000010000010011000000000000000
00000000000000000000000000000000000000000000000000000010000010001100000000000000
00000000000000000000000000000000000000000000000000000010000010000111000000000000
00000000000000000000000000000000000000000000000000000010000010100001100000000000
00000000000000000000000000000000000000000000000000000010000010100000110000000000
00000000000000000000000000000000000000000000000000000010000011000000001111100000
00000000000000000000000000000000000000000000000000000010000001000000000000000000
00000000000000000000000000000000000000000000000000000010000000000000000000000000
00000000000000000000000000000000000000000000000000000000000000000000000000000000
00000000000000000000000000000000000000000000000000000000000000000000000000000000
00000000000000000000000000000000000000000000000000000000000000000000000000000000
00000000000000000000000000000000000000000000000000000000000000000000000000000000
00000000000000000000000000000000000000000000000000000000000000000000000000000000
00000000000000000000000000000000000000000000000000000000000000000000000000000000
00000000000000000000000000000000000000000000000000000000000000000000000000000000
00000000000000000000000000000000000000000000000000000000000000000000000000000000
00000000000000000000000000000000000000000000000000000000000000000000000000000000
00000000000000000000000000000000000000000000000000000000000000000000000000000000
00000000000000000000000000000000000000000000000000000000000000000000000000000000
00000000000000000000000000000000000000000000000000000000000000000000000000000000
00000000000000000000000000000000000000000000000000000000000000000000000000000000
00000000000000000000000000000000000000000000000000000000000000000000000000000000
