00000000000000000000000000000000000000000000000000000000000000000000000000000000
00000000000000000000000000000000000000000000000000000000000000000000000000000000
00000000000000000000000000000000000000000000000000000000000000000000000000000000
00000000000000000000000000000000000000000000000000000000000000000000000000000000
00000000000000000000000000000000000000000000000000000000000000000000000000000000
00000000000000000000000000000000000000000000000000000000000000000000000000000000
00000000000000000000000000000000000000000000000000000000000000000000000000000000
00000000000000000000000000000000000000000000000000000000000000000000000000000000
00000000000000000000000000000000000000000000000000000000000000000000000000000000
00000000000000000000000000000000000000000000000000000000000000000000000000000000
00000000000000000000000000000000000000000000000000000000000000000000000000000000
00000000000000000000000000000000000000000000000000000000000000000000000000000000
00000000000000000000000000000000000000000000000000000000000000000000000000000000
00000000000000000000000000000000000000000000000000000000000000000000000000000000
00000000000000000000000000000000000000000000000000000000000000000000000000000000
00000000000000000000000000000000000000000000000000000000000000000000000000000000
00000000000000000000000000000000010000000000000000000000000000000000000000000000
00000000000000000000000000000000010000000000000000000000000000000000000000000000
00000000000000000000000000000000010000000000000000000000000000000000000000000000
00000000000000000000000000000000100000000000011111000000000000000000000000000000
00000000000000000000000000000001100000000001110001000000000000000000000000000000
00000000000000000000000000000011000000001111000001000000000000000000000000000000
00000000000000000000000000000110000001111000000001000000000000000000000000000000
00000000000000000000000000011000000000000100000001100000000000000000000000000000
00000000000000000000000001110000001000000100111111000000000000000000000000000000
00000000000000000000011111000000001000000111100001000000000000000000000000000000
00000000000000000000110000000000010000000100000010000000000000000000000000000000
00000000000000000000000000000000110000000100001110000000000000000000000000000000
00000000000000000000000000000000100000000101111100000000000000000000000000000000
00000000000000000000000000000001010000000101000000000000000000000000000000000000
00000000000000000000000000000110010000000100000000000000000000000000000000000000
00000000000000000000000000001100010000000010000000010000000000000000000000000000
00000000000000000000000011111000010000000010000000110000000000000000000000000000
00000000000000000000000000000000010000001110000001100000000000000000000000000000
00000000000000000000000000000000010000000011001111000000000000000000000000000000
00000000000000000000000000000000011000000011110000000000000000000000000000000000
00000000000000000000000000000000001000000010011000000000000000000000000000000000
00000000000000000000000000000000001000000010001100000000000000000000000000000000
00000000000000000000000000000000001000000010001010000000000000000000000000000000
00000000000000000000000000000000001000000001010011000000000000000000000000000000
00000000000000000000000000000000001000000001010000110000000000000000000000000000
00000000000000000000000000000000001000000001100000011000000000000000000000000000
00000000000000000000000000000000011000000001000000000100000000000000000000000000
00000000000000000000000000000000001000000000000000000011000000000000000000000000
00000000000000000000000000000000000000000000000000000000111000000000000000000000
00000000000000000000000000000000000000000000000000000000001111000000000000000000
00000000000000000000000000000000000000000000000000000000000000111000000000000000
00000000000000000000000000000000000000000000000000000000000000000000000000000000
00000000000000000000000000000000000000000000000000000000000000000000000000000000
00000000000000000000000000000000000000000000000000000000000000000000000000000000
00000000000000000000000000000000000000000000000000000000000000000000000000000000
00000000000000000000000000000000000000000000000000000000000000000000000000000000
00000000000000000000000000000000000000000000000000000000000000000000000000000000
00000000000000000000000000000000000000000000000000000000000000000000000000000000
00000000000000000000000000000000000000000000000000000000000000000000000000000000
00000000000000000000000000000000000000000000000000000000000000000000000000000000
00000000000000000000000000000000000000000000000000000000000000000000000000000000
00000000000000000000000000000000000000000000000000000000000000000000000000000000
00000000000000000000000000000000000000000000000000000000000000000000000000000000
00000000000000000000000000000000000000000000000000000000000000000000000000000000
