00000000000000000000000000000000000000000000000000000000000000000000000000000000
00000000000000000000000000000000000000000000000000000000000000000000000000000000
00000000000000000000000000000000000000000000000000000000000000000000000000000000
00000000000000000000000000000000000000000000000000000000000000000000000000000000
00000000000000000000000000000000000000000000000000000000000000000000000000000000
00000000000000000000000000000000000000000000000000000000000000000000000000000000
00000000000000000000000000000000000000000000000000000000000000000000000000000000
00000000000000000000000000000000000000000000000000000000000000000000000000000000
00000000000000000000000000000000000000000000000000000000000000000000000000000000
00000000000000000000000000000000000000000000000000000000000000000000000000000000
00000000000000000000000000000000000000000000000000000000000000000000000000000000
00000000000000000000000000000000000000000000000000000000000000000000000000000000
00000000000000000000000000000000000000000000000000000000000000000000000000000000
00000000000000000000000000000000000000000000000000000000000000000000000000000000
00000000000000000000000000000000000000000000000000000000000000000000000000000000
00000000000000000000000000000000000000000000000000000000000000000000000000000000
00000000000000000000000000000000000001000000000000000000000000000000000000000000
00000000000000000000000000000000000001000000000110000000000000000000000000000000
00000000000000000000000000000000000011000001111011000000000000000000000000000000
00000000000000000000000000000000000010000111000001000000000000000000000000000000
00000000000000000000000000000000000100011100000001000000000000000000000000000000
00000000000000000000000000000000011001100000000001000000000000000000000000000000
00000000000000000000000000000001110011001000000011000000000000000000000000000000
00000000000000000000000000011110000110001111111101000000000000000000000000000000
00000000000000000000000000110000001100001100000001000000000000000000000000000000
00000000000000000000000000000000011100001000000001000000000000000000000000000000
00000000000000000000000000000001100100001000000011000000000000000000000000000000
00000000000000000000000000001110000100001000111110000000000000000000000000000000
00000000000000000000000000011000000100001001100000001000000000000000000000000000
00000000000000000000000000000000000110001000000000001000000000000000000000000000
00000000000000000000000000000000000010001000000000001000000000000000000000000000
00000000000000000000000000000000000010001000000000010000000000000000000000000000
00000000000000000000000000000000000010001011000000110000000000000000000000000000
00000000000000000000000000000000000010001000110011100000000000000000000000000000
00000000000000000000000000000000000010001100011110000000000000000000000000000000
00000000000000000000000000000000000010000100000110000000000000000000000000000000
00000000000000000000000000000000000010000100000001100000000000000000000000000000
00000000000000000000000000000000000010000100010000111000000000000000000000000000
00000000000000000000000000000000000010000100100000001110000000000000000000000000
00000000000000000000000000000000000010000111000000000001111110000000000000000000
00000000000000000000000000000000000010000000000000000000000000000000000000000000
00000000000000000000000000000000000000000000000000000000000000000000000000000000
00000000000000000000000000000000000000000000000000000000000000000000000000000000
00000000000000000000000000000000000000000000000000000000000000000000000000000000
00000000000000000000000000000000000000000000000000000000000000000000000000000000
00000000000000000000000000000000000000000000000000000000000000000000000000000000
00000000000000000000000000000000000000000000000000000000000000000000000000000000
00000000000000000000000000000000000000000000000000000000000000000000000000000000
00000000000000000000000000000000000000000000000000000000000000000000000000000000
00000000000000000000000000000000000000000000000000000000000000000000000000000000
00000000000000000000000000000000000000000000000000000000000000000000000000000000
00000000000000000000000000000000000000000000000000000000000000000000000000000000
00000000000000000000000000000000000000000000000000000000000000000000000000000000
00000000000000000000000000000000000000000000000000000000000000000000000000000000
00000000000000000000000000000000000000000000000000000000000000000000000000000000
00000000000000000000000000000000000000000000000000000000000000000000000000000000
00000000000000000000000000000000000000000000000000000000000000000000000000000000
00000000000000000000000000000000000000000000000000000000000000000000000000000000
00000000000000000000000000000000000000000000000000000000000000000000000000000000
00000000000000000000000000000000000000000000000000000000000000000000000000000000
