00000000000000000000000000000000000000000000000000000000000000000000000000000000
00000000000000000000000000000000000000000000000000000000000000000000000000000000
00000000000000000000000000000000000000000000000000000000000000000000000000000000
00000000000000000000000000000000000000000000000000000000000000000000000000000000
00000000000000000000000000000000000000000000000000000000000000000000000000000000
00000000000000000000000000000000000000000000000000000000000000000000000000000000
00000000000000000000000000000000000000000000000000000000000000000000000000000000
00000000000000000000000000000000000000000000000000000000000000000000000000000000
00000000000000000000000000000000000000000000000000000000000000000000000000000000
00000000000000000000000000000000000000000000000000000000000000000000000000000000
00000000000000000000000000000000000000000000000000000000000000000000000000000000
00000000000000000000000000000000000000000000000000000000000000000000000000000000
00000000000000000000000000000000000000000000000000000000000000000000000000000000
00000000000000000000000000000000000000000000000000000000000000000000000000000000
00000000000000000000001000000000000000000000000000000000000000000000000000000000
00000000000000000000001000000000000000000000000000000000000000000000000000000000
00000000000000000000001000000000000111100000000000000000000000000000000000000000
00000000000000000000010000000001111000100000000000000000000000000000000000000000
00000000000000000000010000100111000000100000000000000000000000000000000000000000
00000000000000000001100000111000000000100000000000000000000000000000000000000000
00000000000000000001000000000000000000100000000000000000000000000000000000000000
00000000000000000010000010010000111101000000000000000000000000000000000000000000
00000000000000001100000010010111100011000000000000000000000000000000000000000000
00000000000000011000000100010000000010000000000000000000000000000000000000000000
00000000000011100000000100010000000100000000000000000000000000000000000000000000
00000000000000000000001000010000001100000000000000000000000000000000000000000000
00000000000000000000011000010000111110000000000000000000000000000000000000000000
00000000000000000000110000010111100000000000000000000000000000000000000000000000
00000000000000000001100000010000000000000000000000000000000000000000000000000000
00000000000000000110100000010000000000001000000000000000000000000000000000000000
00000000000000011100100000010000000000001000000000000000000000000000000000000000
00000000000001110000110000011000000000010000000000000000000000000000000000000000
00000000000111000000010000010110000000110000000000000000000000000000000000000000
00000000000000000000010000010011000011100000000000000000000000000000000000000000
00000000000000000000010000010001111110000000000000000000000000000000000000000000
00000000000000000000010000010000011000000000000000000000000000000000000000000000
00000000000000000000010000010000001110000000000000000000000000000000000000000000
00000000000000000000010000010000000011000000000000000000000000000000000000000000
00000000000000000000010000010000000000111000000000000000000000000000000000000000
00000000000000000000010000010001100000001110000000000000000000000000000000000000
00000000000000000000010000011011000000000011100000000000000000000000000000000000
00000000000000000000010000001110000000000000011111000000000000000000000000000000
00000000000000000000010000000100000000000000000000000000000000000000000000000000
00000000000000000000010000000000000000000000000000000000000000000000000000000000
00000000000000000000000000000000000000000000000000000000000000000000000000000000
00000000000000000000000000000000000000000000000000000000000000000000000000000000
00000000000000000000000000000000000000000000000000000000000000000000000000000000
00000000000000000000000000000000000000000000000000000000000000000000000000000000
00000000000000000000000000000000000000000000000000000000000000000000000000000000
00000000000000000000000000000000000000000000000000000000000000000000000000000000
00000000000000000000000000000000000000000000000000000000000000000000000000000000
00000000000000000000000000000000000000000000000000000000000000000000000000000000
00000000000000000000000000000000000000000000000000000000000000000000000000000000
00000000000000000000000000000000000000000000000000000000000000000000000000000000
00000000000000000000000000000000000000000000000000000000000000000000000000000000
00000000000000000000000000000000000000000000000000000000000000000000000000000000
00000000000000000000000000000000000000000000000000000000000000000000000000000000
00000000000000000000000000000000000000000000000000000000000000000000000000000000
00000000000000000000000000000000000000000000000000000000000000000000000000000000
00000000000000000000000000000000000000000000000000000000000000000000000000000000
