00000000000000000000000000000000000000000000000000000000000000000000000000000000
00000000000000000000000000000000000000000000000000000000000000000000000000000000
00000000000000000000000000000000000000000000000000000000000000000000000000000000
00000000000000000000000000000000000000000000000000000000000000000000000000000000
00000000000000000000000000000000000000000000000000000000000000000000000000000000
00000000000000000000000000000000000000000000000000000000000000000000000000000000
00000000000000000000000000000000000000000000000000000000000000000000000000000000
00000000000000000000000000000000000000000000000000000000000000000000000000000000
00000000000000000000000000000000000000000000000000000000000000000000000000000000
00000000000000000000000001000000000000000000000000000000000000000000000000000000
00000000000000000000000001000000000000000000000000000000000000000000000000000000
00000000000000000000000011000000000000000000000000000000000000000000000000000000
00000000000000000000000010000000001111100000000000000000000000000000000000000000
00000000000000000000000100000111111000100000000000000000000000000000000000000000
00000000000000000000001100000100000000100000000000000000000000000000000000000000
00000000000000000000011000000100000000100000000000000000000000000000000000000000
00000000000000000000110001000100000000100000000000000000000000000000000000000000
00000000000000000011100011000111111111100000000000000000000000000000000000000000
00000000000000000110000110000100000000100000000000000000000000000000000000000000
00000000000000000000000100000100000001000000000000000000000000000000000000000000
00000000000000000000001000000100000001000000000000000000000000000000000000000000
00000000000000000000011000000100011111000000000000000000000000000000000000000000
00000000000000000000111000000111110000000000000000000000000000000000000000000000
00000000000000000011001000000100000000000100000000000000000000000000000000000000
00000000000000011110001000000100000000000100000000000000000000000000000000000000
00000000000000000000001100000100000000000100000000000000000000000000000000000000
00000000000000000000000100000111000000000100000000000000000000000000000000000000
00000000000000000000000100000100110000001100000000000000000000000000000000000000
00000000000000000000000100000100011011111000000000000000000000000000000000000000
00000000000000000000000100000100001100000000000000000000000000000000000000000000
00000000000000000000000100000100000110000000000000000000000000000000000000000000
00000000000000000000000100000100000001100000000000000000000000000000000000000000
00000000000000000000000100000100000000111000000000000000000000000000000000000000
00000000000000000000000100000100011000001100000000000000000000000000000000000000
00000000000000000000000100000100010000000011000000000000000000000000000000000000
00000000000000000000000100000110100000000001111100000000000000000000000000000000
00000000000000000000000000000011100000000000000111111000000000000000000000000000
00000000000000000000000000000001000000000000000000000000000000000000000000000000
00000000000000000000000000000000000000000000000000000000000000000000000000000000
00000000000000000000000000000000000000000000000000000000000000000000000000000000
00000000000000000000000000000000000000000000000000000000000000000000000000000000
00000000000000000000000000000000000000000000000000000000000000000000000000000000
00000000000000000000000000000000000000000000000000000000000000000000000000000000
00000000000000000000000000000000000000000000000000000000000000000000000000000000
00000000000000000000000000000000000000000000000000000000000000000000000000000000
00000000000000000000000000000000000000000000000000000000000000000000000000000000
00000000000000000000000000000000000000000000000000000000000000000000000000000000
00000000000000000000000000000000000000000000000000000000000000000000000000000000
00000000000000000000000000000000000000000000000000000000000000000000000000000000
00000000000000000000000000000000000000000000000000000000000000000000000000000000
00000000000000000000000000000000000000000000000000000000000000000000000000000000
00000000000000000000000000000000000000000000000000000000000000000000000000000000
00000000000000000000000000000000000000000000000000000000000000000000000000000000
00000000000000000000000000000000000000000000000000000000000000000000000000000000
00000000000000000000000000000000000000000000000000000000000000000000000000000000
00000000000000000000000000000000000000000000000000000000000000000000000000000000
00000000000000000000000000000000000000000000000000000000000000000000000000000000
00000000000000000000000000000000000000000000000000000000000000000000000000000000
00000000000000000000000000000000000000000000000000000000000000000000000000000000
00000000000000000000000000000000000000000000000000000000000000000000000000000000
