00000000000000000000000000000000000000000000000000000000000000000000000000000000
00000000000000000000000000000000000000000000000000000000000000000000000000000000
00000000000000000000000000000000000000000000000000000000000000000000000000000000
00000000000000000000000000000000000000000000000000000000000000000000000000000000
00000000000000000000000000000000000000000000000000000000000000000000000000000000
00000000000000000000000000000000000000000000000000000000000000000000000000000000
00000000000000000000000000000000000000000000000000000000000000000000000000000000
00000000000000000000000000000000000000000000000000000000000000000000000000000000
00000000000000000000000000000000000000000000000000000000000000000000000000000000
00000000000000000000000000000000000000000000000000000000000000000000000000000000
00000000000000000000000000000000000000000000000000000000000000000000000000000000
00000000000000000000000000000000100000000000000000000000000000000000000000000000
00000000000000000000000000000001100000000000000000000000000000000000000000000000
00000000000000000000000000000011000000000000000000000000000000000000000000000000
00000000000000000000000000000010000000000001100000000000000000000000000000000000
00000000000000000000000000000100000000110000100000000000000000000000000000000000
00000000000000000000000000011000001111100000100000000000000000000000000000000000
00000000000000000000000001110000100000000000100000000000000000000000000000000000
00000000000000000000000111000000100100000000100000000000000000000000000000000000
00000000000000000000011100000001100110001111100000000000000000000000000000000000
00000000000000000000000000000011000011110001100000000000000000000000000000000000
00000000000000000000000000000110000010000001000000000000000000000000000000000000
00000000000000000000000000001110000010000001000000000000000000000000000000000000
00000000000000000000000000011010000010001111100000000000000000000000000000000000
00000000000000000000000001100010000010110000000000000000000000000000000000000000
00000000000000000000111110000010000010000000000000000000000000000000000000000000
00000000000000000000000000000010000010000000000000000000000000000000000000000000
00000000000000000000000000000010000010000000000100000000000000000000000000000000
00000000000000000000000000000010000010000000000100000000000000000000000000000000
00000000000000000000000000000010000011100000001000000000000000000000000000000000
00000000000000000000000000000010000001111000010000000000000000000000000000000000
00000000000000000000000000000010000001001111100000000000000000000000000000000000
00000000000000000000000000000010000001000011000000000000000000000000000000000000
00000000000000000000000000000010000001000001100000000000000000000000000000000000
00000000000000000000000000000010000001000010011000000000000000000000000000000000
00000000000000000000000000000010000001000110001110000000000000000000000000000000
00000000000000000000000000000010000001001100000011100000000000000000000000000000
00000000000000000000000000000010000001010000000000111000000000000000000000000000
00000000000000000000000000000010000001100000000000000111100000000000000000000000
00000000000000000000000000000010000000000000000000000000111111111000000000000000
00000000000000000000000000000000000000000000000000000000000000000000000000000000
00000000000000000000000000000000000000000000000000000000000000000000000000000000
00000000000000000000000000000000000000000000000000000000000000000000000000000000
00000000000000000000000000000000000000000000000000000000000000000000000000000000
00000000000000000000000000000000000000000000000000000000000000000000000000000000
00000000000000000000000000000000000000000000000000000000000000000000000000000000
00000000000000000000000000000000000000000000000000000000000000000000000000000000
00000000000000000000000000000000000000000000000000000000000000000000000000000000
00000000000000000000000000000000000000000000000000000000000000000000000000000000
00000000000000000000000000000000000000000000000000000000000000000000000000000000
00000000000000000000000000000000000000000000000000000000000000000000000000000000
00000000000000000000000000000000000000000000000000000000000000000000000000000000
00000000000000000000000000000000000000000000000000000000000000000000000000000000
00000000000000000000000000000000000000000000000000000000000000000000000000000000
00000000000000000000000000000000000000000000000000000000000000000000000000000000
00000000000000000000000000000000000000000000000000000000000000000000000000000000
00000000000000000000000000000000000000000000000000000000000000000000000000000000
00000000000000000000000000000000000000000000000000000000000000000000000000000000
00000000000000000000000000000000000000000000000000000000000000000000000000000000
00000000000000000000000000000000000000000000000000000000000000000000000000000000
