00000000000000000000000000000000000000000000000000000000000000000000000000000000
00000000000000000000000000000000000000000000000000000000000000000000000000000000
00000000000000000000000000000000000000000000000000000000000000000000000000000000
00000000000000000000000000000000000000000000000000000000000000000000000000000000
00000000000000000000000000000000000000000000000000000000000000000000000000000000
00000000000000000000000000000000000000000000000000000000000000000000000000000000
00000000000000000000000000000000000000000000000000000000000000000000000000000000
00000000000000000000000000000000000000000000000000000000000000000000000000000000
00000000000000000000000000000000000000000000000000000000000000000000000000000000
00000000000000000000000000000000000000000000000000000000000000000000000000000000
00000000000000000000000000000000000000000000000000000000000000000000000000000000
00000000000000000000000000000000000000000000000000000000000000000000000000000000
00000000000000000000000000000000000000000000000000000000000000000000000000000000
00000000000000000000000000000000000000000000000000000000000000000000000000000000
00000000000000000000000000000000000000000000000000000000000000000000000000000000
00000000000000000000000000000000000000000000000000000000000000000000000000000000
00000000000000000000000000000000000000000000000000000000000000000000000000000000
00000000000000000000000000000000000000000010000000000000000000000000000000000000
00000000000000000000000000000000000000000110000000000000000000000000000000000000
00000000000000000000000000000000000000000100000000001111000000000000000000000000
00000000000000000000000000000000000000011000000001110001000000000000000000000000
00000000000000000000000000000000000000110000000111000001000000000000000000000000
00000000000000000000000000000000000011100001111100000001000000000000000000000000
00000000000000000000000000000000001110000011000000000001000000000000000000000000
00000000000000000000000000000000010000000010111111111111000000000000000000000000
00000000000000000000000000000000000000000010100000000001000000000000000000000000
00000000000000000000000000000000000000000110110000000001000000000000000000000000
00000000000000000000000000000000000000011100010000000001000000000000000000000000
00000000000000000000000000000000000001110000010000000111100000000000000000000000
00000000000000000000000000000000111110011000010111111100000000000000000000000000
00000000000000000000000000000000000000001000010000000001000000000000000000000000
00000000000000000000000000000000000000001000010000000001000000000000000000000000
00000000000000000000000000000000000000001000010000000001000000000000000000000000
00000000000000000000000000000000000000001100010011000010000000000000000000000000
00000000000000000000000000000000000000000100010001111110000000000000000000000000
00000000000000000000000000000000000000000100010000011000000000000000000000000000
00000000000000000000000000000000000000000100010000101100000000000000000000000000
00000000000000000000000000000000000000000100010001100011000000000000000000000000
00000000000000000000000000000000000000000010010001000000110000000000000000000000
00000000000000000000000000000000000000000010010110000000011100000000000000000000
00000000000000000000000000000000000000000010011100000000000111100000000000000000
00000000000000000000000000000000000000000010000000000000000000111000000000000000
00000000000000000000000000000000000000000010000000000000000000000111111111000000
00000000000000000000000000000000000000000010000000000000000000000000000000000000
00000000000000000000000000000000000000000010000000000000000000000000000000000000
00000000000000000000000000000000000000000000000000000000000000000000000000000000
00000000000000000000000000000000000000000000000000000000000000000000000000000000
00000000000000000000000000000000000000000000000000000000000000000000000000000000
00000000000000000000000000000000000000000000000000000000000000000000000000000000
00000000000000000000000000000000000000000000000000000000000000000000000000000000
00000000000000000000000000000000000000000000000000000000000000000000000000000000
00000000000000000000000000000000000000000000000000000000000000000000000000000000
00000000000000000000000000000000000000000000000000000000000000000000000000000000
00000000000000000000000000000000000000000000000000000000000000000000000000000000
00000000000000000000000000000000000000000000000000000000000000000000000000000000
00000000000000000000000000000000000000000000000000000000000000000000000000000000
00000000000000000000000000000000000000000000000000000000000000000000000000000000
00000000000000000000000000000000000000000000000000000000000000000000000000000000
00000000000000000000000000000000000000000000000000000000000000000000000000000000
00000000000000000000000000000000000000000000000000000000000000000000000000000000
