00000000000000000000000000000000000000000000000000000000000000000000000000000000
00000000000000000000000000000000000000000000000000000000000000000000000000000000
00000000000000000000000000000000000000000000000000000000000000000000000000000000
00000000000000000000000000000000000000000000000000000000000000000000000000000000
00000000000000000000000000000000000000000000000000000000000000000000000000000000
00000000000000000000000000000000000000000000000000000000000000000000000000000000
00000000000000000000000000000000000000000000000000000000000000000000000000000000
00000000000000000000000000000000000000000000000000000000000000000000000000000000
00000000000000000000000000000000000000000000000000000000000000000000000000000000
00000000000000000000000000000000000000000000000000000000000000000000000000000000
00000000000000000000000000000000000000000000000000000000000000000000000000000000
00000000000000000000000000000000000000000000000000000000000000000000000000000000
00000000000000000000000000000000000000000000000000000000000000000000000000000000
00000000000000000000000000000000000000000000000000000000000000000000000000000000
00000000000000000000000000000000000000000000000000000000000000000000000000000000
00000000000000000000000000000000000000000000000000000000000000000000000000000000
00000000000000000000000000000000000000000000000000000000000000000000000000000000
00000000000000000000000000000000000000000000000000000000000000000000000000000000
00000000000000000000000000000000000000010000000000000000000000000000000000000000
00000000000000000000000000000000000000010000000000000000000000000000000000000000
00000000000000000000000000000000000000100000000000111000000000000000000000000000
00000000000000000000000000000000000000100000000011001100000000000000000000000000
00000000000000000000000000000000000001000000011110000100000000000000000000000000
00000000000000000000000000000000000010000001110000000100000000000000000000000000
00000000000000000000000000000000000100000000100000000110000000000000000000000000
00000000000000000000000000000000011000000011100000000010000000000000000000000000
00000000000000000000000000000000110000000110110000111110000000000000000000000000
00000000000000000000000000000111100000001100010111000010000000000000000000000000
00000000000000000000000000000000000000011000010000000010000000000000000000000000
00000000000000000000000000000000000000110000010000000010000000000000000000000000
00000000000000000000000000000000000001100000010000000010000000000000000000000000
00000000000000000000000000000000000110100000010001111110000000000000000000000000
00000000000000000000000000000000011000010000011111000000000000000000000000000000
00000000000000000000000000001111100000011000010000000000001000000000000000000000
00000000000000000000000000000000000000001000010000000000011000000000000000000000
00000000000000000000000000000000000000001000010000000000010000000000000000000000
00000000000000000000000000000000000000001000010000100000110000000000000000000000
00000000000000000000000000000000000000000100010000011001100000000000000000000000
00000000000000000000000000000000000000000100010000001111000000000000000000000000
00000000000000000000000000000000000000000100010000000010000000000000000000000000
00000000000000000000000000000000000000000100010000000001100000000000000000000000
00000000000000000000000000000000000000000100010000000000011000000000000000000000
00000000000000000000000000000000000000000100010001000000000111000000000000000000
00000000000000000000000000000000000000000100010011000000000001111111100000000000
00000000000000000000000000000000000000000100010110000000000000000000000000000000
00000000000000000000000000000000000000001100011100000000000000000000000000000000
00000000000000000000000000000000000000000000000000000000000000000000000000000000
00000000000000000000000000000000000000000000000000000000000000000000000000000000
00000000000000000000000000000000000000000000000000000000000000000000000000000000
00000000000000000000000000000000000000000000000000000000000000000000000000000000
00000000000000000000000000000000000000000000000000000000000000000000000000000000
00000000000000000000000000000000000000000000000000000000000000000000000000000000
00000000000000000000000000000000000000000000000000000000000000000000000000000000
00000000000000000000000000000000000000000000000000000000000000000000000000000000
00000000000000000000000000000000000000000000000000000000000000000000000000000000
00000000000000000000000000000000000000000000000000000000000000000000000000000000
00000000000000000000000000000000000000000000000000000000000000000000000000000000
00000000000000000000000000000000000000000000000000000000000000000000000000000000
00000000000000000000000000000000000000000000000000000000000000000000000000000000
00000000000000000000000000000000000000000000000000000000000000000000000000000000
