00000000000000000000000000000000000000000000000000000000000000000000000000000000
00000000000000000000000000000000000000000000000000000000000000000000000000000000
00000000000000000000000000000000000000000000000000000000000000000000000000000000
00000000000000000000000000000000000000000000000000000000000000000000000000000000
00000000000000000000000000000000000000000000000000000000000000000000000000000000
00000000000000000000000000000000000000000000000000000000000000000000000000000000
00000000000000000000000000000000000000000000000000000000000000000000000000000000
00000000000000000000000000000000000000000000000000000000000000000000000000000000
00000000000000000000000000000000000000000000000000000000000000000000000000000000
00000000000000000000000000000000000000000000000000000000000000000000000000000000
00000000000000000000000000000000000000000000000000000000000000000000000000000000
00000000000000000000000000000000000000000000000000000000000000000000000000000000
00000000000000000000000000000000000000000000000000000000000000000000000000000000
00000000000000000000000000000000000001000000000000000000000000000000000000000000
00000000000000000000000000000000000011000000111111110000000000000000000000000000
00000000000000000000000000000000000110000111100000010000000000000000000000000000
00000000000000000000000000000000011100000100000000010000000000000000000000000000
00000000000000000000000000000001110000000100000000010000000000000000000000000000
00000000000000000000000000011110000000100100000000010000000000000000000000000000
00000000000000000000000000000000000001100100000000110000000000000000000000000000
00000000000000000000000000000000000011000100111111110000000000000000000000000000
00000000000000000000000000000000000110000100000000100000000000000000000000000000
00000000000000000000000000000000001000000100000000100000000000000000000000000000
00000000000000000000000000000000111000000100000111000000000000000000000000000000
00000000000000000000000000000111101000000101111100000000000000000000000000000000
00000000000000000000000000111100001000000100000000000000000000000000000000000000
00000000000000000000000000000000001100000100000000000010000000000000000000000000
00000000000000000000000000000000000100000100000000000010000000000000000000000000
00000000000000000000000000000000000100000101000000000010000000000000000000000000
00000000000000000000000000000000000100000101100000000110000000000000000000000000
00000000000000000000000000000000000100000100110001111000000000000000000000000000
00000000000000000000000000000000000100000100111111000000000000000000000000000000
00000000000000000000000000000000000100000100000110000000000000000000000000000000
00000000000000000000000000000000000100000100000011000000000000000000000000000000
00000000000000000000000000000000000100000100000001100000000000000000000000000000
00000000000000000000000000000000000110000100000000111000000000000000000000000000
00000000000000000000000000000000000010000100000100001100000000000000000000000000
00000000000000000000000000000000000010000100001000000111000000000000000000000000
00000000000000000000000000000000000110000100001000000001110000000000000000000000
00000000000000000000000000000000000010000110010000000000011111100000000000000000
00000000000000000000000000000000000000000010110000000000000000000000000000000000
00000000000000000000000000000000000000000011100000000000000000000000000000000000
00000000000000000000000000000000000000000001000000000000000000000000000000000000
00000000000000000000000000000000000000000000000000000000000000000000000000000000
00000000000000000000000000000000000000000000000000000000000000000000000000000000
00000000000000000000000000000000000000000000000000000000000000000000000000000000
00000000000000000000000000000000000000000000000000000000000000000000000000000000
00000000000000000000000000000000000000000000000000000000000000000000000000000000
00000000000000000000000000000000000000000000000000000000000000000000000000000000
00000000000000000000000000000000000000000000000000000000000000000000000000000000
00000000000000000000000000000000000000000000000000000000000000000000000000000000
00000000000000000000000000000000000000000000000000000000000000000000000000000000
00000000000000000000000000000000000000000000000000000000000000000000000000000000
00000000000000000000000000000000000000000000000000000000000000000000000000000000
00000000000000000000000000000000000000000000000000000000000000000000000000000000
00000000000000000000000000000000000000000000000000000000000000000000000000000000
00000000000000000000000000000000000000000000000000000000000000000000000000000000
00000000000000000000000000000000000000000000000000000000000000000000000000000000
00000000000000000000000000000000000000000000000000000000000000000000000000000000
00000000000000000000000000000000000000000000000000000000000000000000000000000000
