00000000000000000000000000000000000000000000000000000000000000000000000000000000
00000000000000000000000000000000000000000000000000000000000000000000000000000000
00000000000000000000000000000000000000000000000000000000000000000000000000000000
00000000000000000000000000000000000000000000000000000000000000000000000000000000
00000000000000000000000000000000000000000000000000000000000000000000000000000000
00000000000000000000000000000000000000000000000000000000000000000000000000000000
00000000000000000000000000000000000000000000000000000000000000000000000000000000
00000000000000000000000000000000000000000000000000000000000000000000000000000000
00000000000000000000000000000000000000000000000000000000000000000000000000000000
00000000000000000000000000000000000000000000000000000000000000000000000000000000
00000000000000000000000000000000000000000000000000000000000000000000000000000000
00000000000000000000000000000000000000000000000000000000000000000000000000000000
00000000000000000000000000000000000000000000000000000000000000000000000000000000
00000000000000000000000000000000010000000000111110000000000000000000000000000000
00000000000000000000000000000000010000001111000010000000000000000000000000000000
00000000000000000000000000000000110000001000000010000000000000000000000000000000
00000000000000000000000000000000100000001000000010000000000000000000000000000000
00000000000000000000000000000001100000001000000010000000000000000000000000000000
00000000000000000000000000000011000100001000001111100000000000000000000000000000
00000000000000000000000000000110000100001111111010000000000000000000000000000000
00000000000000000000000000011100000100001000000010000000000000000000000000000000
00000000000000000000000001110000001100001000000010000000000000000000000000000000
00000000000000000000000011000000001000001000000010000000000000000000000000000000
00000000000000000000000000000000011000001000011111100000000000000000000000000000
00000000000000000000000000000000110000001111100000000000000000000000000000000000
00000000000000000000000000000000110000001000000000000000000000000000000000000000
00000000000000000000000000000001010000001000000000000000000000000000000000000000
00000000000000000000000000000011010000001000000000001000000000000000000000000000
00000000000000000000000000000110010000001011000000011000000000000000000000000000
00000000000000000000000000011000010000001001000000110000000000000000000000000000
00000000000000000000000011110000010000001000100011100000000000000000000000000000
00000000000000000000000000000000010000001000111100000000000000000000000000000000
00000000000000000000000000000000010000001000011000000000000000000000000000000000
00000000000000000000000000000000010000001000001100000000000000000000000000000000
00000000000000000000000000000000010000001000000110000000000000000000000000000000
00000000000000000000000000000000010000001000000011000000000000000000000000000000
00000000000000000000000000000000010000001000010001100000000000000000000000000000
00000000000000000000000000000000010000001000110000010000000000000000000000000000
00000000000000000000000000000000010000001000100000001100000000000000000000000000
00000000000000000000000000000000010000001111000000000111100000000000000000000000
00000000000000000000000000000000010000000110000000000000111111000000000000000000
00000000000000000000000000000000010000000000000000000000000000000000000000000000
00000000000000000000000000000000010000000000000000000000000000000000000000000000
00000000000000000000000000000000010000000000000000000000000000000000000000000000
00000000000000000000000000000000000000000000000000000000000000000000000000000000
00000000000000000000000000000000000000000000000000000000000000000000000000000000
00000000000000000000000000000000000000000000000000000000000000000000000000000000
00000000000000000000000000000000000000000000000000000000000000000000000000000000
00000000000000000000000000000000000000000000000000000000000000000000000000000000
00000000000000000000000000000000000000000000000000000000000000000000000000000000
00000000000000000000000000000000000000000000000000000000000000000000000000000000
00000000000000000000000000000000000000000000000000000000000000000000000000000000
00000000000000000000000000000000000000000000000000000000000000000000000000000000
00000000000000000000000000000000000000000000000000000000000000000000000000000000
00000000000000000000000000000000000000000000000000000000000000000000000000000000
00000000000000000000000000000000000000000000000000000000000000000000000000000000
00000000000000000000000000000000000000000000000000000000000000000000000000000000
00000000000000000000000000000000000000000000000000000000000000000000000000000000
00000000000000000000000000000000000000000000000000000000000000000000000000000000
00000000000000000000000000000000000000000000000000000000000000000000000000000000
