00000000000000000000000000000000000000000000000000000000000000000000000000000000
00000000000000000000000000000000000000000000000000000000000000000000000000000000
00000000000000000000000000000000000000000000000000000000000000000000000000000000
00000000000000000000000000000000000000000000000000000000000000000000000000000000
00000000000000000000000000000000000000000000000000000000000000000000000000000000
00000000000000000000000000000000000000000000000000000000000000000000000000000000
00000000000000000000000000000000000000000000000000000000000000000000000000000000
00000000000000000000000000000000000000000000000000000000000000000000000000000000
00000000000000000000000000000000000000000000000000000000000000000000000000000000
00000000000000000000000000000000000000000000000000000000000000000000000000000000
00000000000000000000000000000000000000000000000000000000000000000000000000000000
00000000000000000000000000000000000000000000000000000000000000000000000000000000
00000000000000000000000000000000001000000000000000000000000000000000000000000000
00000000000000000000000000000000001000000000000000000000000000000000000000000000
00000000000000000000000000000000010000000000000000000000000000000000000000000000
00000000000000000000000000000000110000000000001111000000000000000000000000000000
00000000000000000000000000000000100000000001111001000000000000000000000000000000
00000000000000000000000000000001000000001111000001000000000000000000000000000000
00000000000000000000000000000010001001110000000001000000000000000000000000000000
00000000000000000000000000000110001000000000000001000000000000000000000000000000
00000000000000000000000000001100001000000010000001000000000000000000000000000000
00000000000000000000000000000000011000000010000111100000000000000000000000000000
00000000000000000000000000000000010000000011111001000000000000000000000000000000
00000000000000000000000000000000110000000010000001000000000000000000000000000000
00000000000000000000000000000000100000000010000001000000000000000000000000000000
00000000000000000000000000000001100000000010000001110000000000000000000000000000
00000000000000000000000000000001000000000010000110000000000000000000000000000000
00000000000000000000000000000010100000000011111000000000000000000000000000000000
00000000000000000000000000001110100000000010000000000100000000000000000000000000
00000000000000000000000000000000100000000010000000001100000000000000000000000000
00000000000000000000000000000000100000000010100000001000000000000000000000000000
00000000000000000000000000000000010000000010010000011000000000000000000000000000
00000000000000000000000000000000010000000010001100110000000000000000000000000000
00000000000000000000000000000000010000000010000111000000000000000000000000000000
00000000000000000000000000000000010000000010000011000000000000000000000000000000
00000000000000000000000000000000010000000010000001100000000000000000000000000000
00000000000000000000000000000000010000000010001000010000000000000000000000000000
00000000000000000000000000000000010000000010001000011000000000000000000000000000
00000000000000000000000000000000010000000010001000000110000000000000000000000000
00000000000000000000000000000000010000000010010000000011000000000000000000000000
00000000000000000000000000000000010000000010110000000001110000000000000000000000
00000000000000000000000000000000110000000011100000000000011100000000000000000000
00000000000000000000000000000000100000000000000000000000000111100000000000000000
00000000000000000000000000000000000000000000000000000000000000111110000000000000
00000000000000000000000000000000000000000000000000000000000000000001100000000000
00000000000000000000000000000000000000000000000000000000000000000000000000000000
00000000000000000000000000000000000000000000000000000000000000000000000000000000
00000000000000000000000000000000000000000000000000000000000000000000000000000000
00000000000000000000000000000000000000000000000000000000000000000000000000000000
00000000000000000000000000000000000000000000000000000000000000000000000000000000
00000000000000000000000000000000000000000000000000000000000000000000000000000000
00000000000000000000000000000000000000000000000000000000000000000000000000000000
00000000000000000000000000000000000000000000000000000000000000000000000000000000
00000000000000000000000000000000000000000000000000000000000000000000000000000000
00000000000000000000000000000000000000000000000000000000000000000000000000000000
00000000000000000000000000000000000000000000000000000000000000000000000000000000
00000000000000000000000000000000000000000000000000000000000000000000000000000000
00000000000000000000000000000000000000000000000000000000000000000000000000000000
00000000000000000000000000000000000000000000000000000000000000000000000000000000
00000000000000000000000000000000000000000000000000000000000000000000000000000000
