00000000000000000000000000000000000000000000000000000000000000000000000000000000
00000000000000000000000000000000000000000000000000000000000000000000000000000000
00000000000000000000000000000000000000000000000000000000000000000000000000000000
00000000000000000000000000000000000000000000000000000000000000000000000000000000
00000000000000000000000000000000000000000000000000000000000000000000000000000000
00000000000000000000000000000000000000000000000000000000000000000000000000000000
00000000000000000000000000000000000000000000000000000000000000000000000000000000
00000000000000000000000000000000000000000000000000000000000000000000000000000000
00000000000000000000000000000000000000000000000000000000000000000000000000000000
00000000000000000000000000000000000000000000000000000000000000000000000000000000
00000000000000000000000000000000000000000000000000000000000000000000000000000000
00000000000000000000000000000000000000000000000000000000000000000000000000000000
00000000000000000000000000000000000000000111111111110000000000000000000000000000
00000000000000000000000000000000000100000000000000010000000000000000000000000000
00000000000000000000000000000000001100000000000000010000000000000000000000000000
00000000000000000000000000000000011000000100000000010000000000000000000000000000
00000000000000000000000000000000110000000100000000010000000000000000000000000000
00000000000000000000000000000001100000000100000011110000000000000000000000000000
00000000000000000000000000000001000000000100111110010000000000000000000000000000
00000000000000000000000000000110000000000100000000010000000000000000000000000000
00000000000000000000000000001100000001000100000000110000000000000000000000000000
00000000000000000000000000111000000011000100000000100000000000000000000000000000
00000000000000000000000000000000000110000100000011100000000000000000000000000000
00000000000000000000000000000000000100000100111111100000000000000000000000000000
00000000000000000000000000000000001000000101100000000000000000000000000000000000
00000000000000000000000000000000010000000100000000000000000000000000000000000000
00000000000000000000000000000000110000000100000000000000000000000000000000000000
00000000000000000000000000000001010000000100000000000001000000000000000000000000
00000000000000000000000000000010010000000100000000000011000000000000000000000000
00000000000000000000000000011100010000000101100000000010000000000000000000000000
00000000000000000000000000110000001000000100100000001100000000000000000000000000
00000000000000000000000000000000001000000100110111111000000000000000000000000000
00000000000000000000000000000000001000000100011000000000000000000000000000000000
00000000000000000000000000000000001000000100001100000000000000000000000000000000
00000000000000000000000000000000001000000100000110000000000000000000000000000000
00000000000000000000000000000000001000000100000011000000000000000000000000000000
00000000000000000000000000000000001000000100000001100000000000000000000000000000
00000000000000000000000000000000001000000010000000110000000000000000000000000000
00000000000000000000000000000000001000000010000001011000000000000000000000000000
00000000000000000000000000000000001000000010000010001100000000000000000000000000
00000000000000000000000000000000001000000011000110000111000000000000000000000000
00000000000000000000000000000000001000000001001100000001110000000000000000000000
00000000000000000000000000000000000000000001111000000000011110000000000000000000
00000000000000000000000000000000000000000000110000000000000000000000000000000000
00000000000000000000000000000000000000000000000000000000000000000000000000000000
00000000000000000000000000000000000000000000000000000000000000000000000000000000
00000000000000000000000000000000000000000000000000000000000000000000000000000000
00000000000000000000000000000000000000000000000000000000000000000000000000000000
00000000000000000000000000000000000000000000000000000000000000000000000000000000
00000000000000000000000000000000000000000000000000000000000000000000000000000000
00000000000000000000000000000000000000000000000000000000000000000000000000000000
00000000000000000000000000000000000000000000000000000000000000000000000000000000
00000000000000000000000000000000000000000000000000000000000000000000000000000000
00000000000000000000000000000000000000000000000000000000000000000000000000000000
00000000000000000000000000000000000000000000000000000000000000000000000000000000
00000000000000000000000000000000000000000000000000000000000000000000000000000000
00000000000000000000000000000000000000000000000000000000000000000000000000000000
00000000000000000000000000000000000000000000000000000000000000000000000000000000
00000000000000000000000000000000000000000000000000000000000000000000000000000000
00000000000000000000000000000000000000000000000000000000000000000000000000000000
