00000000000000000000000000000000000000000000000000000000000000000000000000000000
00000000000000000000000000000000000000000000000000000000000000000000000000000000
00000000000000000000000000000000000000000000000000000000000000000000000000000000
00000000000000000000000000000000000000000000000000000000000000000000000000000000
00000000000000000000000000000000000000000000000000000000000000000000000000000000
00000000000000000000000000000000000000000000000000000000000000000000000000000000
00000000000000000000000000000000000000000000000000000000000000000000000000000000
00000000000000000000000000000000000100000000000000000000000000000000000000000000
00000000000000000000000000000000001000000000000000000000000000000000000000000000
00000000000000000000000000000000001000000000000000000000000000000000000000000000
00000000000000000000000000000000010000000000000001100000000000000000000000000000
00000000000000000000000000000000110000000000000000110000000000000000000000000000
00000000000000000000000000000001100000000000111000010000000000000000000000000000
00000000000000000000000000000011000001111111000000010000000000000000000000000000
00000000000000000000000000000110000001000000000000010000000000000000000000000000
00000000000000000000000000011100000001000000000000010000000000000000000000000000
00000000000000000000000000100000000010001000001111010000000000000000000000000000
00000000000000000000000000000000000100001011110000100000000000000000000000000000
00000000000000000000000000000000000100000100000000100000000000000000000000000000
00000000000000000000000000000000001000000100000001100000000000000000000000000000
00000000000000000000000000000000010000000100000111100000000000000000000000000000
00000000000000000000000000000000110000000100111000000000000000000000000000000000
00000000000000000000000000000011010000000100100000100000000000000000000000000000
00000000000000000000000000000110011000000100000000100000000000000000000000000000
00000000000000000000000000011000001000000100000000100000000000000000000000000000
00000000000000000000000011110000001000000100000000100000000000000000000000000000
00000000000000000000000110000000001100000111000001100000000000000000000000000000
00000000000000000000000000000000000100000101100111000000000000000000000000000000
00000000000000000000000000000000000100000101111100000000000000000000000000000000
00000000000000000000000000000000000100000100011100000000000000000000000000000000
00000000000000000000000000000000000100000100010111000000000000000000000000000000
00000000000000000000000000000000000100000100010001110000000000000000000000000000
00000000000000000000000000000000000110000100110000011100000000000000000000000000
00000000000000000000000000000000000010000111100000000111000000000000000000000000
00000000000000000000000000000000000010000000000000000001111111111100000000000000
00000000000000000000000000000000000010000000000000000000000000000000000000000000
00000000000000000000000000000000000010000000000000000000000000000000000000000000
00000000000000000000000000000000000100000000000000000000000000000000000000000000
00000000000000000000000000000000000100000000000000000000000000000000000000000000
00000000000000000000000000000000000000000000000000000000000000000000000000000000
00000000000000000000000000000000000000000000000000000000000000000000000000000000
00000000000000000000000000000000000000000000000000000000000000000000000000000000
00000000000000000000000000000000000000000000000000000000000000000000000000000000
00000000000000000000000000000000000000000000000000000000000000000000000000000000
00000000000000000000000000000000000000000000000000000000000000000000000000000000
00000000000000000000000000000000000000000000000000000000000000000000000000000000
00000000000000000000000000000000000000000000000000000000000000000000000000000000
00000000000000000000000000000000000000000000000000000000000000000000000000000000
00000000000000000000000000000000000000000000000000000000000000000000000000000000
00000000000000000000000000000000000000000000000000000000000000000000000000000000
00000000000000000000000000000000000000000000000000000000000000000000000000000000
00000000000000000000000000000000000000000000000000000000000000000000000000000000
00000000000000000000000000000000000000000000000000000000000000000000000000000000
00000000000000000000000000000000000000000000000000000000000000000000000000000000
00000000000000000000000000000000000000000000000000000000000000000000000000000000
00000000000000000000000000000000000000000000000000000000000000000000000000000000
00000000000000000000000000000000000000000000000000000000000000000000000000000000
00000000000000000000000000000000000000000000000000000000000000000000000000000000
00000000000000000000000000000000000000000000000000000000000000000000000000000000
00000000000000000000000000000000000000000000000000000000000000000000000000000000
