00000000000000000000000000000000000000000000000000000000000000000000000000000000
00000000000000000000000000000000000000000000000000000000000000000000000000000000
00000000000000000000000000000000000000000000000000000000000000000000000000000000
00000000000000000000000000000000000000000000000000000000000000000000000000000000
00000000000000000000000000000000000000000000000000000000000000000000000000000000
00000000000000000000000000000000000000000000000000000000000000000000000000000000
00000000000000000000000000000000000000000000000000000000000000000000000000000000
00000000000000000000000000000000000000000000000000000000000000000000000000000000
00000000000000000000000000000000000000000000000000000000000000000000000000000000
00000000000000000000000000000000000000000000000000000000000000000000000000000000
00000000000000000000000000000000000000000000000000000000000000000000000000000000
00000000000000000000000000000000000000000000000000000000000000000000000000000000
00000000000000000000000000000000000000000000000000000000000000000000000000000000
00000000000000000000000000000000000000000000000000000000000000000000000000000000
00000000000000000000000000000000000000000000000000000000000000000000000000000000
00000000000000000000000000000000000000000000000000000000000000000000000000000000
00000000000000000000000000000000000000000000000000000000000000000000000000000000
00000000000000000000000000000000001000000000000000000000000000000000000000000000
00000000000000000000000000000000011000000000000000000000000000000000000000000000
00000000000000000000000000000000010000000000000000000000000000000000000000000000
00000000000000000000000000000000100000000000000100000000000000000000000000000000
00000000000000000000000000000011000000000001100100000000000000000000000000000000
00000000000000000000000000000110000100001110000100000000000000000000000000000000
00000000000000000000000000011000001101110000000100000000000000000000000000000000
00000000000000000000000000110000001000010000000010000000000000000000000000000000
00000000000000000000000000000000011000010000011010000000000000000000000000000000
00000000000000000000000000000000110000010111110010000000000000000000000000000000
00000000000000000000000000000001100000011000000010000000000000000000000000000000
00000000000000000000000000000011100000010000000010000000000000000000000000000000
00000000000000000000000000001100100000010000000110000000000000000000000000000000
00000000000000000000000000011000100000100000000100000000000000000000000000000000
00000000000000000000000000110000110000100000001100000000000000000000000000000000
00000000000000000000000000000000010000100111111000001000000000000000000000000000
00000000000000000000000000000000010000111100000000001000000000000000000000000000
00000000000000000000000000000000010000101100000000001000000000000000000000000000
00000000000000000000000000000000010000100011000000010000000000000000000000000000
00000000000000000000000000000000010000110001100000110000000000000000000000000000
00000000000000000000000000000000010000010000110011100000000000000000000000000000
00000000000000000000000000000000001000010000001100000000000000000000000000000000
00000000000000000000000000000000001000010000100110000000000000000000000000000000
00000000000000000000000000000000001000010001000001100000000000000000000000000000
00000000000000000000000000000000001000010011000000111100000000000000000000000000
00000000000000000000000000000000001000011010000000000111111111111000000000000000
00000000000000000000000000000000001000001100000000000000000000000000000000000000
00000000000000000000000000000000001000000000000000000000000000000000000000000000
00000000000000000000000000000000000000000000000000000000000000000000000000000000
00000000000000000000000000000000000000000000000000000000000000000000000000000000
00000000000000000000000000000000000000000000000000000000000000000000000000000000
00000000000000000000000000000000000000000000000000000000000000000000000000000000
00000000000000000000000000000000000000000000000000000000000000000000000000000000
00000000000000000000000000000000000000000000000000000000000000000000000000000000
00000000000000000000000000000000000000000000000000000000000000000000000000000000
00000000000000000000000000000000000000000000000000000000000000000000000000000000
00000000000000000000000000000000000000000000000000000000000000000000000000000000
00000000000000000000000000000000000000000000000000000000000000000000000000000000
00000000000000000000000000000000000000000000000000000000000000000000000000000000
00000000000000000000000000000000000000000000000000000000000000000000000000000000
00000000000000000000000000000000000000000000000000000000000000000000000000000000
00000000000000000000000000000000000000000000000000000000000000000000000000000000
00000000000000000000000000000000000000000000000000000000000000000000000000000000
