00000000000000000000000000000000000000000000000000000000000000000000000000000000
00000000000000000000000000000000000000000000000000000000000000000000000000000000
00000000000000000000000000000000000000000000000000000000000000000000000000000000
00000000000000000000000000000000000000000000000000000000000000000000000000000000
00000000000000000000000000000000000000000000000000000000000000000000000000000000
00000000000000000000000000000000000000000000000000000000000000000000000000000000
00000000000000000000000000000000000000000000000000000000000000000000000000000000
00000000000000000000000000000000000000000000000000000000000000000000000000000000
00000000000000000000000000000000000000000000000000000000000000000000000000000000
00000000000000000000000000000000000000000000000000000000000000000000000000000000
00000000000000000000000000000000000000000000000000000000000000000000000000000000
00000000000000000000000000000000000000000000000000000000000000000000000000000000
00000000000000000000000000000000000000000000000000000000000000000000000000000000
00000000000000000000000000000000000000000000000000000000000000000000000000000000
00000000000000000000000000000000000010000000000000000000000000000000000000000000
00000000000000000000000000000000000010000000000000000000000000000000000000000000
00000000000000000000000000000000000010000000000110000000000000000000000000000000
00000000000000000000000000000000000010000111100010000000000000000000000000000000
00000000000000000000000000000000000010111100000010000000000000000000000000000000
00000000000000000000000000000000000100000000000010000000000000000000000000000000
00000000000000000000000000000000001100010000000010000000000000000000000000000000
00000000000000000000000000000000001000010000000100000000000000000000000000000000
00000000000000000000000000000000010100010011111100000000000000000000000000000000
00000000000000000000000000000001100100010110000100000000000000000000000000000000
00000000000000000000000000000011000100110000001100000000000000000000000000000000
00000000000000000000000000000000001100100000001000000000000000000000000000000000
00000000000000000000000000000000001000100000001000000000000000000000000000000000
00000000000000000000000000000000010000100011111110000000000000000000000000000000
00000000000000000000000000000001110000100110000000000000000000000000000000000000
00000000000000000000000000000111000000100000000000000000000000000000000000000000
00000000000000000000000000011101100000100000000000000000000000000000000000000000
00000000000000000000000000000000100000100000000000100000000000000000000000000000
00000000000000000000000000000000100000100000000000100000000000000000000000000000
00000000000000000000000000000000100000100100000001100000000000000000000000000000
00000000000000000000000000000000110000100110000011000000000000000000000000000000
00000000000000000000000000000000010000100011000110000000000000000000000000000000
00000000000000000000000000000000010000100001111000000000000000000000000000000000
00000000000000000000000000000000010000100000100000000000000000000000000000000000
00000000000000000000000000000000010000100000010000000000000000000000000000000000
00000000000000000000000000000000010000100000011100000000000000000000000000000000
00000000000000000000000000000000010000100000100110000000000000000000000000000000
00000000000000000000000000000000010000110001100011000000000000000000000000000000
00000000000000000000000000000000010000010011000000110000000000000000000000000000
00000000000000000000000000000000010000011110000000011100000000000000000000000000
00000000000000000000000000000000010000000000000000000011111100000000000000000000
00000000000000000000000000000000000000000000000000000000000000000000000000000000
00000000000000000000000000000000000000000000000000000000000000000000000000000000
00000000000000000000000000000000000000000000000000000000000000000000000000000000
00000000000000000000000000000000000000000000000000000000000000000000000000000000
00000000000000000000000000000000000000000000000000000000000000000000000000000000
00000000000000000000000000000000000000000000000000000000000000000000000000000000
00000000000000000000000000000000000000000000000000000000000000000000000000000000
00000000000000000000000000000000000000000000000000000000000000000000000000000000
00000000000000000000000000000000000000000000000000000000000000000000000000000000
00000000000000000000000000000000000000000000000000000000000000000000000000000000
00000000000000000000000000000000000000000000000000000000000000000000000000000000
00000000000000000000000000000000000000000000000000000000000000000000000000000000
00000000000000000000000000000000000000000000000000000000000000000000000000000000
00000000000000000000000000000000000000000000000000000000000000000000000000000000
00000000000000000000000000000000000000000000000000000000000000000000000000000000
