00000000000000000000000000000000000000000000000000000000000000000000000000000000
00000000000000000000000000000000000000000000000000000000000000000000000000000000
00000000000000000000000000000000000000000000000000000000000000000000000000000000
00000000000000000000000000000000000000000000000000000000000000000000000000000000
00000000000000000000000000000000000000000000000000000000000000000000000000000000
00000000000000000000000000000000000000000000000000000000000000000000000000000000
00000000000000000000000000000000000000000000000000000000000000000000000000000000
00000000000000000000000000000000000000000000000000000000000000000000000000000000
00000000000000000000000000000000000000000000000000000000000000000000000000000000
00000000000000000000000000000000000000000000000000000000000000000000000000000000
00000000000000000000000000000000000000000000000000000000000000000000000000000000
00000000000000000000000000000000000000000000000000000000000000000000000000000000
00000000000000000000000000000000000000000000000000000000000000000000000000000000
00000000000000000000000000000000000000000000000000000000000000000000000000000000
00000000000000000000000000000000000000000000000000000000000000000000000000000000
00000000000000000000000000000000000000000000000000000000000000000000000000000000
00000000000000000000000000000000000000000000000000000000000000000000000000000000
00000000000000000000000000000000000100000000000000000000000000000000000000000000
00000000000000000000000000000000000100000001110000000000000000000000000000000000
00000000000000000000000000000000001000001111011000000000000000000000000000000000
00000000000000000000000000000000011001110000001000000000000000000000000000000000
00000000000000000000000000000000010000000000001000000000000000000000000000000000
00000000000000000000000000000001100000000111111000000000000000000000000000000000
00000000000000000000000000001111000101011100001000000000000000000000000000000000
00000000000000000000000000111000000101100000001000000000000000000000000000000000
00000000000000000000000000000000001100100000001000000000000000000000000000000000
00000000000000000000000000000000011000100000111000000000000000000000000000000000
00000000000000000000000000000001110000111111100010000000000000000000000000000000
00000000000000000000000011111111100000110000000010000000000000000000000000000000
00000000000000000000000000000000010000010000000010000000000000000000000000000000
00000000000000000000000000000000010000011000000010000000000000000000000000000000
00000000000000000000000000000000001000011100000010000000000000000000000000000000
00000000000000000000000000000000001000010011001110000000000000000000000000000000
00000000000000000000000000000000000100010001111000000000000000000000000000000000
00000000000000000000000000000000000100010000011000000000000000000000000000000000
00000000000000000000000000000000000100010001001110000000000000000000000000000000
00000000000000000000000000000000000100010010000011100000000000000000000000000000
00000000000000000000000000000000000100010100000000111000000000000000000000000000
00000000000000000000000000000000000100011100000000000111111111000000000000000000
00000000000000000000000000000000000100011000000000000000000000000000000000000000
00000000000000000000000000000000000000000000000000000000000000000000000000000000
00000000000000000000000000000000000000000000000000000000000000000000000000000000
00000000000000000000000000000000000000000000000000000000000000000000000000000000
00000000000000000000000000000000000000000000000000000000000000000000000000000000
00000000000000000000000000000000000000000000000000000000000000000000000000000000
00000000000000000000000000000000000000000000000000000000000000000000000000000000
00000000000000000000000000000000000000000000000000000000000000000000000000000000
00000000000000000000000000000000000000000000000000000000000000000000000000000000
00000000000000000000000000000000000000000000000000000000000000000000000000000000
00000000000000000000000000000000000000000000000000000000000000000000000000000000
00000000000000000000000000000000000000000000000000000000000000000000000000000000
00000000000000000000000000000000000000000000000000000000000000000000000000000000
00000000000000000000000000000000000000000000000000000000000000000000000000000000
00000000000000000000000000000000000000000000000000000000000000000000000000000000
00000000000000000000000000000000000000000000000000000000000000000000000000000000
00000000000000000000000000000000000000000000000000000000000000000000000000000000
00000000000000000000000000000000000000000000000000000000000000000000000000000000
00000000000000000000000000000000000000000000000000000000000000000000000000000000
00000000000000000000000000000000000000000000000000000000000000000000000000000000
00000000000000000000000000000000000000000000000000000000000000000000000000000000
