00000000000000000000000000000000000000000000000000000000000000000000000000000000
00000000000000000000000000000000000000000000000000000000000000000000000000000000
00000000000000000000000000000000000000000000000000000000000000000000000000000000
00000000000000000000000000000000000000000000000000000000000000000000000000000000
00000000000000000000000000000000000000000000000000000000000000000000000000000000
00000000000000000000000000000000000000000000000000000000000000000000000000000000
00000000000000000000000000000000000000000000000000000000000000000000000000000000
00000000000000000000000000000000000000000000000000000000000000000000000000000000
00000000000000000000000000000000000000000000000000000000000000000000000000000000
00000000000000000000000000000000000000000000000000000000000000000000000000000000
00000000000000000000000000000000000000000000000000000000000000000000000000000000
00000000000000000000000000000000000000000000000000000000000000000000000000000000
00000000000000000000000000000000000000000000000000000001000000000000000000000000
00000000000000000000000000000000000000000000000000000001000000000000000000000000
00000000000000000000000000000000000000000000000000000011111111111111100000000000
00000000000000000000000000000000000000000000000000000010000000000000100000000000
00000000000000000000000000000000000000000000000000000100000000000000100000000000
00000000000000000000000000000000000000000000000000001000000000000000100000000000
00000000000000000000000000000000000000000000000000011000010000000000100000000000
00000000000000000000000000000000000000000000000001100000001001111111100000000000
00000000000000000000000000000000000000000000000111000000001000000001100000000000
00000000000000000000000000000000000000000000011100000010001000000001000000000000
00000000000000000000000000000000000000000000000000000100001000000011000000000000
00000000000000000000000000000000000000000000000000000100001000000110010000000000
00000000000000000000000000000000000000000000000000001100001000000111110000000000
00000000000000000000000000000000000000000000000000011000000101111000000000000000
00000000000000000000000000000000000000000000000000110000000110000000000000000000
00000000000000000000000000000000000000000000000001101000000100000000000000000000
00000000000000000000000000000000000000000000000110001000000100000000010000000000
00000000000000000000000000000000000000000000111000001000001100000000010000000000
00000000000000000000000000000000000000000000000000000100001100000000010000000000
00000000000000000000000000000000000000000000000000000100000110000000100000000000
00000000000000000000000000000000000000000000000000000100000110000011000000000000
00000000000000000000000000000000000000000000000000000100000111111100000000000000
00000000000000000000000000000000000000000000000000000100000100111000000000000000
00000000000000000000000000000000000000000000000000000100000100110000000000000000
00000000000000000000000000000000000000000000000000000100000100111000000000000000
00000000000000000000000000000000000000000000000000000100000101101000000000000000
00000000000000000000000000000000000000000000000000000100000101000110000000000000
00000000000000000000000000000000000000000000000000000100000111000011100000000000
00000000000000000000000000000000000000000000000000000100000110000000111100000000
00000000000000000000000000000000000000000000000000001100000000000000000110000000
00000000000000000000000000000000000000000000000000000000000000000000000000000000
00000000000000000000000000000000000000000000000000000000000000000000000000000000
00000000000000000000000000000000000000000000000000000000000000000000000000000000
00000000000000000000000000000000000000000000000000000000000000000000000000000000
00000000000000000000000000000000000000000000000000000000000000000000000000000000
00000000000000000000000000000000000000000000000000000000000000000000000000000000
00000000000000000000000000000000000000000000000000000000000000000000000000000000
00000000000000000000000000000000000000000000000000000000000000000000000000000000
00000000000000000000000000000000000000000000000000000000000000000000000000000000
00000000000000000000000000000000000000000000000000000000000000000000000000000000
00000000000000000000000000000000000000000000000000000000000000000000000000000000
00000000000000000000000000000000000000000000000000000000000000000000000000000000
00000000000000000000000000000000000000000000000000000000000000000000000000000000
00000000000000000000000000000000000000000000000000000000000000000000000000000000
00000000000000000000000000000000000000000000000000000000000000000000000000000000
00000000000000000000000000000000000000000000000000000000000000000000000000000000
00000000000000000000000000000000000000000000000000000000000000000000000000000000
00000000000000000000000000000000000000000000000000000000000000000000000000000000
