00000000000000000000000000000000000000000000000000000000000000000000000000000000
00000000000000000000000000000000000000000000000000000000000000000000000000000000
00000000000000000000000000000000000000000000000000000000000000000000000000000000
00000000000000000000000000000000000000000000000000000000000000000000000000000000
00000000000000000000000000000000000000000000000000000000000000000000000000000000
00000000000000000000000000000000000000000000000000000000000000000000000000000000
00000000000000000000000000000000000000000000000000000000000000000000000000000000
00000000000000000000000000000000000000000000000000000000000000000000000000000000
00000000000000000000000000000000000000000000000000000000000000000000000000000000
00000000000000000000000000000000000000000000000000000000000000000000000000000000
00000000000000000000000000000000000000000000000000000000000000000000000000000000
00000000000000000000000000000000000000000000000000000000000000000000000000000000
00000000000000000000000000000000000000000000000000000000000000000000000000000000
00000000000000000000000000000000000000000000000000000000000000000000000000000000
00000000000000000000000000000000000000000000000000000000000000000000000000000000
00000000000000000000000000000000000000000000000000000000000000000000000000000000
00000000000000000000000000000000000000000000000000000000000000000000000000000000
00000000000000000000000000000000000000000000000000000000000000000000000000000000
00000000000000000000000000000000000000000000000000000000000000000000000000000000
00000000000000000000000000000000000000000000000000000000000000000000000000000000
00000000000000000000000000000000000000000000000000000000000000000000000000000000
00000000000000000000000000001000000000000000000000000000000000000000000000000000
00000000000000000000000000001000000000000000000000000000000000000000000000000000
00000000000000000000000000001000000000000000000000000000000000000000000000000000
00000000000000000000000000001000000000000001000000000000000000000000000000000000
00000000000000000000000000001000000000000001000000000000000000000000000000000000
00000000000000000000000000001000000000000001000000000000000000000000000000000000
00000000000000000000000000001000000000000001000000000000000000000000000000000000
00000000000000000000000000001000000000000001000000000000000000000000000000000000
00000000000000000000000000001000000000000001000000000000000000000000000000000000
00000000000000000000000000001000000000000001000111000000000000000000000000000000
00000000000000000000000000001000000000000111111100000000000000000000000000000000
00000000000000000000000000001011111111111001000000000000000000000000000000000000
00000000000000000000011111111111100000000000001000000000000000000000000000000000
00000000000000000000000000000001000000000000001000000000000000000000000000000000
00000000000000000000000000000001000000000000001000000000000000000000000000000000
00000000000000000000000000000001000110000000001000000000000000000000000000000000
00000000000000000000000000000001011100000000001111111000000000000000000000000000
00000000000000000000000000000001110000000000111100001000000000000000000000000000
00000000000000000000000000000111000000000011100000001000000000000000000000000000
00000000000000000000000000111001000000000110000000011000000000000000000000000000
00000000000000000000001111000001000011000000000000010000000000000000000000000000
00000000000000000000001000000001000000110000000000110000000000000000000000000000
00000000000000000000000000000001000000011100000000100000000000000000000000000000
00000000000000000000000000000001000000000110000001000000000000000000000000000000
00000000000000000000000000000001000000000001100011000000000000000000000000000000
00000000000000000000000000000001000000000000110010000000000000000000000000000000
00000000000000000000000000000001000000000000011100000000000000000000000000000000
00000000000000000000000000000001000000000000001100000000000000000000000000000000
00000000000000000000000000110001000000000000011110000000000000000000000000000000
00000000000000000000000000010001000000000000110001100000000000000000000000000000
00000000000000000000000000001001100000000011100000110000000000000000000000000000
00000000000000000000000000000111111111111110000000011000000000000000000000000000
00000000000000000000000000000000000000000000000000001100000000000000000000000000
00000000000000000000000000000000000000000000000000000110000000000000000000000000
00000000000000000000000000000000000000000000000000000011100000000000000000000000
00000000000000000000000000000000000000000000000000000000111000000000000000000000
00000000000000000000000000000000000000000000000000000000001111111000000000000000
00000000000000000000000000000000000000000000000000000000000000000000000000000000
00000000000000000000000000000000000000000000000000000000000000000000000000000000
