00000000000000000000000000000000000000000000000000000000000000000000000000000000
00000000000000000000000000000000000000000000000000000000000000000000000000000000
00000000000000000000000000000000000000000000000000000000000000000000000000000000
00000000000000000000000000000000000000000000000000000000000000000000000000000000
00000000000000000000000000000000000000000000000000000000000000000000000000000000
00000000000000000000000000000000000000000000000000000000000000000000000000000000
00000000000000000000000000000000000000000000000000000000000000000000000000000000
00000000000000000000000000000000000000000000000000000000000000000000000000000000
00000000000000000000000000000000000000000000000000000000000000000000000000000000
00000000000000000000000000000000000000000000000000000000000000000000000000000000
00000000000000000000000000000000000000000000000000000000000000000000000000000000
00000000000000000000000000000000000000000000000000000000000000000000000000000000
00000000000000000000000000000000000000000000000000000000000000000000000000000000
00000000000000000000000000000000000000000000000000000000000000000000000000000000
00000000000000000000000000000000000000000000000000000000000000000000000000000000
00000000000000000000000000000000000000000000000000000000000000000000000000000000
00000000000000000000000000000000000000000000000000000000000000000000000000000000
00000000000000000000000000000000000000000000000000000000000000000000000000000000
00000000000000000000000000000000000000000000000000000000000000000000000000000000
00000000000000000000000000000000000000000000000000000000000000000000000000000000
00000000000000000000000000000000000000000000000000000000000000000000000000000000
00000000000000000000000000000000000000000000000000000000000000000000000000000000
00000000000000000000000000000000000000000000000000000000000000000000000000000000
00000000000000000000000000000000000000000000000000000000000000000000000000000000
00000000000000000000000000000000000000000000000000000000000000000000000000000000
00000000000000000000000000000000000000000000000000000000000000000000000000000000
00000000000000000000000000000000000000000000000000000000000000000000000000000000
00000000000000000000000000000100000000010000000000000000000000000000000000000000
00000000000000000000000000000100000000010000000000000000000000000000000000000000
00000000000000000000000000000100000000011000000000000000000000000000000000000000
00000000000000000000000000000100000000001000000000000000000000000000000000000000
00000000000000000000000000000100000000001000000000000000000000000000000000000000
00000000000000000000000000000100000000001000000000000000000000000000000000000000
00000000000000000000000000000100000000001000000000000000000000000000000000000000
00000000000000000000000000000100000000001000000100000000000000000000000000000000
00000000000000000000000000000100111100001000011100000000000000000000000000000000
00000000000000000000000000011111000011111111100000000000000000000000000000000000
00000000000000000000111111111110100000000000100000000000000000000000000000000000
00000000000000000000000000000000100000000000100000000000000000000000000000000000
00000000000000000000000000000000100000000000100000000000000000000000000000000000
00000000000000000000000000000000100001000000100000000000000000000000000000000000
00000000000000000000000000000000100011000000111111000000000000000000000000000000
00000000000000000000000000000000100110000011100001000000000000000000000000000000
00000000000000000000000000000000111100000110000001000000000000000000000000000000
00000000000000000000000000000001110000001100000001000000000000000000000000000000
00000000000000000000000000000011100011100000000011000000000000000000000000000000
00000000000000000000000000000110100000111000000110000000000000000000000000000000
00000000000000000000000000001100100000001100001100000000000000000000000000000000
00000000000000000000000000011000100000000110011000000000000000000000000000000000
00000000000000000000000000110000100000000011110000000000000000000000000000000000
00000000000000000000000001000000100000000001110000000000000000000000000000000000
00000000000000000000000000000000100000000011001100000000000000000000000000000000
00000000000000000000000000000001110000000110000110000000000000000000000000000000
00000000000000000000000000001001011000111000000001100000000000000000000000000000
00000000000000000000000000001101001111100000000000111000000000000000000000000000
00000000000000000000000000000111000000000000000000001100000000000000000000000000
00000000000000000000000000000000000000000000000000000111000000000000000000000000
00000000000000000000000000000000000000000000000000000001110000000000000000000000
00000000000000000000000000000000000000000000000000000000001111111100000000000000
00000000000000000000000000000000000000000000000000000000000000000000000000000000
