00000000000000000000000000000000000000000000000000000000000000000000000000000000
00000000000000000000000000000000000000000000000000000000000000000000000000000000
00000000000000000000000000000000000000000000000000000000000000000000000000000000
00000000000000000000000000000000000000000000000000000000000000000000000000000000
00000000000000000000000000000000000000000000000000000000000000000000000000000000
00000000000000000000000000000000000000000000000000000000000000000000000000000000
00000000000000000000000000000000000000000000000000000000000000000000000000000000
00000000000000000000000000000000000000000000000000000000000000000000000000000000
00000000000000000000000000000000000000000000000000000000000000000000000000000000
00000000000000000000000000000000000000000000000000000000000000000000000000000000
00000000000000000000000000000000000000000000000000000000000000000000000000000000
00000000000000000000000000000000000000000000000000000000000000000000000000000000
00000000000000000000000000000000000000000000000000000000000000000000000000000000
00000000000000000000000000000000000000000000000000000000000000000000000000000000
00000000000000000000000000000000000000000000000000000000000000000000000000000000
00000000000000000000000000000000000000000000000000000000000000000000000000000000
00000000000000000000000000000000000000000000000000000000000000000000000000000000
00000000000000000000000000000000000000000000000000000000000000000000000000000000
00000000000000000000000000000000000000000000000000000000000000000000000000000000
00000000000000000000000000000000000000000000000000000000000000000000000000000000
00000000000000000000000000000000000000000000000000000000000000000000000000000000
00000000000000000000000000000000000000000000000000000000000000000000000000000000
00000000000000000000000000000000000000000000000000000000000000000000000000000000
00000000000000000000000000000000000000000000000000000000000000000000000000000000
00000000000000000000000000000000000000000000000000000000000000000000000000000000
00000000000000000000000000000000000000000000000000000000000000000000000000000000
00000000000000000000000000000000000000000000000000000000000000000000000000000000
00000000000000000000000000000000000000000000000000000000000000000000000000000000
00000000000000000000000000000000000000000000000000000000000000000000000000000000
00000000000000100000000000000000000000000000000000000000000000000000000000000000
00000000000000100000000000000000000000000000000000000000000000000000000000000000
00000000000000100000000000001000000000000000000000000000000000000000000000000000
00000000000000100000000000001000000000000000000000000000000000000000000000000000
00000000000000010000000000001000000000000000000000000000000000000000000000000000
00000000000000010000000000001000000000000000000000000000000000000000000000000000
00000000000000010000000000001000000000000000000000000000000000000000000000000000
00000000000000010000000000001000000000000000000000000000000000000000000000000000
00000000000000010000000000001000000000000000000000000000000000000000000000000000
00000000000000010111111001111111100000000000000000000000000000000000000000000000
00000000000000111100000110001000000000000000000000000000000000000000000000000000
00000001111111010000000000001000000000000000000000000000000000000000000000000000
00000000000000010000000000001001111100000000000000000000000000000000000000000000
00000000000000010000000000001111000100000000000000000000000000000000000000000000
00000000000000010001100000111000001100000000000000000000000000000000000000000000
00000000000000010111000011100000011000000000000000000000000000000000000000000000
00000000000000011100001110000000110000000000000000000000000000000000000000000000
00000000000111111000000011000001100000000000000000000000000000000000000000000000
00000000111111000001000000001100001000000000000000000000000000000000000000000000
00000000000000000001000000000011010000000000000000000000000000000000000000000000
00000000000000000001000000000001110000000000000000000000000000000000000000000000
00000000000000000001000000000001110000000000000000000000000000000000000000000000
00000000000000000001000000000010011000000000000000000000000000000000000000000000
00000000000000000011000000000100001100000000000000000000000000000000000000000000
00000000000001000010100000111000000011000000000000000000000000000000000000000000
00000000000000110010111111100000000001100000000000000000000000000000000000000000
00000000000000011010000000000000000000111000000000000000000000000000000000000000
00000000000000001110000000000000000000001110000000000000000000000000000000000000
00000000000000000110000000000000000000000011111111110000000000000000000000000000
00000000000000000000000000000000000000000000000000001100000000000000000000000000
00000000000000000000000000000000000000000000000000000000000000000000000000000000
