00000000000000000000000000000000000000000000000000000000000000000000000000000000
00000000000000000000000000000000000000000000000000000000000000000000000000000000
00000000000000000000000000000000000000000000000000000000000000000000000000000000
00000000000000000000000000000000000000000000000000000000000000000000000000000000
00000000000000000000000000000000000000000000000000000000000000000000000000000000
00000000000000000000000000000000000000000000000000000000000000000000000000000000
00000000000000000000000000000000000000000000000000000000000000000000000000000000
00000000000000000000000000000000000000000000000000000000000000000000000000000000
00000000000000000000000000000000000000000001000000000000000000000000000000000000
00000000000000000000000000000000000000000001000000000000000000000000000000000000
00000000000000000000000000000000000000000000100000000000000000000000000000000000
00000000000000000000000000000000000000000000100000000000000000000000000000000000
00000000000000000000000000000000000000000000100000000000000000000000000000000000
00000000000000000000000000000000000000000000100000000000000000000000000000000000
00000000000000000000000000000000000000000000100001111000000000000000000000000000
00000000000000000000000000000000000000000000111111000000000000000000000000000000
00000000000000000000000000011111111111111111010000000000000000000000000000000000
00000000000000000000000000000000000000000000010000000000000000000000000000000000
00000000000000000000000000000000000000000000010000000000000000000000000000000000
00000000000000000000000000000000000000000000011111110000000000000000000000000000
00000000000000000000000000000011000000011111111000010000000000000000000000000000
00000000000000000000000000000000101111100000010000110000000000000000000000000000
00000000000000000000000000000000110000000000010011100000000000000000000000000000
00000000000000000000000000000000010000000000011110000000000000000000000000000000
00000000000000000000000000000000001000000011111100000000000000000000000000000000
00000000000000000000000000000000000111111110001000000000000000000000000000000000
00000000000000000000000000000000000110000000001011111100000000000000000000000000
00000000000000000000000000000000000011000001111100000100000000000000000000000000
00000000000000000000000000000000011111111110001000000100000000000000000000000000
00000000000000000000000000000000000000000000001000000100000000000000000000000000
00000000000000000000000000000000000000000000001000000111111100000000000000000000
00000000000000000000000000000000000000000000111111111110000000000000000000000000
00000000000000000000000000000000000000111111101000001100000000000000000000000000
00000000000000000000000000000001111111000000001000011000000000000000000000000000
00000000000000000000000000000001000000000000001000110000000000000000000000000000
00000000000000000000000000000000000000000000001000100000000000000000000000000000
00000000000000000000000000000000000000000000111111100000000000000000000000000000
00000000000000000000000000000000000000111111101011000000000000000000000000000000
00000000000000000000000000000000000011100000001000000000000000000000000000000000
00000000000000000000000000000000000000000000001000000000000000000000000000000000
00000000000000000000000000000000000000000000001000000000000000000000000000000000
00000000000000000000000000000000000000001000001000000000000000000000000000000000
00000000000000000000000000000000000000000100001000000000000000000000000000000000
00000000000000000000000000000000000000000111011000000000000000000000000000000000
00000000000000000000000000000000000000000001110000000000000000000000000000000000
00000000000000000000000000000000000000000000000000000000000000000000000000000000
00000000000000000000000000000000000000000000000000000000000000000000000000000000
00000000000000000000000000000000000000000000000000000000000000000000000000000000
00000000000000000000000000000000000000000000000000000000000000000000000000000000
00000000000000000000000000000000000000000000000000000000000000000000000000000000
00000000000000000000000000000000000000000000000000000000000000000000000000000000
00000000000000000000000000000000000000000000000000000000000000000000000000000000
00000000000000000000000000000000000000000000000000000000000000000000000000000000
00000000000000000000000000000000000000000000000000000000000000000000000000000000
00000000000000000000000000000000000000000000000000000000000000000000000000000000
00000000000000000000000000000000000000000000000000000000000000000000000000000000
00000000000000000000000000000000000000000000000000000000000000000000000000000000
00000000000000000000000000000000000000000000000000000000000000000000000000000000
00000000000000000000000000000000000000000000000000000000000000000000000000000000
00000000000000000000000000000000000000000000000000000000000000000000000000000000
