00000000000000000000000000000000000000000000000000000000000000000000000000000000
00000000000000000000000000000000000000000000000000000000000000000000000000000000
00000000000000000000000000000000000000000000000000000000000000000000000000000000
00000000000000000000000000000000000000000000000000000000000000000000000000000000
00000000000000000000000000000000000000000000000000000000000000000000000000000000
00000000000000000000000000000000000001000000000000000000000000000000000000000000
00000000000000000000000000000000000001100000000000000000000000000000000000000000
00000000000000000000000000000000000000100000000000000000000000000000000000000000
00000000000000000000000000000000000000100000000000000000000000000000000000000000
00000000000000000000000000000000000000110000000000000000000000000000000000000000
00000000000000000000000000000000000000010000000000000000000000000000000000000000
00000000000000000000000000000000000000010000111110000000000000000000000000000000
00000000000000000000000001111111111111111111000000000000000000000000000000000000
00000000000000000000000000000000000000011011110000000000000000000000000000000000
00000000000000000000000000000000000011111100110000000000000000000000000000000000
00000000000000000000000000111111111100001000100000000000000000000000000000000000
00000000000000000000000000110000000000001001100000000000000000000000000000000000
00000000000000000000000000011000000000001011000000000000000000000000000000000000
00000000000000000000000000000100000111111110000000000000000000000000000000000000
00000000000000000000000000000111111100000100000000000000000000000000000000000000
00000000000000000000000000000000000000000100111111111111000000000000000000000000
00000000000000000000000000000000000011111111000000000001100000000000000000000000
00000000000000000000000000011111111100000100000000000000100000000000000000000000
00000000000000000000000000000000000000000100000000000001000000000000000000000000
00000000000000000000000000000000000000000100000000000011000000000000000000000000
00000000000000000000000000000000000000000110000000000110000000000000000000000000
00000000000000000000000000000000000000000010000000001100000000000000000000000000
00000000000000000000000000000000000000000010111111111111100000000000000000000000
00000000000000000000000000000011111111111111000001100000000000000000000000000000
00000000000000000000000000000110000000000010000011000000000000000000000000000000
00000000000000000000000000000000000000000010001110000000000000000000000000000000
00000000000000000000000000000000000000000010011000000000000000000000000000000000
00000000000000000000000000000000000000000010100000000000000000000000000000000000
00000000000000000000000000000000000000000011000000000000000000000000000000000000
00000000000000000000000000000000000000111111100000000000000000000000000000000000
00000000000000000000000000000011111111100010000000000000000000000000000000000000
00000000000000000000000000000001000000000010000000000000000000000000000000000000
00000000000000000000000000000001000000000010000000000000000000000000000000000000
00000000000000000000000000000000100000000110000000000000000000000000000000000000
00000000000000000000000000000000010000000100000000000000000000000000000000000000
00000000000000000000000000000000011000000100000000000000000000000000000000000000
00000000000000000000000000000000001000001100000000000000000000000000000000000000
00000000000000000000000000000000000100011000000000000000000000000000000000000000
00000000000000000000000000000000000011110000000000000000000000000000000000000000
00000000000000000000000000000000000000000000000000000000000000000000000000000000
00000000000000000000000000000000000000000000000000000000000000000000000000000000
00000000000000000000000000000000000000000000000000000000000000000000000000000000
00000000000000000000000000000000000000000000000000000000000000000000000000000000
00000000000000000000000000000000000000000000000000000000000000000000000000000000
00000000000000000000000000000000000000000000000000000000000000000000000000000000
00000000000000000000000000000000000000000000000000000000000000000000000000000000
00000000000000000000000000000000000000000000000000000000000000000000000000000000
00000000000000000000000000000000000000000000000000000000000000000000000000000000
00000000000000000000000000000000000000000000000000000000000000000000000000000000
00000000000000000000000000000000000000000000000000000000000000000000000000000000
00000000000000000000000000000000000000000000000000000000000000000000000000000000
00000000000000000000000000000000000000000000000000000000000000000000000000000000
00000000000000000000000000000000000000000000000000000000000000000000000000000000
00000000000000000000000000000000000000000000000000000000000000000000000000000000
00000000000000000000000000000000000000000000000000000000000000000000000000000000
