00000000000000000000000000000000000000000000000000000000000000000000000000000000
00000000000000000000000000000000000000000000000000000000000000000000000000000000
00000000000000000000000000000000000000000000000000000000000000000000000000000000
00000000000000000000000000000000000000000000000000000000000000000000000000000000
00000000000000000000000000000000000000000000000000000000000000000000000000000000
00000000000000000000000000000000000000000000000000000000000000000000000000000000
00000000000000000000000000000000000000000100000000000000000000000000000000000000
00000000000000000000000000000000000000000100000000000000000000000000000000000000
00000000000000000000000000000000000000000110000000000000000000000000000000000000
00000000000000000000000000000000000000000010000000000000000000000000000000000000
00000000000000000000000000000000000000000010000000000000000000000000000000000000
00000000000000000000000000000000000000000010000000000000000000000000000000000000
00000000000000000000000000000000000000000011000000000000000000000000000000000000
00000000000000000000000000001111111111111111111111111111100000000000000000000000
00000000000000000000000000000000000000000001000000000000000000000000000000000000
00000000000000000000000000000000000000000001000000000000000000000000000000000000
00000000000000000000000000000100000000000001000001111110000000000000000000000000
00000000000000000000000000000111111111111111111111000010000000000000000000000000
00000000000000000000000000000100000000000001000000000010000000000000000000000000
00000000000000000000000000000100000000000001000000000010000000000000000000000000
00000000000000000000000000000010000000000001000000000110000000000000000000000000
00000000000000000000000000000010000000000001000000001100000000000000000000000000
00000000000000000000000000000011000000000001000000011000000000000000000000000000
00000000000000000000000000000001000000000001000000110000000000000000000000000000
00000000000000000000000000000001000000000001011111100000000000000000000000000000
00000000000000000000000000000000111111111111110000000000000000000000000000000000
00000000000000000000000000000000110000000001000000000000000000000000000000000000
00000000000000000000000000000000000000000001000000000000000000000000000000000000
00000000000000000000000000000000000000011111111111100000000000000000000000000000
00000000000000000000000000000000111111110001000000110000000000000000000000000000
00000000000000000000000000000000000000000001000000010000000000000000000000000000
00000000000000000000000000000000000000000001000000011111111000000000000000000000
00000000000000000000000000000000000000000111111111110000000000000000000000000000
00000000000000000000000000000011111111111101000000010000000000000000000000000000
00000000000000000000000000000000000000000001000000010000000000000000000000000000
00000000000000000000000000000000000000000001000000010000000000000000000000000000
00000000000000000000000000000000000000000001000011110000000000000000000000000000
00000000000000000000000000000000000000000011111110100000000000000000000000000000
00000000000000000000000000000001111111111101000000000000000000000000000000000000
00000000000000000000000000000000000000000001000000000000000000000000000000000000
00000000000000000000000000000000000000000011000000000000000000000000000000000000
00000000000000000000000000000000000000000010000000000000000000000000000000000000
00000000000000000000000000000000000110000010000000000000000000000000000000000000
00000000000000000000000000000000000011000110000000000000000000000000000000000000
00000000000000000000000000000000000000110100000000000000000000000000000000000000
00000000000000000000000000000000000000011100000000000000000000000000000000000000
00000000000000000000000000000000000000000000000000000000000000000000000000000000
00000000000000000000000000000000000000000000000000000000000000000000000000000000
00000000000000000000000000000000000000000000000000000000000000000000000000000000
00000000000000000000000000000000000000000000000000000000000000000000000000000000
00000000000000000000000000000000000000000000000000000000000000000000000000000000
00000000000000000000000000000000000000000000000000000000000000000000000000000000
00000000000000000000000000000000000000000000000000000000000000000000000000000000
00000000000000000000000000000000000000000000000000000000000000000000000000000000
00000000000000000000000000000000000000000000000000000000000000000000000000000000
00000000000000000000000000000000000000000000000000000000000000000000000000000000
00000000000000000000000000000000000000000000000000000000000000000000000000000000
00000000000000000000000000000000000000000000000000000000000000000000000000000000
00000000000000000000000000000000000000000000000000000000000000000000000000000000
00000000000000000000000000000000000000000000000000000000000000000000000000000000
