00000000000000000000000000000000000000000000000000000000000000000000000000000000
00000000000000000000000000000000000000000000000000000000000000000000000000000000
00000000000000000000000000000000000000000000000000000000000000000000000000000000
00000000000000000000000000000000000000000000000000000000000000000000000000000000
00000000000000000000000000000000000000000000000000000000000000000000000000000000
00000000000000000000000000000000000000000000000000000000000000000000000000000000
00000000000000000000000000000000000000000000000000000000000000000000000000000000
00000000000000000000000000000000000000010000000000000000000000000000000000000000
00000000000000000000000000000000000000010000000000000000000000000000000000000000
00000000000000000000000000000000000000010000000000000000000000000000000000000000
00000000000000000000000000000000000000010000000000000000000000000000000000000000
00000000000000000000000000000000000000010000000000000000000000000000000000000000
00000000000000000000000000000000000000010000000000000000000000000000000000000000
00000000000000000000000000000000000000010000000000000000000000000000000000000000
00000000000000000000000011110000000000010000001111111111000000000000000000000000
00000000000000000000000000001111111111111111110000000000000000000000000000000000
00000000000000000000000000000000000000001000000000000000000000000000000000000000
00000000000000000000000000000000000000001000000011111100000000000000000000000000
00000000000000000000000010000000111111111111111100000110000000000000000000000000
00000000000000000000000011111111100000001000000000000011000000000000000000000000
00000000000000000000000010000000000000001000000000000001000000000000000000000000
00000000000000000000000010000000000000001000000000000001000000000000000000000000
00000000000000000000000001000000000000001000000000000011000000000000000000000000
00000000000000000000000001000000000000001000000000000010000000000000000000000000
00000000000000000000000001000000000000001100000000000111000000000000000000000000
00000000000000000000000001000000000000011111111111111100000000000000000000000000
00000000000000000000000000101111111111110100000000000000000000000000000000000000
00000000000000000000000000110000000000000100000000000000000000000000000000000000
00000000000000000000000000110000000000000100000000000000000000000000000000000000
00000000000000000000000000000001111111111111111111111110000000000000000000000000
00000000000000000000000000111111000000000100000000000011000000000000000000000000
00000000000000000000000000000000000000000100000000000001000000000000000000000000
00000000000000000000000000000000000000000100000000000001000000000000000000000000
00000000000000000000000000000000000000000100000000011111111110000000000000000000
00000000000000000000000000000000111111111111111111110100000000000000000000000000
00000000000000000000000000001111100000000100000000001100000000000000000000000000
00000000000000000000000000000000000000000100000000001000000000000000000000000000
00000000000000000000000000000000000000000100000000010000000000000000000000000000
00000000000000000000000000000000000000000100111111110000000000000000000000000000
00000000000000000000000000000011111111111111100000000000000000000000000000000000
00000000000000000000000000000000000000000100000000000000000000000000000000000000
00000000000000000000000000000000000000000100000000000000000000000000000000000000
00000000000000000000000000000000000000000100000000000000000000000000000000000000
00000000000000000000000000000000000000000100000000000000000000000000000000000000
00000000000000000000000000000000000000000100000000000000000000000000000000000000
00000000000000000000000000000000001000000100000000000000000000000000000000000000
00000000000000000000000000000000001100000100000000000000000000000000000000000000
00000000000000000000000000000000000110000100000000000000000000000000000000000000
00000000000000000000000000000000000011101100000000000000000000000000000000000000
00000000000000000000000000000000000000111000000000000000000000000000000000000000
00000000000000000000000000000000000000000000000000000000000000000000000000000000
00000000000000000000000000000000000000000000000000000000000000000000000000000000
00000000000000000000000000000000000000000000000000000000000000000000000000000000
00000000000000000000000000000000000000000000000000000000000000000000000000000000
00000000000000000000000000000000000000000000000000000000000000000000000000000000
00000000000000000000000000000000000000000000000000000000000000000000000000000000
00000000000000000000000000000000000000000000000000000000000000000000000000000000
00000000000000000000000000000000000000000000000000000000000000000000000000000000
00000000000000000000000000000000000000000000000000000000000000000000000000000000
00000000000000000000000000000000000000000000000000000000000000000000000000000000
