00000000000000000000000000000000000000000000000000000000000000000000000000000000
00000000000000000000000000000000000000000000000000000000000000000000000000000000
00000000000000000000000000000000000000000000000000000000000000000000000000000000
00000000000000000000000000000000000000000000000000000000000000000000000000000000
00000000000000000000000000000000000000000000000000000000000000000000000000000000
00000000000000000000000000000000000000000000000000000000000000000000000000000000
00000000000000000000000000000000000000000000000000000000000000000000000000000000
00000000000000000000000000000000000000000000000000000000000000000000000000000000
00000000000000000000000000000000000001000000000000000000000000000000000000000000
00000000000000000000000000000000000001100000000000000000000000000000000000000000
00000000000000000000000000000000000000100000000000000000000000000000000000000000
00000000000000000000000000000000000000110000000000000000000000000000000000000000
00000000000000000000000000000000000000010000000000000000000000000000000000000000
00000000000000000000000000000000000000010000000000000000000000000000000000000000
00000000000000000000000000000000000000010000000000000000000000000000000000000000
00000000000000000000000000000000000000010000000000000000000000000000000000000000
00000000000000000000000000000000000000111111111111100000000000000000000000000000
00000000000000000000000000011111111111101000000000000000000000000000000000000000
00000000000000000000000000000000000000001000000000000000000000000000000000000000
00000000000000000000000000000000000000001000000000000000000000000000000000000000
00000000000000000000000000010000000000001000000000000000000000000000000000000000
00000000000000000000000000011111111111111111111111100000000000000000000000000000
00000000000000000000000000010000000000001000000000100000000000000000000000000000
00000000000000000000000000010000000000001000000001100000000000000000000000000000
00000000000000000000000000001000000000001000000011000000000000000000000000000000
00000000000000000000000000001000000000001000000110000000000000000000000000000000
00000000000000000000000000001100000000111111111100000000000000000000000000000000
00000000000000000000000000000111111111101000000000000000000000000000000000000000
00000000000000000000000000000110000000000100000000000000000000000000000000000000
00000000000000000000000000000010000000000100000000000000000000000000000000000000
00000000000000000000000000000000000000000100000000000000000000000000000000000000
00000000000000000000000000111111111111111111111111100000000000000000000000000000
00000000000000000000000000000000000000000100000000100000000000000000000000000000
00000000000000000000000000000000000000000100000000100000000000000000000000000000
00000000000000000000000000000000000000000100000000100000000000000000000000000000
00000000000000000000000000000011111111111111111111111111111000000000000000000000
00000000000000000000000000000000000000000100000001100000000000000000000000000000
00000000000000000000000000000000000000000100000001000000000000000000000000000000
00000000000000000000000000000000000000000100000010000000000000000000000000000000
00000000000000000000000000000000000000111111111110000000000000000000000000000000
00000000000000000000000000001111111111000100000100000000000000000000000000000000
00000000000000000000000000000000000000000100000000000000000000000000000000000000
00000000000000000000000000000000000000000100000000000000000000000000000000000000
00000000000000000000000000000000000100000100000000000000000000000000000000000000
00000000000000000000000000000000000110001100000000000000000000000000000000000000
00000000000000000000000000000000000011001000000000000000000000000000000000000000
00000000000000000000000000000000000000111000000000000000000000000000000000000000
00000000000000000000000000000000000000000000000000000000000000000000000000000000
00000000000000000000000000000000000000000000000000000000000000000000000000000000
00000000000000000000000000000000000000000000000000000000000000000000000000000000
00000000000000000000000000000000000000000000000000000000000000000000000000000000
00000000000000000000000000000000000000000000000000000000000000000000000000000000
00000000000000000000000000000000000000000000000000000000000000000000000000000000
00000000000000000000000000000000000000000000000000000000000000000000000000000000
00000000000000000000000000000000000000000000000000000000000000000000000000000000
00000000000000000000000000000000000000000000000000000000000000000000000000000000
00000000000000000000000000000000000000000000000000000000000000000000000000000000
00000000000000000000000000000000000000000000000000000000000000000000000000000000
00000000000000000000000000000000000000000000000000000000000000000000000000000000
00000000000000000000000000000000000000000000000000000000000000000000000000000000
