00000000000000000000000000000000000000000000000000000000000000000000000000000000
00000000000000000000000000000000000000000000000000000000000000000000000000000000
00000000000000000000000000000000000000000000000000000000000000000000000000000000
00000000000000000000000000000000000000000000000000000000000000000000000000000000
00000000000000000000000000000000000000000000000000000000000000000000000000000000
00000000000000000000000000000000000000000000000000000000000000000000000000000000
00000000000000000000000000000000000001000000000000000000000000000000000000000000
00000000000000000000000000000000000001100000000000000000000000000000000000000000
00000000000000000000000000000000000000100000000000000000000000000000000000000000
00000000000000000000000000000000000000100000000000000000000000000000000000000000
00000000000000000000000000000000000000010000000000000000000000000000000000000000
00000000000000000000000000000000000000010000000000000000000000000000000000000000
00000000000000000000000000000000000000010000000000000000000000000000000000000000
00000000000000000000000000011111111111111111111111110000000000000000000000000000
00000000000000000000000000000000000000010000000000000000000000000000000000000000
00000000000000000000000000000000000000010000000000000000000000000000000000000000
00000000000000000000000000000000000000010000000000000000000000000000000000000000
00000000000000000000000000111111111111111111111111110000000000000000000000000000
00000000000000000000000000100000000000001000000000010000000000000000000000000000
00000000000000000000000000100000000000001000000000010000000000000000000000000000
00000000000000000000000000100000000000001000000000010000000000000000000000000000
00000000000000000000000000010000000000001000000000010000000000000000000000000000
00000000000000000000000000010000000000001000000000110000000000000000000000000000
00000000000000000000000000011111111111111111111111100000000000000000000000000000
00000000000000000000000000001000000000001000000000000000000000000000000000000000
00000000000000000000000000000111111111111111111111110000000000000000000000000000
00000000000000000000000000111100000000001000000000011000000000000000000000000000
00000000000000000000000000000000000000001000000000001000000000000000000000000000
00000000000000000000000000000000000000001100000000001000000000000000000000000000
00000000000000000000000000000000000000001111111111111111111110000000000000000000
00000000000000000000000011111111111111111100000000001000000000000000000000000000
00000000000000000000000000000000000000000100000000001000000000000000000000000000
00000000000000000000000000000000000000000100000000001000000000000000000000000000
00000000000000000000000000000000000000000100111111111000000000000000000000000000
00000000000000000000000000011111111111111111100000010000000000000000000000000000
00000000000000000000000000000000100000000100000000000000000000000000000000000000
00000000000000000000000000000000011000000100000000000000000000000000000000000000
00000000000000000000000000000000001100000100000000000000000000000000000000000000
00000000000000000000000000000000000110000100000000000000000000000000000000000000
00000000000000000000000000000000000011100100000000000000000000000000000000000000
00000000000000000000000000000000000000111100000000000000000000000000000000000000
00000000000000000000000000000000000000000000000000000000000000000000000000000000
00000000000000000000000000000000000000000000000000000000000000000000000000000000
00000000000000000000000000000000000000000000000000000000000000000000000000000000
00000000000000000000000000000000000000000000000000000000000000000000000000000000
00000000000000000000000000000000000000000000000000000000000000000000000000000000
00000000000000000000000000000000000000000000000000000000000000000000000000000000
00000000000000000000000000000000000000000000000000000000000000000000000000000000
00000000000000000000000000000000000000000000000000000000000000000000000000000000
00000000000000000000000000000000000000000000000000000000000000000000000000000000
00000000000000000000000000000000000000000000000000000000000000000000000000000000
00000000000000000000000000000000000000000000000000000000000000000000000000000000
00000000000000000000000000000000000000000000000000000000000000000000000000000000
00000000000000000000000000000000000000000000000000000000000000000000000000000000
00000000000000000000000000000000000000000000000000000000000000000000000000000000
00000000000000000000000000000000000000000000000000000000000000000000000000000000
00000000000000000000000000000000000000000000000000000000000000000000000000000000
00000000000000000000000000000000000000000000000000000000000000000000000000000000
00000000000000000000000000000000000000000000000000000000000000000000000000000000
00000000000000000000000000000000000000000000000000000000000000000000000000000000
