00000000000000000000000000000000000000000000000000000000000000000000000000000000
00000000000000000000000000000000000000000000000000000000000000000000000000000000
00000000000000000000000000000000000000000000000000000000000000000000000000000000
00000000000000000000000000000000000000000000000000000000000000000000000000000000
00000000000000000000000000000000000001000000000000000000000000000000000000000000
00000000000000000000000000000000000001100000000000000000000000000000000000000000
00000000000000000000000000000000000000110000000000000000000000000000000000000000
00000000000000000000000000000000000000010000000000000000000000000000000000000000
00000000000000000000000000000000000000011000000000000000000000000000000000000000
00000000000000000000000000000000000000001000000000000000000000000000000000000000
00000000000000000000000000000000000000001000000000000000000000000000000000000000
00000000000000000000000000000000000000001000000000011110000000000000000000000000
00000000000000000000000000000000000000001111111111100000000000000000000000000000
00000000000000000000000000001111111111111100000000000000000000000000000000000000
00000000000000000000000001110000000000000100000000000000000000000000000000000000
00000000000000000000000000000000000000011111111111111100000000000000000000000000
00000000000000000000000000000000111111110100000000000100000000000000000000000000
00000000000000000000000000011111100000000100000000000010000000000000000000000000
00000000000000000000000000010000000000000110000000000110000000000000000000000000
00000000000000000000000000010000000000000010000000001100000000000000000000000000
00000000000000000000000000011000000000000010000000011000000000000000000000000000
00000000000000000000000000001100000000000010000000110000000000000000000000000000
00000000000000000000000000000100000000000010111111100000000000000000000000000000
00000000000000000000000000000110000011111111100001000000000000000000000000000000
00000000000000000000000000000011111110000010000000000000000000000000000000000000
00000000000000000000000000000011000000000011111111110000000000000000000000000000
00000000000000000000000000000000000111111110000000011000000000000000000000000000
00000000000000000000000000000111111000000010000000001000000000000000000000000000
00000000000000000000000000000000000000000010000000001000000000000000000000000000
00000000000000000000000000000000000000000010000001111111110000000000000000000000
00000000000000000000000000000000000001111111111110001000000000000000000000000000
00000000000000000000000000001111111111000010000000001000000000000000000000000000
00000000000000000000000000010000000000000010000000001000000000000000000000000000
00000000000000000000000000000000000000000010000000001000000000000000000000000000
00000000000000000000000000000000000000000011111111111000000000000000000000000000
00000000000000000000000000000000000001111111100000000000000000000000000000000000
00000000000000000000000000000111111110000001000000000000000000000000000000000000
00000000000000000000000000000000000000000001000000000000000000000000000000000000
00000000000000000000000000000000000000000001000000000000000000000000000000000000
00000000000000000000000000000000000000000001000000000000000000000000000000000000
00000000000000000000000000000000000000000001000000000000000000000000000000000000
00000000000000000000000000000000000000000001000000000000000000000000000000000000
00000000000000000000000000000000000100000011000000000000000000000000000000000000
00000000000000000000000000000000000110000010000000000000000000000000000000000000
00000000000000000000000000000000000011000010000000000000000000000000000000000000
00000000000000000000000000000000000001111010000000000000000000000000000000000000
00000000000000000000000000000000000000001110000000000000000000000000000000000000
00000000000000000000000000000000000000000000000000000000000000000000000000000000
00000000000000000000000000000000000000000000000000000000000000000000000000000000
00000000000000000000000000000000000000000000000000000000000000000000000000000000
00000000000000000000000000000000000000000000000000000000000000000000000000000000
00000000000000000000000000000000000000000000000000000000000000000000000000000000
00000000000000000000000000000000000000000000000000000000000000000000000000000000
00000000000000000000000000000000000000000000000000000000000000000000000000000000
00000000000000000000000000000000000000000000000000000000000000000000000000000000
00000000000000000000000000000000000000000000000000000000000000000000000000000000
00000000000000000000000000000000000000000000000000000000000000000000000000000000
00000000000000000000000000000000000000000000000000000000000000000000000000000000
00000000000000000000000000000000000000000000000000000000000000000000000000000000
00000000000000000000000000000000000000000000000000000000000000000000000000000000
