00000000000000000000000000000000000000000000000000000000000000000000000000000000
00000000000000000000000000000000000000000000000000000000000000000000000000000000
00000000000000000000000000000000000000000000000000000000000000000000000000000000
00000000000000000000000000000000000000000000000000000000000000000000000000000000
00000000000000000000000000000000000000000000000000000000000000000000000000000000
00000000000000000000000000000000000000000000000000000000000000000000000000000000
00000000000000000000000000000000000000000001000000000000000000000000000000000000
00000000000000000000000000000000000000000001100000000000000000000000000000000000
00000000000000000000000000000000000000000000100000000000000000000000000000000000
00000000000000000000000000000000000000000000110000000000000000000000000000000000
00000000000000000000000000000000000000000000010000000000000000000000000000000000
00000000000000000000000000000000000000000000010000000000000000000000000000000000
00000000000000000000000000000000000000000000010000000000000000000000000000000000
00000000000000000000000000000000000000000000001001111111000000000000000000000000
00000000000000000000000000000000000000111111111111000000000000000000000000000000
00000000000000000000000000000111111111000000001000000000000000000000000000000000
00000000000000000000000000000000000000000000001000000000000000000000000000000000
00000000000000000000000000000000000000000000001000001111111100000000000000000000
00000000000000000000000000000000000000000011111111110000000100000000000000000000
00000000000000000000000000000010111111111100001000000000001100000000000000000000
00000000000000000000000000000011100000000000001000000000011000000000000000000000
00000000000000000000000000000011000000000000001000000000110000000000000000000000
00000000000000000000000000000001000000000000001100000001100000000000000000000000
00000000000000000000000000000000100000000000000100000011000000000000000000000000
00000000000000000000000000000000100000000000000100001111000000000000000000000000
00000000000000000000000000000000010000000001111111111100000000000000000000000000
00000000000000000000000000000000011111111110000100000000000000000000000000000000
00000000000000000000000000000000011000000000000100000000000000000000000000000000
00000000000000000000000000000000000000000000000100111111111000000000000000000000
00000000000000000000000000000000000000000001111111000000001100000000000000000000
00000000000000000000000000000000000111111110000100000000000100011111000000000000
00000000000000000000000000000001111000000000000100000111111111110000000000000000
00000000000000000000000000000000000000000000011111111000001000000000000000000000
00000000000000000000000000000000000000011111100100000000001000000000000000000000
00000000000000000000000000000000011111100000000100000000110000000000000000000000
00000000000000000000000000000000110000000000000100111111110000000000000000000000
00000000000000000000000000000000000000000000001111100001100000000000000000000000
00000000000000000000000000000000000000001111110100000011000000000000000000000000
00000000000000000000000000000000000011110000000100000010000000000000000000000000
00000000000000000000000000000000000000000000000100000000000000000000000000000000
00000000000000000000000000000000000000000000000100000000000000000000000000000000
00000000000000000000000000000000000000000000000100000000000000000000000000000000
00000000000000000000000000000000000000000000000100000000000000000000000000000000
00000000000000000000000000000000000000000000000100000000000000000000000000000000
00000000000000000000000000000000000000001000000100000000000000000000000000000000
00000000000000000000000000000000000000000110000100000000000000000000000000000000
00000000000000000000000000000000000000000011000100000000000000000000000000000000
00000000000000000000000000000000000000000001110100000000000000000000000000000000
00000000000000000000000000000000000000000000011000000000000000000000000000000000
00000000000000000000000000000000000000000000000000000000000000000000000000000000
00000000000000000000000000000000000000000000000000000000000000000000000000000000
00000000000000000000000000000000000000000000000000000000000000000000000000000000
00000000000000000000000000000000000000000000000000000000000000000000000000000000
00000000000000000000000000000000000000000000000000000000000000000000000000000000
00000000000000000000000000000000000000000000000000000000000000000000000000000000
00000000000000000000000000000000000000000000000000000000000000000000000000000000
00000000000000000000000000000000000000000000000000000000000000000000000000000000
00000000000000000000000000000000000000000000000000000000000000000000000000000000
00000000000000000000000000000000000000000000000000000000000000000000000000000000
00000000000000000000000000000000000000000000000000000000000000000000000000000000
