00000000000000000000000000000000000000000000000000000000000000000000000000000000
00000000000000000000000000000000000000000000000000000000000000000000000000000000
00000000000000000000000000000000000000000000000000000000000000000000000000000000
00000000000000000000000000000000000000000000000000000000000000000000000000000000
00000000000000000000000000000000000000000000000000000000000000000000000000000000
00000000000000000000000000000000000000000000000000000000000000000000000000000000
00000000000000000000000000000000000000000000000000000000000000000000000000000000
00000000000000000000000000000000000000000000000000000000000000000000000000000000
00000000000000000000000000000000000000000000000000000000000000000000000000000000
00000000000000000000000000000000000000000000000000000000000000000000000000000000
00000000000000000000000000000000000000000000000000000000000000000000000000000000
00000000000000000000000000000000000000000000000000000000000000000000000000000000
00000000000000000000000000000000000000000000000000000000000000000000000000000000
00000000000000000000000000000000000000000000000000000000000000000000000000000000
00000000000000000000000000000000000000000000000000000000000000000000000000000000
00000000000000000000000000000000000000000000000000000000000000000000000000000000
00000000000000000000000000000000000000000000000000000000000000000000000000000000
00000000000000000000000000000000000000000000000000000000000000000000000000000000
00000000000000000000000000000000000000000000000000011111000000000000000000000000
00000000000000000000000000000000000000000000001111100001100000000000000000000000
00000000000000000000000000000000000000000001110000000000100000000000000000000000
00000000000000000000000000000000000000000000000000000000100000000000000000000000
00000000000000000000000000000000000000001100000000000000100000000000000000000000
00000000000000000000000000000000000011110110000000000001000000000000000000000000
00000000000000000000000000000001111100000010000001000011000000000000000000000000
00000000000000000000000000000001100000000010000011000100000000000000000000000000
00000000000000000000000000000000100000000010000010001100000000000000000000000000
00000000000000000000000000000000110000000010000100011000000000000000000000000000
00000000000000000000000000000000010000000110000100010111111100000000000000000000
00000000000000000000000000000000011000000100001101111000000100000000000000000000
00000000000000000000000000000000001000001010001111000000000100000000000000000000
00000000000000000000000000000000001000111110001100000000000100000000000000000000
00000000000000000000000000000000000111010000000000000000000100000000000000000000
00000000000000000000000000000000000000000000000000000000000100000000000000000000
00000000000000000000000000000000000000000000000000000000111100000000000000000000
00000000000000000000000000000000000000000000000000001111000100000000000000000000
00000000000000000000000000000000000000000000000001111000000100000000000000000000
00000000000000000000000000000000000000000000001111000000001000000000000000000000
00000000000000000000000000000000000000000001110000000000001000000000000000000000
00000000000000000000000000000000000000000011000000000000011000000000000000000000
00000000000000000000000000000000000000000000000000000011110000000000000000000000
00000000000000000000000000000000000000000000000000000000000000000000000000000000
00000000000000000000000000000000000000000000000000000000000000000000000000000000
00000000000000000000000000000000000000000000000000000000000000000000000000000000
00000000000000000000000000000000000000000000000000000000000000000000000000000000
00000000000000000000000000000000000000000000000000000000000000000000000000000000
00000000000000000000000000000000000000000000000000000000000000000000000000000000
00000000000000000000000000000000000000000000000000000000000000000000000000000000
00000000000000000000000000000000000000000000000000000000000000000000000000000000
00000000000000000000000000000000000000000000000000000000000000000000000000000000
00000000000000000000000000000000000000000000000000000000000000000000000000000000
00000000000000000000000000000000000000000000000000000000000000000000000000000000
00000000000000000000000000000000000000000000000000000000000000000000000000000000
00000000000000000000000000000000000000000000000000000000000000000000000000000000
00000000000000000000000000000000000000000000000000000000000000000000000000000000
00000000000000000000000000000000000000000000000000000000000000000000000000000000
00000000000000000000000000000000000000000000000000000000000000000000000000000000
00000000000000000000000000000000000000000000000000000000000000000000000000000000
00000000000000000000000000000000000000000000000000000000000000000000000000000000
00000000000000000000000000000000000000000000000000000000000000000000000000000000
