00000000000000000000000000000000000000000000000000000000000000000000000000000000
00000000000000000000000000000000000000000000000000000000000000000000000000000000
00000000000000000000000000000000000000000000000000000000000000000000000000000000
00000000000000000000000000000000000000000000000000000000000000000000000000000000
00000000000000000000000000000000000000000000000000000000000000000000000000000000
00000000000000000000000000000000000000000000000000000000000000000000000000000000
00000000000000000000000000000000000000000000000000000000000000000000000000000000
00000000000000000000000000000000000000000000000000000000000000000000000000000000
00000000000000000000000000000000000000000000000000000000000000000000000000000000
00000000000000000000000000000000000000000000000000000000000000000000000000000000
00000000000000000000000000000000000000000000000000000000000000000000000000000000
00000000000000000000000000000000000000000000000000000000000000000000000000000000
00000000000000000000000000000000000000000000000000001111000000000000000000000000
00000000000000000000000000000000000000000000000001111001100000000000000000000000
00000000000000000000000000000000000000000000000111000000110000000000000000000000
00000000000000000000000000000000000000000000011000000000010000000000000000000000
00000000000000000000000000000000000000000001100000000000010000000000000000000000
00000000000000000000000000000000000000000010000000000000010000000000000000000000
00000000000000000000000000000000000000000000000000000000110000000000000000000000
00000000000000000000000000000000000000000000000000010000100000000000000000000000
00000000000000000000000000000000000000001111000000010000100000000000000000000000
00000000000000000000000000000010000001111001000000100001100000000000000000000000
00000000000000000000000000000010000110000001000000100001000000000000000000000000
00000000000000000000000000000010111000000001000001100001000000000000000000000000
00000000000000000000000000000011100000000001000001000010000000000000000000000000
00000000000000000000000000000001000000000011000010000000000000000000000000000000
00000000000000000000000000000001000000000110000010000000000000000000000000000000
00000000000000000000000000000001000000000100000100001111111110000000000000000000
00000000000000000000000000000001100000001100001100111000000011000000000000000000
00000000000000000000000000000000100111111000001011100000000001000000000000000000
00000000000000000000000000000000011100000000001110000000000001000000000000000000
00000000000000000000000000000000000000000000000000000000000001000000000000000000
00000000000000000000000000000000000000000000000000000000000001000000000000000000
00000000000000000000000000000000000000000000000000000000000001000000000000000000
00000000000000000000000000000000000000000000000000000001111111000000000000000000
00000000000000000000000000000000000000000000000001111110000011000000000000000000
00000000000000000000000000000000000000000000111111000000000010000000000000000000
00000000000000000000000000000000000000001111100000000000000010000000000000000000
00000000000000000000000000000000000000000000000000100000000110000000000000000000
00000000000000000000000000000000000000000000000000110000000100000000000000000000
00000000000000000000000000000000000000000000000000001100001000000000000000000000
00000000000000000000000000000000000000000000000000000111110000000000000000000000
00000000000000000000000000000000000000000000000000000000000000000000000000000000
00000000000000000000000000000000000000000000000000000000000000000000000000000000
00000000000000000000000000000000000000000000000000000000000000000000000000000000
00000000000000000000000000000000000000000000000000000000000000000000000000000000
00000000000000000000000000000000000000000000000000000000000000000000000000000000
00000000000000000000000000000000000000000000000000000000000000000000000000000000
00000000000000000000000000000000000000000000000000000000000000000000000000000000
00000000000000000000000000000000000000000000000000000000000000000000000000000000
00000000000000000000000000000000000000000000000000000000000000000000000000000000
00000000000000000000000000000000000000000000000000000000000000000000000000000000
00000000000000000000000000000000000000000000000000000000000000000000000000000000
00000000000000000000000000000000000000000000000000000000000000000000000000000000
00000000000000000000000000000000000000000000000000000000000000000000000000000000
00000000000000000000000000000000000000000000000000000000000000000000000000000000
00000000000000000000000000000000000000000000000000000000000000000000000000000000
00000000000000000000000000000000000000000000000000000000000000000000000000000000
00000000000000000000000000000000000000000000000000000000000000000000000000000000
00000000000000000000000000000000000000000000000000000000000000000000000000000000
