00000000000000000000000000000000000000000000000000000000000000000000000000000000
00000000000000000000000000000000000000000000000000000000000000000000000000000000
00000000000000000000000000000000000000000000000000000000000000000000000000000000
00000000000000000000000000000000000000000000000000000000000000000000000000000000
00000000000000000000000000000000000000000000000000000000000000000000000000000000
00000000000000000000000000000000000000000000000000000000000000000000000000000000
00000000000000000000000000000000000000000000000000000000000000000000000000000000
00000000000000000000000000000000000000000000000000000000000000000000000000000000
00000000000000000000000000000000000000000000000000000000000000000000000000000000
00000000000000000000000000000000000000000000000000000000000000000000000000000000
00000000000000000000000000000000000000000000000000000000000000000000000000000000
00000000000000000000000000000000000000000000000000000000000000000000000000000000
00000000000000000000000000000000000000000000000000000000000000000000000000000000
00000000000000000000000000000000000000000000000000000000000000000000000000000000
00000000000000000000000000000000000000000000000000000000000000000000000000000000
00000000000000000000000000000000000000000000000000000000000000000000000000000000
00000000000000000000000000000000000000000011111100000000000000000000000000000000
00000000000000000000000000000000000000111110000110000000000000000000000000000000
00000000000000000000000000000000001111100000000010000000000000000000000000000000
00000000000000000000000000000000000000000000000010000000000000000000000000000000
00000000000000000000000000000000000000000100000010000000000000000000000000000000
00000000000000000000000011111111110000001000000110000000000000000000000000000000
00000000000000000000011110000000010000001000000100000000000000000000000000000000
00000000000000000000010000000000010000001000001100000000000000000000000000000000
00000000000000000000001000000000010000011000011000000000000000000000000000000000
00000000000000000000001000000000010000010000110000000000000000000000000000000000
00000000000000000000001000000000010000110001100000000000000000000000000000000000
00000000000000000000001000000000110000100000000000000000000000000000000000000000
00000000000000000000001000000000100001100000111111000000000000000000000000000000
00000000000000000000000100000011100001000011100001100000000000000000000000000000
00000000000000000000000111111111000010001110000000100000000000000000000000000000
00000000000000000000000110000011000111110000000000100000000000000000000000000000
00000000000000000000000010000000000111000000000000100000000000000000000000000000
00000000000000000000000000000000000000000000000000100000000000000000000000000000
00000000000000000000000000000000000000000000000000100000000000000000000000000000
00000000000000000000000000000000000000000000000011110000000000000000000000000000
00000000000000000000000000000000000000001111111100100000000000000000000000000000
00000000000000000000000000000011111111110000000001100000000000000000000000000000
00000000000000000000000000111110000000000000000001000000000000000000000000000000
00000000000000000000000000000000000000000000000010000000000000000000000000000000
00000000000000000000000000000000000000000000000110000000000000000000000000000000
00000000000000000000000000000000000000000000001100000000000000000000000000000000
00000000000000000000000000000000000000100000001000000000000000000000000000000000
00000000000000000000000000000000000000011000011000000000000000000000000000000000
00000000000000000000000000000000000000000111100000000000000000000000000000000000
00000000000000000000000000000000000000000000000000000000000000000000000000000000
00000000000000000000000000000000000000000000000000000000000000000000000000000000
00000000000000000000000000000000000000000000000000000000000000000000000000000000
00000000000000000000000000000000000000000000000000000000000000000000000000000000
00000000000000000000000000000000000000000000000000000000000000000000000000000000
00000000000000000000000000000000000000000000000000000000000000000000000000000000
00000000000000000000000000000000000000000000000000000000000000000000000000000000
00000000000000000000000000000000000000000000000000000000000000000000000000000000
00000000000000000000000000000000000000000000000000000000000000000000000000000000
00000000000000000000000000000000000000000000000000000000000000000000000000000000
00000000000000000000000000000000000000000000000000000000000000000000000000000000
00000000000000000000000000000000000000000000000000000000000000000000000000000000
00000000000000000000000000000000000000000000000000000000000000000000000000000000
00000000000000000000000000000000000000000000000000000000000000000000000000000000
00000000000000000000000000000000000000000000000000000000000000000000000000000000
