00000000000000000000000000000000000000000000000000000000000000000000000000000000
00000000000000000000000000000000000000000000000000000000000000000000000000000000
00000000000000000000000000000000000000000000000000000000000000000000000000000000
00000000000000000000000000000000000000000000000000000000000000000000000000000000
00000000000000000000000000000000000000000000000000000000000000000000000000000000
00000000000000000000000000000000000000000000000000000000000000000000000000000000
00000000000000000000000000000000000000000000000000000000000000000000000000000000
00000000000000000000000000000000000000000000000000000000000000000000000000000000
00000000000000000000000000000000000000000000000000000000000000000000000000000000
00000000000000000000000000000000000000000000000000000000000000000000000000000000
00000000000000000000000000000000000000000000000000000000000000000000000000000000
00000000000000000000000000000000000000000000000000000000000000000000000000000000
00000000000000000000000000000000000000000000000000000000000000000000000000000000
00000000000000000000000000000000000000000000000000000000000000000000000000000000
00000000000000000000000000000000000000000000000000000000000000000000000000000000
00000000000000000000000000000000000000001110111000000000000000000000000000000000
00000000000000000000000000000000000111111000000100000000000000000000000000000000
00000000000000000000000000000000000000000000000100000000000000000000000000000000
00000000000000000000000000000000000000000000000100000000000000000000000000000000
00000000000000000000000000000011100000000100000100000000000000000000000000000000
00000000000000000000001001111110010000000100000100000000000000000000000000000000
00000000000000000000001111000000001000000100000100000000000000000000000000000000
00000000000000000000001000000000001000000100000100000000000000000000000000000000
00000000000000000000000100000000001000000100001100000000000000000000000000000000
00000000000000000000000100000000001000000100001000000000000000000000000000000000
00000000000000000000000100000000001000001100011000000000000000000000000000000000
00000000000000000000000110000000001000001000000000000000000000000000000000000000
00000000000000000000000010000000001000001000011111111000000000000000000000000000
00000000000000000000000010000000001000001011100000001000000000000000000000000000
00000000000000000000000011000000010110011110000000001000000000000000000000000000
00000000000000000000000001000111111100011000000000001000000000000000000000000000
00000000000000000000000001111000100000000000000000001000000000000000000000000000
00000000000000000000000000000000000000000000000000101000000000000000000000000000
00000000000000000000000000000000000000000000111111101000000000000000000000000000
00000000000000000000000000000000000000000111100000001000000000000000000000000000
00000000000000000000000000000000000001111100000000010000000000000000000000000000
00000000000000000000000000000001111110000000000000010000000000000000000000000000
00000000000000000000000000000000000000000000000000010000000000000000000000000000
00000000000000000000000000000000000000000000000000110000000000000000000000000000
00000000000000000000000000000000000000000000000000100000000000000000000000000000
00000000000000000000000000000000000000000000000000100000000000000000000000000000
00000000000000000000000000000000000000000001000001000000000000000000000000000000
00000000000000000000000000000000000000000001100011000000000000000000000000000000
00000000000000000000000000000000000000000000111110000000000000000000000000000000
00000000000000000000000000000000000000000000000000000000000000000000000000000000
00000000000000000000000000000000000000000000000000000000000000000000000000000000
00000000000000000000000000000000000000000000000000000000000000000000000000000000
00000000000000000000000000000000000000000000000000000000000000000000000000000000
00000000000000000000000000000000000000000000000000000000000000000000000000000000
00000000000000000000000000000000000000000000000000000000000000000000000000000000
00000000000000000000000000000000000000000000000000000000000000000000000000000000
00000000000000000000000000000000000000000000000000000000000000000000000000000000
00000000000000000000000000000000000000000000000000000000000000000000000000000000
00000000000000000000000000000000000000000000000000000000000000000000000000000000
00000000000000000000000000000000000000000000000000000000000000000000000000000000
00000000000000000000000000000000000000000000000000000000000000000000000000000000
00000000000000000000000000000000000000000000000000000000000000000000000000000000
00000000000000000000000000000000000000000000000000000000000000000000000000000000
00000000000000000000000000000000000000000000000000000000000000000000000000000000
00000000000000000000000000000000000000000000000000000000000000000000000000000000
