00000000000000000000000000000000000000000000000000000000000000000000000000000000
00000000000000000000000000000000000000000000000000000000000000000000000000000000
00000000000000000000000000000000000000000000000000000000000000000000000000000000
00000000000000000000000000000000000000000000000000000000000000000000000000000000
00000000000000000000000000000000000000000000000000000000000000000000000000000000
00000000000000000000000000000000000000000000000000000000000000000000000000000000
00000000000000000000000000000000000000000000000000000000000000000000000000000000
00000000000000000000000000000000000000000000000000000000000000000000000000000000
00000000000000000000000000000000000000000000000000000000000000000000000000000000
00000000000000000000000000000000000000000000000000000000000000000000000000000000
00000000000000000000000000000000000000000000000000000000000000000000000000000000
00000000000000000000000000000000000000000000000000000000000000000000000000000000
00000000000000000000000000000000000000000000000000000000000000000000000000000000
00000000000000000000000000000000000000000000001111100000000000000000000000000000
00000000000000000000000000000000000000000001111000100000000000000000000000000000
00000000000000000000000000000000000001111110000000100000000000000000000000000000
00000000000000000000000000000000000000000000000000100000000000000000000000000000
00000000000000000000000000000000000000000000000000100000000000000000000000000000
00000000000000000000000000000000001100000001100000100000000000000000000000000000
00000000000000000000000000000011111100000001000000100000000000000000000000000000
00000000000000000000000000011110000100000010000000100000000000000000000000000000
00000000000000000000000111110000000100000110000001000000000000000000000000000000
00000000000000000000000100000000000100000100000001000000000000000000000000000000
00000000000000000000000100000000000100001000000011111110000000000000000000000000
00000000000000000000000110000000000100011000001111000011000000000000000000000000
00000000000000000000000010000000001000010001111000000001100000000000000000000000
00000000000000000000000010000000011000101111000000000000100000000000000000000000
00000000000000000000000011000000011000111000000000000000110000000000000000000000
00000000000000000000000001001111110000000000000000000000010000000000000000000000
00000000000000000000000001110000110000000000000000001111110000000000000000000000
00000000000000000000000000000000000000000000000111111000110000000000000000000000
00000000000000000000000000000000000000000011111000000000010000000000000000000000
00000000000000000000000000000000000000011110000000000000010000000000000000000000
00000000000000000000000000000000000011110000000000000000010000000000000000000000
00000000000000000000000000000000111110000000000000000000010000000000000000000000
00000000000000000000000000000000000000000000000000000000010000000000000000000000
00000000000000000000000000000000000000000000000000000000010000000000000000000000
00000000000000000000000000000000000000000000000000000000100000000000000000000000
00000000000000000000000000000000000000000000000100000000100000000000000000000000
00000000000000000000000000000000000000000000000011000001100000000000000000000000
00000000000000000000000000000000000000000000000001111111000000000000000000000000
00000000000000000000000000000000000000000000000000000000000000000000000000000000
00000000000000000000000000000000000000000000000000000000000000000000000000000000
00000000000000000000000000000000000000000000000000000000000000000000000000000000
00000000000000000000000000000000000000000000000000000000000000000000000000000000
00000000000000000000000000000000000000000000000000000000000000000000000000000000
00000000000000000000000000000000000000000000000000000000000000000000000000000000
00000000000000000000000000000000000000000000000000000000000000000000000000000000
00000000000000000000000000000000000000000000000000000000000000000000000000000000
00000000000000000000000000000000000000000000000000000000000000000000000000000000
00000000000000000000000000000000000000000000000000000000000000000000000000000000
00000000000000000000000000000000000000000000000000000000000000000000000000000000
00000000000000000000000000000000000000000000000000000000000000000000000000000000
00000000000000000000000000000000000000000000000000000000000000000000000000000000
00000000000000000000000000000000000000000000000000000000000000000000000000000000
00000000000000000000000000000000000000000000000000000000000000000000000000000000
00000000000000000000000000000000000000000000000000000000000000000000000000000000
00000000000000000000000000000000000000000000000000000000000000000000000000000000
00000000000000000000000000000000000000000000000000000000000000000000000000000000
00000000000000000000000000000000000000000000000000000000000000000000000000000000
