00000000000000000000000000000000000000000000000000000000000000000000000000000000
00000000000000000000000000000000000000000000000000000000000000000000000000000000
00000000000000000000000000000000000000000000000000000000000000000000000000000000
00000000000000000000000000000000000000000000000000000000000000000000000000000000
00000000000000000000000000000000000000000000000000000000000000000000000000000000
00000000000000000000000000000000000000000000000000000000000000000000000000000000
00000000000000000000000000000000000000000000000000000000000000000000000000000000
00000000000000000000000000000000000000000000000000000000000000000000000000000000
00000000000000000000000000000000000000000000000000000000000000000000000000000000
00000000000000000000000000000000000000000000000000000000000000000000000000000000
00000000000000000000000000000000000000000000000000000000000000000000000000000000
00000000000000000000000000000000000000000000000000000000000000000000000000000000
00000000000000000000000000000000000000000000000000000000000000000000000000000000
00000000000000000000000000000000000000000000000000000000000000000000000000000000
00000000000000000000000000000000000000000000000000000000000000000000000000000000
00000000000000000000000000000000000000000000001110000000000000000000000000000000
00000000000000000000000000000000000000000111111010000000000000000000000000000000
00000000000000000000000000000000000000111111000010000000000000000000000000000000
00000000000000000000000000000000000111100000000010000000000000000000000000000000
00000000000000000000000000000000000000000010000010000000000000000000000000000000
00000000000000000000000000000011110000000010000010000000000000000000000000000000
00000000000000000000000111111110011000000010000010000000000000000000000000000000
00000000000000000000000100000000001000000100000010000000000000000000000000000000
00000000000000000000000100000000001100000100000110000000000000000000000000000000
00000000000000000000000100000000000100000100001100000000000000000000000000000000
00000000000000000000000100000000000100000100000000000111000000000000000000000000
00000000000000000000000100000000000100001000000011111001100000000000000000000000
00000000000000000000000110000000001100001000011100000000110000000000000000000000
00000000000000000000000010000000001000011011100000000000010000000000000000000000
00000000000000000000000010000000001000011110000000000000010000000000000000000000
00000000000000000000000010000000011000111000000000000000010000000000000000000000
00000000000000000000000010001111110000100000000000000000010000000000000000000000
00000000000000000000000011111000000000000000000000000000010000000000000000000000
00000000000000000000000001000000000000000000000000000011010000000000000000000000
00000000000000000000000000000000000000000000000000011110010000000000000000000000
00000000000000000000000000000000000000000000000111100000010000000000000000000000
00000000000000000000000000000000000000000000111100000000010000000000000000000000
00000000000000000000000000000000000000000111100000000000110000000000000000000000
00000000000000000000000000000000000001111100000000000000100000000000000000000000
00000000000000000000000000000000000111000000000000000001100000000000000000000000
00000000000000000000000000000000000000000000000000000001000000000000000000000000
00000000000000000000000000000000000000000000000000000010000000000000000000000000
00000000000000000000000000000000000000000000011100000110000000000000000000000000
00000000000000000000000000000000000000000000000111001100000000000000000000000000
00000000000000000000000000000000000000000000000001111000000000000000000000000000
00000000000000000000000000000000000000000000000000000000000000000000000000000000
00000000000000000000000000000000000000000000000000000000000000000000000000000000
00000000000000000000000000000000000000000000000000000000000000000000000000000000
00000000000000000000000000000000000000000000000000000000000000000000000000000000
00000000000000000000000000000000000000000000000000000000000000000000000000000000
00000000000000000000000000000000000000000000000000000000000000000000000000000000
00000000000000000000000000000000000000000000000000000000000000000000000000000000
00000000000000000000000000000000000000000000000000000000000000000000000000000000
00000000000000000000000000000000000000000000000000000000000000000000000000000000
00000000000000000000000000000000000000000000000000000000000000000000000000000000
00000000000000000000000000000000000000000000000000000000000000000000000000000000
00000000000000000000000000000000000000000000000000000000000000000000000000000000
00000000000000000000000000000000000000000000000000000000000000000000000000000000
00000000000000000000000000000000000000000000000000000000000000000000000000000000
00000000000000000000000000000000000000000000000000000000000000000000000000000000
