00000000000000000000000000000000000000000000000000000000000000000000000000000000
00000000000000000000000000000000000000000000000000000000000000000000000000000000
00000000000000000000000000000000000000000000000000000000000000000000000000000000
00000000000000000000000000000000000000000000000000000000000000000000000000000000
00000000000000000000000000000000000000000000000000000000000000000000000000000000
00000000000000000000000000000000000000000000000000000000000000000000000000000000
00000000000000000000000000000000000000000000000000000000000000000000000000000000
00000000000000000000000000000000000000000000000000000000000000000000000000000000
00000000000000000000000000000000000000000000000000000000000000000000000000000000
00000000000000000000000000000000000000000011100000000000000000000000000000000000
00000000000000000000000000000000000000011110100000000000000000000000000000000000
00000000000000000000000000000000000111100000100000000000000000000000000000000000
00000000000000000000000000000000111000000000100000000000000000000000000000000000
00000000000000000000000000000000000000000000100000000000000000000000000000000000
00000000000000000000000000000000000001000001100000000000000000000000000000000000
00000000000000000000000000000110000011000011000000000000000000000000000000000000
00000000000000000000000000111111000010000010000000000000000000000000000000000000
00000000000000000000010111100001000110000100000000000000000000000000000000000000
00000000000000000000011000000001001100000011111111000000000000000000000000000000
00000000000000000000001000000011001000111100000001000000000000000000000000000000
00000000000000000000001000000010010111000000000001000000000000000000000000000000
00000000000000000000000100000110111100000000000001000000000000000000000000000000
00000000000000000000000100000111000000000000000001000000000000000000000000000000
00000000000000000000000110011110000000000000000001000000000000000000000000000000
00000000000000000000000011100000000000000000011111000000000000000000000000000000
00000000000000000000000011000000000000000111100001000000000000000000000000000000
00000000000000000000000001000000000011111000000001000000000000000000000000000000
00000000000000000000000000000000011100000000000001000000000000000000000000000000
00000000000000000000000000000011110000000000000010000000000000000000000000000000
00000000000000000000000000000000000000000000000010000000000000000000000000000000
00000000000000000000000000000000000000000000000110000000000000000000000000000000
00000000000000000000000000000000000000000000000100000000000000000000000000000000
00000000000000000000000000000000000000000100001100000000000000000000000000000000
00000000000000000000000000000000000000000010001000000000000000000000000000000000
00000000000000000000000000000000000000000001010000000000000000000000000000000000
00000000000000000000000000000000000000000001110000000000000000000000000000000000
00000000000000000000000000000000000000000000000000000000000000000000000000000000
00000000000000000000000000000000000000000000000000000000000000000000000000000000
00000000000000000000000000000000000000000000000000000000000000000000000000000000
00000000000000000000000000000000000000000000000000000000000000000000000000000000
00000000000000000000000000000000000000000000000000000000000000000000000000000000
00000000000000000000000000000000000000000000000000000000000000000000000000000000
00000000000000000000000000000000000000000000000000000000000000000000000000000000
00000000000000000000000000000000000000000000000000000000000000000000000000000000
00000000000000000000000000000000000000000000000000000000000000000000000000000000
00000000000000000000000000000000000000000000000000000000000000000000000000000000
00000000000000000000000000000000000000000000000000000000000000000000000000000000
00000000000000000000000000000000000000000000000000000000000000000000000000000000
00000000000000000000000000000000000000000000000000000000000000000000000000000000
00000000000000000000000000000000000000000000000000000000000000000000000000000000
00000000000000000000000000000000000000000000000000000000000000000000000000000000
00000000000000000000000000000000000000000000000000000000000000000000000000000000
00000000000000000000000000000000000000000000000000000000000000000000000000000000
00000000000000000000000000000000000000000000000000000000000000000000000000000000
00000000000000000000000000000000000000000000000000000000000000000000000000000000
00000000000000000000000000000000000000000000000000000000000000000000000000000000
00000000000000000000000000000000000000000000000000000000000000000000000000000000
00000000000000000000000000000000000000000000000000000000000000000000000000000000
00000000000000000000000000000000000000000000000000000000000000000000000000000000
00000000000000000000000000000000000000000000000000000000000000000000000000000000
