00000000000000000000000000000000000000000000000000000000000000000000000000000000
00000000000000000000000000000000000000000000000000000000000000000000000000000000
00000000000000000000000000000000000000000000000000000000000000000000000000000000
00000000000000000000000000000000000000000000000000000000000000000000000000000000
00000000000000000000000000000000000000000000000000000000000000000000000000000000
00000000000000000000000000000000000000000000000000000000000000000000000000000000
00000000000000000000000000000000000000000000000000000000000000000000000000000000
00000000000000000000000000000000000000000000000000000000000000000000000000000000
00000000000000000000000000000000000000000000000000000000000000000000000000000000
00000000000000000000000000000000000000000000000000000000000000000000000000000000
00000000000000000000000000000000000000000011111000000000000000000000000000000000
00000000000000000000000000000000000000011110001100000000000000000000000000000000
00000000000000000000000000000000000011100000000100000000000000000000000000000000
00000000000000000000000000000000000110000000000100000000000000000000000000000000
00000000000000000000000000000001110000000000000100000000000000000000000000000000
00000000000000000000000000111110010000000000000100000000000000000000000000000000
00000000000000000000010111000000010000000100001100000000000000000000000000000000
00000000000000000000011100000000010000001100001000000000000000000000000000000000
00000000000000000000010000000000010000001000011000000000000000000000000000000000
00000000000000000000011000000000010000010000010000000000000000000000000000000000
00000000000000000000001000000000010000010000110000000000000000000000000000000000
00000000000000000000001000000000010000100001100000000000000000000000000000000000
00000000000000000000001000000000010001100011000000000000000000000000000000000000
00000000000000000000001000000000010001000110011111110000000000000000000000000000
00000000000000000000000100000000010011000011110000011000000000000000000000000000
00000000000000000000000100000111100010001110000000001000000000000000000000000000
00000000000000000000000111111000100110111000000000001000000000000000000000000000
00000000000000000000000110000000000111100000000000001000000000000000000000000000
00000000000000000000000100000000000000000000000000001000000000000000000000000000
00000000000000000000000000000000000000000000000000001110000000000000000000000000
00000000000000000000000000000000000000000000111111111000000000000000000000000000
00000000000000000000000000000000000001111111100000001000000000000000000000000000
00000000000000000000000000000000001111000000000000001000000000000000000000000000
00000000000000000000000000000000000000000000000000001000000000000000000000000000
00000000000000000000000000000000000000000000000000010000000000000000000000000000
00000000000000000000000000000000000000000000000000010000000000000000000000000000
00000000000000000000000000000000000000000000100000100000000000000000000000000000
00000000000000000000000000000000000000000000110001100000000000000000000000000000
00000000000000000000000000000000000000000000011110000000000000000000000000000000
00000000000000000000000000000000000000000000000000000000000000000000000000000000
00000000000000000000000000000000000000000000000000000000000000000000000000000000
00000000000000000000000000000000000000000000000000000000000000000000000000000000
00000000000000000000000000000000000000000000000000000000000000000000000000000000
00000000000000000000000000000000000000000000000000000000000000000000000000000000
00000000000000000000000000000000000000000000000000000000000000000000000000000000
00000000000000000000000000000000000000000000000000000000000000000000000000000000
00000000000000000000000000000000000000000000000000000000000000000000000000000000
00000000000000000000000000000000000000000000000000000000000000000000000000000000
00000000000000000000000000000000000000000000000000000000000000000000000000000000
00000000000000000000000000000000000000000000000000000000000000000000000000000000
00000000000000000000000000000000000000000000000000000000000000000000000000000000
00000000000000000000000000000000000000000000000000000000000000000000000000000000
00000000000000000000000000000000000000000000000000000000000000000000000000000000
00000000000000000000000000000000000000000000000000000000000000000000000000000000
00000000000000000000000000000000000000000000000000000000000000000000000000000000
00000000000000000000000000000000000000000000000000000000000000000000000000000000
00000000000000000000000000000000000000000000000000000000000000000000000000000000
00000000000000000000000000000000000000000000000000000000000000000000000000000000
00000000000000000000000000000000000000000000000000000000000000000000000000000000
00000000000000000000000000000000000000000000000000000000000000000000000000000000
