00000000000000000000000000000000000000000000000000000000000000000000000000000000
00000000000000000000000000000000000000000000000000000000000000000000000000000000
00000000000000000000000000000000000000000000000000000000000000000000000000000000
00000000000000000000000000000000000000000000000000000000000000000000000000000000
00000000000000000000000000000000000000000000000000000000000000000000000000000000
00000000000000000000000000000000000000000000000000000000000000000000000000000000
00000000000000000000000000000000000000000000000000000000000000000000000000000000
00000000000000000000000000000000000000000000000000000000000000000000000000000000
00000000000000000000000000000000000000000000000000000000000000000000000000000000
00000000000000000000000000000000000000000000000000000000000000000000000000000000
00000000000000000000000000000000000000000000000000000000000000000000000000000000
00000000000000000000000000000000000000000000000000111111000000000000000000000000
00000000000000000000000000000000000000000000001111000001000000000000000000000000
00000000000000000000000000000000000000000001110000000001000000000000000000000000
00000000000000000000000000000000000000000111000000000001000000000000000000000000
00000000000000000000000000000000000000011100000000000001000000000000000000000000
00000000000000000000000000000000000000010000000000000001000000000000000000000000
00000000000000000000000000000000011110000000000000000001000000000000000000000000
00000000000000000000000000000111100010000000000100000011000000000000000000000000
00000000000000000000000011111000000010000000000100000010000000000000000000000000
00000000000000000000000010000000000010000000000100000110000000000000000000000000
00000000000000000000000010000000000010000000000100001100000000000000000000000000
00000000000000000000000010000000000010000000001100001000000000000000000000000000
00000000000000000000000011000000000010000000001000110000000000000000000000000000
00000000000000000000000001000000000010000000001001100000000000000000000000000000
00000000000000000000000001000000000010000000011000000000000000000000000000000000
00000000000000000000000001000000000010000000010000000000011111000000000000000000
00000000000000000000000000100000000010000000110000001111100001000000000000000000
00000000000000000000000000100000000111000000100001110000000001000000000000000000
00000000000000000000000000100000111110000001111110000000000001000000000000000000
00000000000000000000000000110111001100000001110000000000000001000000000000000000
00000000000000000000000000011100000000000000000000000000000001000000000000000000
00000000000000000000000000000000000000000000000000000000000001000000000000000000
00000000000000000000000000000000000000000000000000000000000001000000000000000000
00000000000000000000000000000000000000000000000000000111111101000000000000000000
00000000000000000000000000000000000000000000000011111100000011000000000000000000
00000000000000000000000000000000000000000000011110000000000010000000000000000000
00000000000000000000000000000000000000000111110000000000000100000000000000000000
00000000000000000000000000000000000000001100000000000000000100000000000000000000
00000000000000000000000000000000000000000000000000000000001000000000000000000000
00000000000000000000000000000000000000000000000000000000010000000000000000000000
00000000000000000000000000000000000000000000000000000000110000000000000000000000
00000000000000000000000000000000000000000000000000000001100000000000000000000000
00000000000000000000000000000000000000000000000000111011000000000000000000000000
00000000000000000000000000000000000000000000000000001110000000000000000000000000
00000000000000000000000000000000000000000000000000000000000000000000000000000000
00000000000000000000000000000000000000000000000000000000000000000000000000000000
00000000000000000000000000000000000000000000000000000000000000000000000000000000
00000000000000000000000000000000000000000000000000000000000000000000000000000000
00000000000000000000000000000000000000000000000000000000000000000000000000000000
00000000000000000000000000000000000000000000000000000000000000000000000000000000
00000000000000000000000000000000000000000000000000000000000000000000000000000000
00000000000000000000000000000000000000000000000000000000000000000000000000000000
00000000000000000000000000000000000000000000000000000000000000000000000000000000
00000000000000000000000000000000000000000000000000000000000000000000000000000000
00000000000000000000000000000000000000000000000000000000000000000000000000000000
00000000000000000000000000000000000000000000000000000000000000000000000000000000
00000000000000000000000000000000000000000000000000000000000000000000000000000000
00000000000000000000000000000000000000000000000000000000000000000000000000000000
00000000000000000000000000000000000000000000000000000000000000000000000000000000
