00000000000000000000000000000000000000000000000000000000000000000000000000000000
00000000000000000000000000000000000000000000000000000000000000000000000000000000
00000000000000000000000000000000000000000000000000000000000000000000000000000000
00000000000000000000000000000000000000000000000000000000000000000000000000000000
00000000000000000000000000000000000000000000000000000000000000000000000000000000
00000000000000000000000000000000000000000000000000000000000000000000000000000000
00000000000000000000000000000000000000000000000000000000000000000000000000000000
00000000000000000000000000000000000000000000000000000000000000000000000000000000
00000000000000000000000000000000000000000000000011111100000000000000000000000000
00000000000000000000000000000000000000000000111110000010000000000000000000000000
00000000000000000000000000000000000000000011100000000010000000000000000000000000
00000000000000000000000000000000000000000110000000000010000000000000000000000000
00000000000000000000000000000000000000000000000000000010000000000000000000000000
00000000000000000000000000000000001111100000000000000010000000000000000000000000
00000000000000000000000010000111110000110000000100000010000000000000000000000000
00000000000000000000000011111000000000010000000100000010000000000000000000000000
00000000000000000000000010000000000000010000000100000110000000000000000000000000
00000000000000000000000010000000000000010000000100001100000000000000000000000000
00000000000000000000000010000000000000110000001100011000000000000000000000000000
00000000000000000000000010000000000000100000001000000000000000000000000000000000
00000000000000000000000010000000000001100000001001111111111000000000000000000000
00000000000000000000000001000000000001000000010110000000001100000000000000000000
00000000000000000000000001000000000011000000111000000000000110000000000000000000
00000000000000000000000001000000000010000000100000000000000010000000000000000000
00000000000000000000000000100000000110000000000000000000000011000000000000000000
00000000000000000000000000100000000100000000000000000000000001000000000000000000
00000000000000000000000000100001111111110000000000000000000001000000000000000000
00000000000000000000000000011110000000000000000000000000000001000000000000000000
00000000000000000000000000010000000000000000000001111111111101000000000000000000
00000000000000000000000000001000000000000000001111000000000001000000000000000000
00000000000000000000000000001000000000000000011000000000000001000000000000000000
00000000000000000000000000000000000001000011100000000000000011000000000000000000
00000000000000000000000000000000000001111100000000000000000010000000000000000000
00000000000000000000000000000000000000000000000000000000000110000000000000000000
00000000000000000000000000000000000000000000000001000000001100000000000000000000
00000000000000000000000000000000000000000000000000110000011000000000000000000000
00000000000000000000000000000000000000000000000000001101110000000000000000000000
00000000000000000000000000000000000000000000000000000111000000000000000000000000
00000000000000000000000000000000000000000000000000000000000000000000000000000000
00000000000000000000000000000000000000000000000000000000000000000000000000000000
00000000000000000000000000000000000000000000000000000000000000000000000000000000
00000000000000000000000000000000000000000000000000000000000000000000000000000000
00000000000000000000000000000000000000000000000000000000000000000000000000000000
00000000000000000000000000000000000000000000000000000000000000000000000000000000
00000000000000000000000000000000000000000000000000000000000000000000000000000000
00000000000000000000000000000000000000000000000000000000000000000000000000000000
00000000000000000000000000000000000000000000000000000000000000000000000000000000
00000000000000000000000000000000000000000000000000000000000000000000000000000000
00000000000000000000000000000000000000000000000000000000000000000000000000000000
00000000000000000000000000000000000000000000000000000000000000000000000000000000
00000000000000000000000000000000000000000000000000000000000000000000000000000000
00000000000000000000000000000000000000000000000000000000000000000000000000000000
00000000000000000000000000000000000000000000000000000000000000000000000000000000
00000000000000000000000000000000000000000000000000000000000000000000000000000000
00000000000000000000000000000000000000000000000000000000000000000000000000000000
00000000000000000000000000000000000000000000000000000000000000000000000000000000
00000000000000000000000000000000000000000000000000000000000000000000000000000000
00000000000000000000000000000000000000000000000000000000000000000000000000000000
00000000000000000000000000000000000000000000000000000000000000000000000000000000
00000000000000000000000000000000000000000000000000000000000000000000000000000000
