00000000000000000000000000000000000000000000000000000000000000000000000000000000
00000000000000000000000000000000000000000000000000000000000000000000000000000000
00000000000000000000000000000000000000000000000000000000000000000000000000000000
00000000000000000000000000000000000000000000000000000000000000000000000000000000
00000000000000000000000000000000000000000000000000000000000000000000000000000000
00000000000000000000000000000000000000000000000000000000000000000000000000000000
00000000000000000000000000000000000000000000000000000000000000000000000000000000
00000000000000000000000000000000000000000000000000000000000000000000000000000000
00000000000000000000000000000000000000000000000000000000000000000000000000000000
00000000000000000000000000000000000000000000000000000000000000000000000000000000
00000000000000000000000000000000000000000000000000000000000000000000000000000000
00000000000000000000000000000000000000000000000000000000000000000000000000000000
00000000000000000000000000000000000000000000000000000000000000000000000000000000
00000000000000000000000000000000000000000000000000110000000000000000000000000000
00000000000000000000000000000000000000000000000111110000000000000000000000000000
00000000000000000000000000000000000000000000111000001000000000000000000000000000
00000000000000000000000000000000000000000111000000001000000000000000000000000000
00000000000000000000000000000000000000111000000000001000000000000000000000000000
00000000000000000000000000000000000000000000000000001000000000000000000000000000
00000000000000000000000000000000000000000000000000001000000000000000000000000000
00000000000000000000000000011111111100000001000000001000000000000000000000000000
00000000000000000000010011110000000100000001000000001000000000000000000000000000
00000000000000000000011100000000000100000011000000011000000000000000000000000000
00000000000000000000001000000000000100000010000000010000000000000000000000000000
00000000000000000000001000000000000100000010000000100000000000000000000000000000
00000000000000000000001000000000001100000010000001100000000000000000000000000000
00000000000000000000001100000000001000000010000011000000000000000000000000000000
00000000000000000000000100000000011000000100000010000000000000000000000000000000
00000000000000000000000100000000010000000100000000000000000000000000000000000000
00000000000000000000000010000111111100001100000000011111100000000000000000000000
00000000000000000000000010111100110000001000000111110000100000000000000000000000
00000000000000000000000001000000000000011000111100000000110000000000000000000000
00000000000000000000000000000000000000011111100000000000010000000000000000000000
00000000000000000000000000000000000000000000000000000000010000000000000000000000
00000000000000000000000000000000000000000000000000000000010000000000000000000000
00000000000000000000000000000000000000000000000000000111110000000000000000000000
00000000000000000000000000000000000000000000000011111100010000000000000000000000
00000000000000000000000000000000000000000001111100000000010000000000000000000000
00000000000000000000000000000000000000111110000000000000110000000000000000000000
00000000000000000000000000000000011111000000000000000000100000000000000000000000
00000000000000000000000000000000000000000000000000000001100000000000000000000000
00000000000000000000000000000000000000000000000001100001000000000000000000000000
00000000000000000000000000000000000000000000000000011011000000000000000000000000
00000000000000000000000000000000000000000000000000001110000000000000000000000000
00000000000000000000000000000000000000000000000000000000000000000000000000000000
00000000000000000000000000000000000000000000000000000000000000000000000000000000
00000000000000000000000000000000000000000000000000000000000000000000000000000000
00000000000000000000000000000000000000000000000000000000000000000000000000000000
00000000000000000000000000000000000000000000000000000000000000000000000000000000
00000000000000000000000000000000000000000000000000000000000000000000000000000000
00000000000000000000000000000000000000000000000000000000000000000000000000000000
00000000000000000000000000000000000000000000000000000000000000000000000000000000
00000000000000000000000000000000000000000000000000000000000000000000000000000000
00000000000000000000000000000000000000000000000000000000000000000000000000000000
00000000000000000000000000000000000000000000000000000000000000000000000000000000
00000000000000000000000000000000000000000000000000000000000000000000000000000000
00000000000000000000000000000000000000000000000000000000000000000000000000000000
00000000000000000000000000000000000000000000000000000000000000000000000000000000
00000000000000000000000000000000000000000000000000000000000000000000000000000000
00000000000000000000000000000000000000000000000000000000000000000000000000000000
