00000000000000000000000000000000000000000000000000000000000000000000000000000000
00000000000000000000000000000000000000000000000000000000000000000000000000000000
00000000000000000000000000000000000000000000000000000000000000000000000000000000
00000000000000000000000000000000000000000000000000000000000000000000000000000000
00000000000000000000000000000000000000000000000000000000000000000000000000000000
00000000000000000000000000000000000000000000000000000000000000000000000000000000
00000000000000000000000000000000000000000000000000000000000000000000000000000000
00000000000000000000000000000000000000000000000000000000000000000000000000000000
00000000000000000000000000000000000000000000000000000000000000000000000000000000
00000000000000000000000000000000000000000000000000000000000000000000000000000000
00000000000000000000000000000000000000000000000000000000000000000000000000000000
00000000000000000000000000000000000000000000000000000000000000000000000000000000
00000000000000000000000000000000000000000000000000000000000000000000000000000000
00000000000000000000000000000000000000000000000000000000000000000000000000000000
00000000000000000000000000000000000000000000000000000000000000000000000000000000
00000000000000000000000000000000000000000011111110000000000000000000000000000000
00000000000000000000000000000000000111111110000010000000000000000000000000000000
00000000000000000000000000000000000000000000000010000000000000000000000000000000
00000000000000000000000000000000000000000000000010000000000000000000000000000000
00000000000000000000000000000000000000000010000010000000000000000000000000000000
00000000000000000000000000000000000000000010000010000000000000000000000000000000
00000000000000000000000000000001110000000100000010000000000000000000000000000000
00000000000000000000000010011110010000000100000110000000000000000000000000000000
00000000000000000000000011110000010000000100001100000000000000000000000000000000
00000000000000000000000010000000010000000100001000000000000000000000000000000000
00000000000000000000000001000000010000001000000000000000000000000000000000000000
00000000000000000000000001000000010000001000011111111000000000000000000000000000
00000000000000000000000001000000110000011011110000001100000000000000000000000000
00000000000000000000000000100111110000011100000000000100000000000000000000000000
00000000000000000000000000111100000000000000000000000100000000000000000000000000
00000000000000000000000000110000000000000000000000000100000000000000000000000000
00000000000000000000000000110000000000000000000111111100000000000000000000000000
00000000000000000000000000000000000000000011111100000100000000000000000000000000
00000000000000000000000000000000000001111110000000000100000000000000000000000000
00000000000000000000000000000000011111000000000000000100000000000000000000000000
00000000000000000000000000000000000000000000000000000100000000000000000000000000
00000000000000000000000000000000000000000000000000000100000000000000000000000000
00000000000000000000000000000000000000000001000000001100000000000000000000000000
00000000000000000000000000000000000000000001100000011000000000000000000000000000
00000000000000000000000000000000000000000000110000010000000000000000000000000000
00000000000000000000000000000000000000000000011000110000000000000000000000000000
00000000000000000000000000000000000000000000001111100000000000000000000000000000
00000000000000000000000000000000000000000000000000000000000000000000000000000000
00000000000000000000000000000000000000000000000000000000000000000000000000000000
00000000000000000000000000000000000000000000000000000000000000000000000000000000
00000000000000000000000000000000000000000000000000000000000000000000000000000000
00000000000000000000000000000000000000000000000000000000000000000000000000000000
00000000000000000000000000000000000000000000000000000000000000000000000000000000
00000000000000000000000000000000000000000000000000000000000000000000000000000000
00000000000000000000000000000000000000000000000000000000000000000000000000000000
00000000000000000000000000000000000000000000000000000000000000000000000000000000
00000000000000000000000000000000000000000000000000000000000000000000000000000000
00000000000000000000000000000000000000000000000000000000000000000000000000000000
00000000000000000000000000000000000000000000000000000000000000000000000000000000
00000000000000000000000000000000000000000000000000000000000000000000000000000000
00000000000000000000000000000000000000000000000000000000000000000000000000000000
00000000000000000000000000000000000000000000000000000000000000000000000000000000
00000000000000000000000000000000000000000000000000000000000000000000000000000000
00000000000000000000000000000000000000000000000000000000000000000000000000000000
00000000000000000000000000000000000000000000000000000000000000000000000000000000
