00000000000000000000000000000000000000000000000000000000000000000000000000000000
00000000000000000000000000000000000000000000000000000000000000000000000000000000
00000000000000000000000000000000000000000000000000000000000000000000000000000000
00000000000000000000000000000000000000000000000000000000000000000000000000000000
00000000000000000000000000000000000000000000000000000000000000000000000000000000
00000000000000000000000000000000000000000000000000000000000000000000000000000000
00000000000000000000000000000000000000000000000000000000000000000000000000000000
00000000000000000000000000000000000000000000000000000000000000000000000000000000
00000000000000000000000000000000000000000000000000000000000000000000000000000000
00000000000000000000000000000000000000000000000000000000000000000000000000000000
00000000000000000000000000000000000000000000000000000000000000000000000000000000
00000000000000000000000000000000000000000000000000000000000000000000000000000000
00000000000000000000000000000000000000000000000000000000000000000000000000000000
00000000000000000000000000000000000000000000000000000000000000000000000000000000
00000000000000000000000000000000000000000000111000000000000000000000000000000000
00000000000000000000000000000000000000111111101100000000000000000000000000000000
00000000000000000000000000000000000111100000000100000000000000000000000000000000
00000000000000000000000000000000111100000000000100000000000000000000000000000000
00000000000000000000000000000000000000000000000100000000000000000000000000000000
00000000000000000000000000000000000000010000000100000000000000000000000000000000
00000000000000000000000000111111000000010000001100000000000000000000000000000000
00000000000000000000011111100001000000010000001000000000000000000000000000000000
00000000000000000000011000000000100000100000011000000000000000000000000000000000
00000000000000000000010000000000100000100000010000000000000000000000000000000000
00000000000000000000010000000000100000100000100000000000000000000000000000000000
00000000000000000000011000000000100001100000100000000000000000000000000000000000
00000000000000000000001000000001000001000001000000000000000000000000000000000000
00000000000000000000001000000001000001000000000011111000000000000000000000000000
00000000000000000000001000000001000011000000011100001000000000000000000000000000
00000000000000000000001101111111110010000011100000001100000000000000000000000000
00000000000000000000001111000000000010001110000000000100000000000000000000000000
00000000000000000000000000000000000011111000000000000100000000000000000000000000
00000000000000000000000000000000000000000000000000000100000000000000000000000000
00000000000000000000000000000000000000000000000000000100000000000000000000000000
00000000000000000000000000000000000000000000011110000100000000000000000000000000
00000000000000000000000000000000000000011111110011101100000000000000000000000000
00000000000000000000000000000000000111110000000000101000000000000000000000000000
00000000000000000000000000000001111000000000000000001000000000000000000000000000
00000000000000000000000000001110000000000000000000011000000000000000000000000000
00000000000000000000000000000000000000000000000000110000000000000000000000000000
00000000000000000000000000000000000000000000000000100000000000000000000000000000
00000000000000000000000000000000000000000000000001100000000000000000000000000000
00000000000000000000000000000000000000000000000011000000000000000000000000000000
00000000000000000000000000000000000000000011000110000000000000000000000000000000
00000000000000000000000000000000000000000001111000000000000000000000000000000000
00000000000000000000000000000000000000000000000000000000000000000000000000000000
00000000000000000000000000000000000000000000000000000000000000000000000000000000
00000000000000000000000000000000000000000000000000000000000000000000000000000000
00000000000000000000000000000000000000000000000000000000000000000000000000000000
00000000000000000000000000000000000000000000000000000000000000000000000000000000
00000000000000000000000000000000000000000000000000000000000000000000000000000000
00000000000000000000000000000000000000000000000000000000000000000000000000000000
00000000000000000000000000000000000000000000000000000000000000000000000000000000
00000000000000000000000000000000000000000000000000000000000000000000000000000000
00000000000000000000000000000000000000000000000000000000000000000000000000000000
00000000000000000000000000000000000000000000000000000000000000000000000000000000
00000000000000000000000000000000000000000000000000000000000000000000000000000000
00000000000000000000000000000000000000000000000000000000000000000000000000000000
00000000000000000000000000000000000000000000000000000000000000000000000000000000
00000000000000000000000000000000000000000000000000000000000000000000000000000000
