00000000000000000000000000000000000000000000000000000000000000000000000000000000
00000000000000000000000000000000000000000000000000000000000000000000000000000000
00000000000000000000000000000000000000000000000000000000000000000000000000000000
00000000000000000000000000000000000000000000000000000000000000000000000000000000
00000000000000000000000000000000000000000000000000000000000000000000000000000000
00000000000000000000000000000000000000000000000000000000000000000000000000000000
00000000000000000000000000000000000000000000000000000000000000000000000000000000
00000000000000000000000000000000000000000000000000000000000000000000000000000000
00000000000000000000000000000000000000000000000000000000000000000000000000000000
00000000000000000000000000000000000000000000000000000000000000000000000000000000
00000000000000000000000000000000000000000000000000000000000000000000000000000000
00000000000000000000000000000000000000000000000000000000000000000000000000000000
00000000000000000000000000000000000000000000000000000000000000000000000000000000
00000000000000000000000000000000000000000000000000000000000000000000000000000000
00000000000000000000000000000000000000000000000111111111100000000000000000000000
00000000000000000000000000000000000000000000111100000000100000000000000000000000
00000000000000000000000000000000000000001111000000000000100000000000000000000000
00000000000000000000000000000000000000000000000000000000100000000000000000000000
00000000000000000000000000000000000000110000000010000000100000000000000000000000
00000000000000000000000000000001111111110000000010000001100000000000000000000000
00000000000000000000000000111111000000010000000010000001000000000000000000000000
00000000000000000000000000100000000000010000000100000001000000000000000000000000
00000000000000000000000000100000000000010000000100000010000000000000000000000000
00000000000000000000000000100000000000110000001100000110000000000000000000000000
00000000000000000000000000110000000000100000001000001100000000000000000000000000
00000000000000000000000000010000000001100000011000000000111110000000000000000000
00000000000000000000000000010000000001000000010000011111000010000000000000000000
00000000000000000000000000010000000001000000100111110000000010000000000000000000
00000000000000000000000000011000000011110001111100000000000010000000000000000000
00000000000000000000000000001111111110000000000000000000000010000000000000000000
00000000000000000000000000001000000000000000000000000000000010000000000000000000
00000000000000000000000000001100000000000000000000000000000010000000000000000000
00000000000000000000000000000100000000000000000000000001111110000000000000000000
00000000000000000000000000000000000000000000000001111110000010000000000000000000
00000000000000000000000000000000000000000000111111000000000010000000000000000000
00000000000000000000000000000000000000111111000000000000000110000000000000000000
00000000000000000000000000000000000000000000000000000000000100000000000000000000
00000000000000000000000000000000000000000000000000000000001000000000000000000000
00000000000000000000000000000000000000000000000011000000011000000000000000000000
00000000000000000000000000000000000000000000000001100000110000000000000000000000
00000000000000000000000000000000000000000000000000110001100000000000000000000000
00000000000000000000000000000000000000000000000000011110000000000000000000000000
00000000000000000000000000000000000000000000000000000000000000000000000000000000
00000000000000000000000000000000000000000000000000000000000000000000000000000000
00000000000000000000000000000000000000000000000000000000000000000000000000000000
00000000000000000000000000000000000000000000000000000000000000000000000000000000
00000000000000000000000000000000000000000000000000000000000000000000000000000000
00000000000000000000000000000000000000000000000000000000000000000000000000000000
00000000000000000000000000000000000000000000000000000000000000000000000000000000
00000000000000000000000000000000000000000000000000000000000000000000000000000000
00000000000000000000000000000000000000000000000000000000000000000000000000000000
00000000000000000000000000000000000000000000000000000000000000000000000000000000
00000000000000000000000000000000000000000000000000000000000000000000000000000000
00000000000000000000000000000000000000000000000000000000000000000000000000000000
00000000000000000000000000000000000000000000000000000000000000000000000000000000
00000000000000000000000000000000000000000000000000000000000000000000000000000000
00000000000000000000000000000000000000000000000000000000000000000000000000000000
00000000000000000000000000000000000000000000000000000000000000000000000000000000
00000000000000000000000000000000000000000000000000000000000000000000000000000000
00000000000000000000000000000000000000000000000000000000000000000000000000000000
