00000000000000000000000000000000000000000000000000000000000000000000000000000000
00000000000000000000000000000000000000000000000000000000000000000000000000000000
00000000000000000000000000000000000000000000000000000000000000000000000000000000
00000000000000000000000000000000000000000000000000000000000000000000000000000000
00000000000000000000000000000000000000000000000000000000000000000000000000000000
00000000000000000000000000000000000000000000000000000000000000000000000000000000
00000000000000000000000000000000000000000000000000000000000000000000000000000000
00000000000000000000000000000000000000000000000000000000000000000000000000000000
00000000000000000000000000000000000000000000000000000000000000000000000000000000
00000000000000000000000000000000000000000000000000000000000000000000000000000000
00000000000000000000000000000000000000000000000000000000000000000000000000000000
00000000000000000000000000000000000000000000000111111100000000000000000000000000
00000000000000000000000000000000000000000000111100000010000000000000000000000000
00000000000000000000000000000000000000000111000000000010000000000000000000000000
00000000000000000000000000000000000000111000000000000010000000000000000000000000
00000000000000000000000000000000000000000000000000000010000000000000000000000000
00000000000000000000000000000000000000000000001000000010000000000000000000000000
00000000000000000000000000000000000000000000001000000010000000000000000000000000
00000000000000000000000000000000000000000000011000000100000000000000000000000000
00000000000000000000000000000000000000000000010000001100000000000000000000000000
00000000000000000000000000000000000000000000010000011000000000000000000000000000
00000000000000000000000000000000001111000000110000110000000000000000000000000000
00000000000000000000000000001111110001000000100001100000000000000000000000000000
00000000000000000000000011111000000001000001100011000000000000000000000000000000
00000000000000000000000010000000000001000001000000011111111111000000000000000000
00000000000000000000000010000000000001000011001111100000000001000000000000000000
00000000000000000000000010000000000001000111110000000000000001000000000000000000
00000000000000000000000010000000000001001110000000000000000001000000000000000000
00000000000000000000000011000000000010000000000000000000000001000000000000000000
00000000000000000000000001000000000010000000000000000000000001000000000000000000
00000000000000000000000001000000000010000000000000000000000001000000000000000000
00000000000000000000000001100000111100000000000000000000000010000000000000000000
00000000000000000000000000101111100100000000000000001111111010000000000000000000
00000000000000000000000000100000000100000000001111110000000010000000000000000000
00000000000000000000000000000000000000000001111000000000000100000000000000000000
00000000000000000000000000000000000000001111000000000000000100000000000000000000
00000000000000000000000000000000000001111000000000000000000100000000000000000000
00000000000000000000000000000000000000000000000000000000001100000000000000000000
00000000000000000000000000000000000000000000000000000000001000000000000000000000
00000000000000000000000000000000000000000000000000000000010000000000000000000000
00000000000000000000000000000000000000000000000011000000110000000000000000000000
00000000000000000000000000000000000000000000000000100001100000000000000000000000
00000000000000000000000000000000000000000000000000011111000000000000000000000000
00000000000000000000000000000000000000000000000000000000000000000000000000000000
00000000000000000000000000000000000000000000000000000000000000000000000000000000
00000000000000000000000000000000000000000000000000000000000000000000000000000000
00000000000000000000000000000000000000000000000000000000000000000000000000000000
00000000000000000000000000000000000000000000000000000000000000000000000000000000
00000000000000000000000000000000000000000000000000000000000000000000000000000000
00000000000000000000000000000000000000000000000000000000000000000000000000000000
00000000000000000000000000000000000000000000000000000000000000000000000000000000
00000000000000000000000000000000000000000000000000000000000000000000000000000000
00000000000000000000000000000000000000000000000000000000000000000000000000000000
00000000000000000000000000000000000000000000000000000000000000000000000000000000
00000000000000000000000000000000000000000000000000000000000000000000000000000000
00000000000000000000000000000000000000000000000000000000000000000000000000000000
00000000000000000000000000000000000000000000000000000000000000000000000000000000
00000000000000000000000000000000000000000000000000000000000000000000000000000000
00000000000000000000000000000000000000000000000000000000000000000000000000000000
00000000000000000000000000000000000000000000000000000000000000000000000000000000
