00000000000000000000000000000000000000000000000000000000000000000000000000000000
00000000000000000000000000000000000000000000000000000000000000000000000000000000
00000000000000000000000000000000000000000000000000000000000000000000000000000000
00000000000000000000000000000000000000000000000000000000000000000000000000000000
00000000000000000000000000000000000000000000000000000000000000000000000000000000
00000000000000000000000000000000000000000000000000000000000000000000000000000000
00000000000000000000000000000000000000000000000000000000000000000000000000000000
00000000000000000000000000000000000000000000000000000000000000000000000000000000
00000000000000000000000000000000000000000000000000000000000000000000000000000000
00000000000000000000000000000000000000000000000000000000000000000000000000000000
00000000000000000000000000000000000000000000000000000000000000000000000000000000
00000000000000000000000000000000000000000000000000111111000000000000000000000000
00000000000000000000000000000000000000000000000111100001000000000000000000000000
00000000000000000000000000000000000000000000011000000000100000000000000000000000
00000000000000000000000000000000000000001111100000000000100000000000000000000000
00000000000000000000000000000000000000000000000000000000100000000000000000000000
00000000000000000000000000000000000000000000000100000001000000000000000000000000
00000000000000000000000000000000000000000000000100000001000000000000000000000000
00000000000000000000000000000000000000000000000100000010000000000000000000000000
00000000000000000000000000100000111111110000001000000110000000000000000000000000
00000000000000000000000000111111100000010000001000001100000000000000000000000000
00000000000000000000000000110000000000010000011000011000000000000000000000000000
00000000000000000000000000100000000000001000010000000000000000000000000000000000
00000000000000000000000000000000000000001000010000000000111111000000000000000000
00000000000000000000000000010000000000001000100000111111000001100000000000000000
00000000000000000000000000010000000000001000100111100000000000100000000000000000
00000000000000000000000000001000000000001000111000000000000000100000000000000000
00000000000000000000000000001000000000011000000000000000000000100000000000000000
00000000000000000000000000001000000000010000000000000000000000100000000000000000
00000000000000000000000000000100000000010000000000000000000000100000000000000000
00000000000000000000000000000100000000100000000000000000000000100000000000000000
00000000000000000000000000000110001111111000000000000000000011100000000000000000
00000000000000000000000000000011110001000000000000000000111110100000000000000000
00000000000000000000000000000010000000000000000000001111000000100000000000000000
00000000000000000000000000000011000000000000000111111000000000100000000000000000
00000000000000000000000000000000000000000111111000000000000001100000000000000000
00000000000000000000000000000000000000000000000000000000000001000000000000000000
00000000000000000000000000000000000000000000000000000000000001000000000000000000
00000000000000000000000000000000000000000000000000000000000010000000000000000000
00000000000000000000000000000000000000000000000000000000000110000000000000000000
00000000000000000000000000000000000000000000000000000010000100000000000000000000
00000000000000000000000000000000000000000000000000000001101000000000000000000000
00000000000000000000000000000000000000000000000000000000111000000000000000000000
00000000000000000000000000000000000000000000000000000000000000000000000000000000
00000000000000000000000000000000000000000000000000000000000000000000000000000000
00000000000000000000000000000000000000000000000000000000000000000000000000000000
00000000000000000000000000000000000000000000000000000000000000000000000000000000
00000000000000000000000000000000000000000000000000000000000000000000000000000000
00000000000000000000000000000000000000000000000000000000000000000000000000000000
00000000000000000000000000000000000000000000000000000000000000000000000000000000
00000000000000000000000000000000000000000000000000000000000000000000000000000000
00000000000000000000000000000000000000000000000000000000000000000000000000000000
00000000000000000000000000000000000000000000000000000000000000000000000000000000
00000000000000000000000000000000000000000000000000000000000000000000000000000000
00000000000000000000000000000000000000000000000000000000000000000000000000000000
00000000000000000000000000000000000000000000000000000000000000000000000000000000
00000000000000000000000000000000000000000000000000000000000000000000000000000000
00000000000000000000000000000000000000000000000000000000000000000000000000000000
00000000000000000000000000000000000000000000000000000000000000000000000000000000
00000000000000000000000000000000000000000000000000000000000000000000000000000000
