00000000000000000000000000000000000000000000000000000000000000000000000000000000
00000000000000000000000000000000000000000000000000000000000000000000000000000000
00000000000000000000000000000000000000000000000000000000000000000000000000000000
00000000000000000000000000000000000000000000000000000000000000000000000000000000
00000000000000000000000000000000000000000000000000000000000000000000000000000000
00000000000000000000000000000000000000000000000000000000000000000000000000000000
00000000000000000000000000000000000000000000000000000000000000000000000000000000
00000000000000000000000000000000000000000000000000000000000000000000000000000000
00000000000000000000000000000000000000000000000000000000000000000000000000000000
00000000000000000000000000000000000000000000000000000000000000000000000000000000
00000000000000000000000000000000000000000000000000000000000000000000000000000000
00000000000000000000000000000000000000000000000000000000000000000000000000000000
00000000000000000000000000000000000000000000000000000000000000000000000000000000
00000000000000000000000000000000000000000000000000000000000000000000000000000000
00000000000000000000000000000000000000000000000000000000000000000000000000000000
00000000000000000000000000000000000000000001111110000000000000000000000000000000
00000000000000000000000000000000000000011111000010000000000000000000000000000000
00000000000000000000000000000000000111100000000010000000000000000000000000000000
00000000000000000000000000000000000000000000000010000000000000000000000000000000
00000000000000000000000000000000000000000000000010000000000000000000000000000000
00000000000000000000000000000000000000000010000010000000000000000000000000000000
00000000000000000000000000001111110000000010000110000000000000000000000000000000
00000000000000000000001011111000011000000010000100000000000000000000000000000000
00000000000000000000001100000000001000000010001100000000000000000000000000000000
00000000000000000000001000000000001000000100001000000000000000000000000000000000
00000000000000000000001000000000011000000100000000000000000000000000000000000000
00000000000000000000001000000000010000000100000000000000000000000000000000000000
00000000000000000000001100000000110000000100000011111000000000000000000000000000
00000000000000000000000100000001100000001100111100001000000000000000000000000000
00000000000000000000000100000001000000001111000000001000000000000000000000000000
00000000000000000000000100000001000000001100000000001000000000000000000000000000
00000000000000000000000100000111100000000000000000001000000000000000000000000000
00000000000000000000000111111010000000000000000000001000000000000000000000000000
00000000000000000000000010000000000000000000000000001000000000000000000000000000
00000000000000000000000000000000000000000001111111111000000000000000000000000000
00000000000000000000000000000000000000001111000000001000000000000000000000000000
00000000000000000000000000000000000011111000000000001000000000000000000000000000
00000000000000000000000000000011111110000000000000011000000000000000000000000000
00000000000000000000000000000000000000000000000000010000000000000000000000000000
00000000000000000000000000000000000000000000000000110000000000000000000000000000
00000000000000000000000000000000000000000000000000100000000000000000000000000000
00000000000000000000000000000000000000000000000001100000000000000000000000000000
00000000000000000000000000000000000000000000110001000000000000000000000000000000
00000000000000000000000000000000000000000000001010000000000000000000000000000000
00000000000000000000000000000000000000000000001110000000000000000000000000000000
00000000000000000000000000000000000000000000000000000000000000000000000000000000
00000000000000000000000000000000000000000000000000000000000000000000000000000000
00000000000000000000000000000000000000000000000000000000000000000000000000000000
00000000000000000000000000000000000000000000000000000000000000000000000000000000
00000000000000000000000000000000000000000000000000000000000000000000000000000000
00000000000000000000000000000000000000000000000000000000000000000000000000000000
00000000000000000000000000000000000000000000000000000000000000000000000000000000
00000000000000000000000000000000000000000000000000000000000000000000000000000000
00000000000000000000000000000000000000000000000000000000000000000000000000000000
00000000000000000000000000000000000000000000000000000000000000000000000000000000
00000000000000000000000000000000000000000000000000000000000000000000000000000000
00000000000000000000000000000000000000000000000000000000000000000000000000000000
00000000000000000000000000000000000000000000000000000000000000000000000000000000
00000000000000000000000000000000000000000000000000000000000000000000000000000000
00000000000000000000000000000000000000000000000000000000000000000000000000000000
