00000000000000000000000000000000000000000000000000000000000000000000000000000000
00000000000000000000000000000000000000000000000000000000000000000000000000000000
00000000000000000000000000000000000000000000000000000000000000000000000000000000
00000000000000000000000000000000000000000000000000000000000000000000000000000000
00000000000000000000000000000000000000000000000000000000000000000000000000000000
00000000000000000000000000000000000000000000000000000000000000000000000000000000
00000000000000000000000000000000000000000000000000000000000000000000000000000000
00000000000000000000000000000000000000000000000000000000000000000000000000000000
00000000000000000000000000000000000000000000000000000000000000000000000000000000
00000000000000000000000000000000000000000000000000000000000000000000000000000000
00000000000000000000000000000000000000000000000000000000000000000000000000000000
00000000000000000000000000000000000000000000000000000000000000000000000000000000
00000000000000000000000000000000000000000000000000000000000000000000000000000000
00000000000000000000000000000000000000000000000000000000000000000000000000000000
00000000000000000000000000000000000000000000000001111100000000000000000000000000
00000000000000000000000000000000000000000000011110000010000000000000000000000000
00000000000000000000000000000000000001100111110000000011000000000000000000000000
00000000000000000000000000000000000000111100000000000001000000000000000000000000
00000000000000000000000000000000000000000000000000000001000000000000000000000000
00000000000000000000000000000000000000000000000000000001000000000000000000000000
00000000000000000000000000000000000000000000010000000011000000000000000000000000
00000000000000000000000000000011110000000000010000000110000000000000000000000000
00000000000000000000000000011110011000000000010000001100000000000000000000000000
00000000000000000000000111110000001000000000100000011000000000000000000000000000
00000000000000000000000110000000001000000000100000110000000000000000000000000000
00000000000000000000000010000000001000000000100001100000000000000000000000000000
00000000000000000000000010000000001000000001000001000000000000000000000000000000
00000000000000000000000010000000001000000010000110000000000000000000000000000000
00000000000000000000000010000000001000000010000000000000000000000000000000000000
00000000000000000000000001000000011110000100000000011111000000000000000000000000
00000000000000000000000001001111110000001000000111110001100000000000000000000000
00000000000000000000000001111000000000011001111000000000100000000000000000000000
00000000000000000000000001000000000000111111000000000000100000000000000000000000
00000000000000000000000000000000000000000000000000000000100000000000000000000000
00000000000000000000000000000000000000000000000000000000100000000000000000000000
00000000000000000000000000000000000000000000000011111100100000000000000000000000
00000000000000000000000000000000000000000011111110000000100000000000000000000000
00000000000000000000000000000000000001111100000000000000100000000000000000000000
00000000000000000000000000000000111110000000000000000001000000000000000000000000
00000000000000000000000000000000000000000000000000000011000000000000000000000000
00000000000000000000000000000000000000000000000000000010000000000000000000000000
00000000000000000000000000000000000000000000000010001100000000000000000000000000
00000000000000000000000000000000000000000000000001110000000000000000000000000000
00000000000000000000000000000000000000000000000000000000000000000000000000000000
00000000000000000000000000000000000000000000000000000000000000000000000000000000
00000000000000000000000000000000000000000000000000000000000000000000000000000000
00000000000000000000000000000000000000000000000000000000000000000000000000000000
00000000000000000000000000000000000000000000000000000000000000000000000000000000
00000000000000000000000000000000000000000000000000000000000000000000000000000000
00000000000000000000000000000000000000000000000000000000000000000000000000000000
00000000000000000000000000000000000000000000000000000000000000000000000000000000
00000000000000000000000000000000000000000000000000000000000000000000000000000000
00000000000000000000000000000000000000000000000000000000000000000000000000000000
00000000000000000000000000000000000000000000000000000000000000000000000000000000
00000000000000000000000000000000000000000000000000000000000000000000000000000000
00000000000000000000000000000000000000000000000000000000000000000000000000000000
00000000000000000000000000000000000000000000000000000000000000000000000000000000
00000000000000000000000000000000000000000000000000000000000000000000000000000000
00000000000000000000000000000000000000000000000000000000000000000000000000000000
00000000000000000000000000000000000000000000000000000000000000000000000000000000
