00000000000000000000000000000000000000000000000000000000000000000000000000000000
00000000000000000000000000000000000000000000000000000000000000000000000000000000
00000000000000000000000000000000000000000000000000000000000000000000000000000000
00000000000000000000000000000000000000000000000000000000000000000000000000000000
00000000000000000000000000000000000000000000000000000000000000000000000000000000
00000000000000000000000000000000000000000000000000000000000000000000000000000000
00000000000000000000000000000000000000000000000000000000000000000000000000000000
00000000000000000000000000000000000000000000000000000000000000000000000000000000
00000000000000000000000000000000000000000000000000000000000000000000000000000000
00000000000000000000000000000000000000000000000000000000000000000000000000000000
00000000000000000000000000000000000000000000000000000000000000000000000000000000
00000000000000000000000000000000000000000000000000000000000000000000000000000000
00000000000000000000000000000000000000000000000000001111100000000000000000000000
00000000000000000000000000000000000000000000000001111000110000000000000000000000
00000000000000000000000000000000000000000000011110000000010000000000000000000000
00000000000000000000000000000000000000011111110000000000011000000000000000000000
00000000000000000000000000000000000000000000000000000000001000000000000000000000
00000000000000000000000000000000000000000000000000000000001000000000000000000000
00000000000000000000000000000000000000000000000100000000001000000000000000000000
00000000000000000000000000000000000000000000000100000000011000000000000000000000
00000000000000000000000000000000000000000000000100000000010000000000000000000000
00000000000000000000000000000000000000000000000100000000110000000000000000000000
00000000000000000000000000000000111111100000000100000000100000000000000000000000
00000000000000000000000100111111000000100000001100000001000000000000000000000000
00000000000000000000000111100000000000100000001000000011000000000000000000000000
00000000000000000000000100000000000000100000011000000000000000000000000000000000
00000000000000000000000100000000000000100000010000000001111111111000000000000000
00000000000000000000000010000000000000100000110000011110000000001000000000000000
00000000000000000000000010000000000000100000100111100000000000001000000000000000
00000000000000000000000010000000000000100001111100000000000000001000000000000000
00000000000000000000000001000000000001100001100000000000000000001000000000000000
00000000000000000000000001000000000001000010000000000000000000001000000000000000
00000000000000000000000001000000000011111110000000000000000000001000000000000000
00000000000000000000000000100000111111000000000000000000000000001000000000000000
00000000000000000000000000111111000000000000000000000000001110001000000000000000
00000000000000000000000000010000000000000000000000000011110000001000000000000000
00000000000000000000000000010000000000000000000000011110000000001000000000000000
00000000000000000000000000011000000000000000000011110000000000010000000000000000
00000000000000000000000000000000000000000000011100000000000000010000000000000000
00000000000000000000000000000000000000000011100000000000000000110000000000000000
00000000000000000000000000000000000001111100000000000000000000100000000000000000
00000000000000000000000000000000000000000000000000000000000001100000000000000000
00000000000000000000000000000000000000000000000000000000000001000000000000000000
00000000000000000000000000000000000000000000000000000000000010000000000000000000
00000000000000000000000000000000000000000000000000000011100100000000000000000000
00000000000000000000000000000000000000000000000000000000111100000000000000000000
00000000000000000000000000000000000000000000000000000000000000000000000000000000
00000000000000000000000000000000000000000000000000000000000000000000000000000000
00000000000000000000000000000000000000000000000000000000000000000000000000000000
00000000000000000000000000000000000000000000000000000000000000000000000000000000
00000000000000000000000000000000000000000000000000000000000000000000000000000000
00000000000000000000000000000000000000000000000000000000000000000000000000000000
00000000000000000000000000000000000000000000000000000000000000000000000000000000
00000000000000000000000000000000000000000000000000000000000000000000000000000000
00000000000000000000000000000000000000000000000000000000000000000000000000000000
00000000000000000000000000000000000000000000000000000000000000000000000000000000
00000000000000000000000000000000000000000000000000000000000000000000000000000000
00000000000000000000000000000000000000000000000000000000000000000000000000000000
00000000000000000000000000000000000000000000000000000000000000000000000000000000
00000000000000000000000000000000000000000000000000000000000000000000000000000000
