00000000000000000000000000000000000000000000000000000000000000000000000000000000
00000000000000000000000000000000000000000000000000000000000000000000000000000000
00000000000000000000000000000000000000000000000000000000000000000000000000000000
00000000000000000000000000000000000000000000000000000000000000000000000000000000
00000000000000000000000000000000000000000000000000000000000000000000000000000000
00000000000000000000000000000000000000000000000000000000000000000000000000000000
00000000000000000000000000000000000000000000000000000000000000000000000000000000
00000000000000000000000000000000000000000000000000000000000000000000000000000000
00000000000000000000000000000000000000000000000000000000000000000000000000000000
00000000000000000000000000000000000000000000000000000000000000000000000000000000
00000000000000000000000000000000000000000000000000000000000000000000000000000000
00000000000000000000000000000000000000000000000000000000000000000000000000000000
00000000000000000000000000000000000000000000000000000000000000000000000000000000
00000000000000000000000000000000000000000000000000000000000000000000000000000000
00000000000000000000000000000000000000000000000000000000000000000000000000000000
00000000000000000000000000000000000000001000000000000000000000000000000000000000
00000000000000000000000000000000000000011000000000000000000000000000000000000000
00000000000000000000000000000000000000010000000000000000000000000000000000000000
00000000000000000000000000000000000000110000000100000000000000000000000000000000
00000000000000000000000000000000000000100000000110000000000000000000000000000000
00000000000000000000000000000000000001100000000001100000000000000000000000000000
00000000000000000000000000000000000001000100000000110000000000000000000000000000
00000000000000000000000000000000000010000110000000011000000000000000000000000000
00000000000000000000000000000000000110100010000000000110000000000000000000000000
00000000000000000000000000000000001100100011000000000001000000000000000000000000
00000000000000000000000000000000000000100001000000000001111000000000000000000000
00000000000000000000000000000000000000100001001111111110000000000000000000000000
00000000000000000000000000000000000001111111110000000000000000000000000000000000
00000000000000000000000000000000111110110000100000000000000000000000000000000000
00000000000000000000000000011111000000010010010000000000000000000000000000000000
00000000000000000000000111100000000000010010001000001000000000000000000000000000
00000000000000000000000000000000000000010110001000001000000000000000000000000000
00000000000000000000000000000000000001111000000100010000000000000000000000000000
00000000000000000000000000000000000111010000000010010000000000000000000000000000
00000000000000000000000000000000011100010000000011010000000000000000000000000000
00000000000000000000000000000000010000010000000001010000000000000000000000000000
00000000000000000000000000000000000000010000000001100000000000000000000000000000
00000000000000000000000000000000000000010000000000110000000000000000000000000000
00000000000000000000000000000000000000010000000001010000000000000000000000000000
00000000000000000000000000000000000000010000000001001000000000000000000000000000
00000000000000000000000000000000000000010000000010000100000000000000000000000000
00000000000000000000000000000000000011110000000110000011000000000000000000000000
00000000000000000000000000000000000001100000000100000001100000000000000000000000
00000000000000000000000000000000000000000000000000000000111000000000000000000000
00000000000000000000000000000000000000000000000000000000001100000000000000000000
00000000000000000000000000000000000000000000000000000000000000000000000000000000
00000000000000000000000000000000000000000000000000000000000000000000000000000000
00000000000000000000000000000000000000000000000000000000000000000000000000000000
00000000000000000000000000000000000000000000000000000000000000000000000000000000
00000000000000000000000000000000000000000000000000000000000000000000000000000000
00000000000000000000000000000000000000000000000000000000000000000000000000000000
00000000000000000000000000000000000000000000000000000000000000000000000000000000
00000000000000000000000000000000000000000000000000000000000000000000000000000000
00000000000000000000000000000000000000000000000000000000000000000000000000000000
00000000000000000000000000000000000000000000000000000000000000000000000000000000
00000000000000000000000000000000000000000000000000000000000000000000000000000000
00000000000000000000000000000000000000000000000000000000000000000000000000000000
00000000000000000000000000000000000000000000000000000000000000000000000000000000
00000000000000000000000000000000000000000000000000000000000000000000000000000000
00000000000000000000000000000000000000000000000000000000000000000000000000000000
