00000000000000000000000000000000000000000000000000000000000000000000000000000000
00000000000000000000000000000000000000000000000000000000000000000000000000000000
00000000000000000000000000000000000000000000000000000000000000000000000000000000
00000000000000000000000000000000000000000000000000000000000000000000000000000000
00000000000000000000000000000000000000000000000000000000000000000000000000000000
00000000000000000000000000000000000000000000000000000000000000000000000000000000
00000000000000000000000000000000000000000000000000000000000000000000000000000000
00000000000000000000000000000000000000000000000000000000000000000000000000000000
00000000000000000000000000000000000000000000000000000000000000000000000000000000
00000000000000000000000000000000000000000000000000000000000000000000000000000000
00000000000000000000000000000000000000000000000000000000000000000000000000000000
00000000000000000000000000000000000000000000000000000000000000000000000000000000
00000000000000000000000000000000000000000000000000000000000000000000000000000000
00000000000000000000000000000000000000000000000000000000000000000000000000000000
00000000000000000000000000000000000000000000000000000000000000000000000000000000
00000000000000000000000000000000000000000000000000000000000000000000000000000000
00000000000000000000000000000000000000000000000000000000000000000000000000000000
00000000000000000000000000000000000001000000000000000000000000000000000000000000
00000000000000000000000000000000000001000001000000000000000000000000000000000000
00000000000000000000000000000000000011000000110000000000000000000000000000000000
00000000000000000000000000000000000010000000011000000000000000000000000000000000
00000000000000000000000000000000000100000000001100000000000000000000000000000000
00000000000000000000000000000000001100000000000111000000000000000000000000000000
00000000000000000000000000000000010000001000000000000000000000000000000000000000
00000000000000000000000000000000000001001000000000000000000000000000000000000000
00000000000000000000000000000000000001001100000011111100000000000000000000000000
00000000000000000000000000000000000001001111111100000000000000000000000000000000
00000000000000000000000000000000011111110110000000000000000000000000000000000000
00000000000000000000000000001111100000100010000010000000000000000000000000000000
00000000000000000000000001111000000000100001000010000000000000000000000000000000
00000000000000000000000000000000000000110001000010000000000000000000000000000000
00000000000000000000000000000000000001100000100100000000000000000000000000000000
00000000000000000000000000000000000111100000100100000000000000000000000000000000
00000000000000000000000000000000011100100000010100000000000000000000000000000000
00000000000000000000000000000001110000100000011000000000000000000000000000000000
00000000000000000000000000000001000000100000011100000000000000000000000000000000
00000000000000000000000000000000000000100000010100000000000000000000000000000000
00000000000000000000000000000000000000100000110010000000000000000000000000000000
00000000000000000000000000000000000000100011100011000000000000000000000000000000
00000000000000000000000000000000000000100000000001100000000000000000000000000000
00000000000000000000000000000000000000100000000000110000000000000000000000000000
00000000000000000000000000000000000001100000000000001100000000000000000000000000
00000000000000000000000000000000000000000000000000000110000000000000000000000000
00000000000000000000000000000000000000000000000000000000000000000000000000000000
00000000000000000000000000000000000000000000000000000000000000000000000000000000
00000000000000000000000000000000000000000000000000000000000000000000000000000000
00000000000000000000000000000000000000000000000000000000000000000000000000000000
00000000000000000000000000000000000000000000000000000000000000000000000000000000
00000000000000000000000000000000000000000000000000000000000000000000000000000000
00000000000000000000000000000000000000000000000000000000000000000000000000000000
00000000000000000000000000000000000000000000000000000000000000000000000000000000
00000000000000000000000000000000000000000000000000000000000000000000000000000000
00000000000000000000000000000000000000000000000000000000000000000000000000000000
00000000000000000000000000000000000000000000000000000000000000000000000000000000
00000000000000000000000000000000000000000000000000000000000000000000000000000000
00000000000000000000000000000000000000000000000000000000000000000000000000000000
00000000000000000000000000000000000000000000000000000000000000000000000000000000
00000000000000000000000000000000000000000000000000000000000000000000000000000000
00000000000000000000000000000000000000000000000000000000000000000000000000000000
00000000000000000000000000000000000000000000000000000000000000000000000000000000
