00000000000000000000000000000000000000000000000000000000000000000000000000000000
00000000000000000000000000000000000000000000000000000000000000000000000000000000
00000000000000000000000000000000000000000000000000000000000000000000000000000000
00000000000000000000000000000000000000000000000000000000000000000000000000000000
00000000000000000000000000000000000000000000000000000000000000000000000000000000
00000000000000000000000000000000000000000000000000000000000000000000000000000000
00000000000000000000000000000000000000000000000000000000000000000000000000000000
00000000000000000000000000000000000000000000000000000000000000000000000000000000
00000000000000000000000000000000000000000000000000000000000000000000000000000000
00000000000000000000000000000000000000000000000000000000000000000000000000000000
00000000000000000000000000000000000000000000000000000000000000000000000000000000
00000000000000000000000000000000000000000000000000000000000000000000000000000000
00000000000000000000000000000000000000000000000000000000000000000000000000000000
00000000000000000000000000000000000000000000000000000000000000000000000000000000
00000000000000000000000000000000000000000000000000000000000000000000000000000000
00000000000000000000000000000000000000000000000000000000000000000000000000000000
00000000000000000000000000000000000000000000000000000000000000000000000000000000
00000000000000000000000000000000000000000000000000000000000000000000000000000000
00000000000000000000000000000000000010000000000000000000000000000000000000000000
00000000000000000000000000000000000010000000000000000000000000000000000000000000
00000000000000000000000000000000000010000000000000000000000000000000000000000000
00000000000000000000000000000000000110000000000000000000000000000000000000000000
00000000000000000000000000000000000100000110000000000000000000000000000000000000
00000000000000000000000000000000001000000011000000000000000000000000000000000000
00000000000000000000000000000000011000000001100000000000000000000000000000000000
00000000000000000000000000000000110100100000011000000000000000000000000000000000
00000000000000000000000000000000100100110000001100000000000000000000000000000000
00000000000000000000000000000000000010010000000000000000000000000000000000000000
00000000000000000000000000000000000010011000011111000000000000000000000000000000
00000000000000000000000000000000000010011111100000000000000000000000000000000000
00000000000000000000000000000000001111100100000000000000000000000000000000000000
00000000000000000000000000111111110011000100000000000000000000000000000000000000
00000000000000000000000000000000000001000010000000000000000000000000000000000000
00000000000000000000000000000000000001000010000100000000000000000000000000000000
00000000000000000000000000000000000001000001001000000000000000000000000000000000
00000000000000000000000000000000000001110001111000000000000000000000000000000000
00000000000000000000000000000000000001100000100000000000000000000000000000000000
00000000000000000000000000000000000111000001110000000000000000000000000000000000
00000000000000000000000000000000011101000010011000000000000000000000000000000000
00000000000000000000000000000001110001000110001000000000000000000000000000000000
00000000000000000000000000000000000001001100000100000000000000000000000000000000
00000000000000000000000000000000000001111000000110000000000000000000000000000000
00000000000000000000000000000000000001000000000011000000000000000000000000000000
00000000000000000000000000000000000001000000000001000000000000000000000000000000
00000000000000000000000000000000000011000000000000100000000000000000000000000000
00000000000000000000000000000000000011000000000000010000000000000000000000000000
00000000000000000000000000000000000000000000000000001100000000000000000000000000
00000000000000000000000000000000000000000000000000000110000000000000000000000000
00000000000000000000000000000000000000000000000000000000000000000000000000000000
00000000000000000000000000000000000000000000000000000000000000000000000000000000
00000000000000000000000000000000000000000000000000000000000000000000000000000000
00000000000000000000000000000000000000000000000000000000000000000000000000000000
00000000000000000000000000000000000000000000000000000000000000000000000000000000
00000000000000000000000000000000000000000000000000000000000000000000000000000000
00000000000000000000000000000000000000000000000000000000000000000000000000000000
00000000000000000000000000000000000000000000000000000000000000000000000000000000
00000000000000000000000000000000000000000000000000000000000000000000000000000000
00000000000000000000000000000000000000000000000000000000000000000000000000000000
00000000000000000000000000000000000000000000000000000000000000000000000000000000
00000000000000000000000000000000000000000000000000000000000000000000000000000000
