00000000000000000000000000000000000000000000000000000000000000000000000000000000
00000000000000000000000000000000000000000000000000000000000000000000000000000000
00000000000000000000000000000000000000000000000000000000000000000000000000000000
00000000000000000000000000000000000000000000000000000000000000000000000000000000
00000000000000000000000000000000000000000000000000000000000000000000000000000000
00000000000000000000000000000000000000000000000000000000000000000000000000000000
00000000000000000000000000000000000000000000000000000000000000000000000000000000
00000000000000000000000000000000000000000000000000000000000000000000000000000000
00000000000000000000000000000000000000000000000000000000000000000000000000000000
00000000000000000000000000000000000000000000000000000000000000000000000000000000
00000000000000000000000000000000000000000000000000000000000000000000000000000000
00000000000000000000000000000000000000000000000000000000000000000000000000000000
00000000000000000000000000000000000000000000000000000000000000000000000000000000
00000000000000000000000000000000000000000000000000000000000000000000000000000000
00000000000000000000000000000000000000000000000000000000000000000000000000000000
00000000000000000000000000000000000000000100000000000000000000000000000000000000
00000000000000000000000000000000000000001100000000000000000000000000000000000000
00000000000000000000000000000000000000011000000011000000000000000000000000000000
00000000000000000000000000000000000000110000000001100000000000000000000000000000
00000000000000000000000000000000000001100010000000011100000000000000000000000000
00000000000000000000000000000000000110000010000000000111000000000000000000000000
00000000000000000000000000000000111000000011000000000000000000000000000000000000
00000000000000000000000000000000000000010001000000000000000000000000000000000000
00000000000000000000000000000000000000010001000001111111111000000000000000000000
00000000000000000000000000000000000000010111111110000000000000000000000000000000
00000000000000000000000000000000000011111000010000000000000000000000000000000000
00000000000000000000000011111111111100010000010000001000000000000000000000000000
00000000000000000000000000000000000000010000001000001000000000000000000000000000
00000000000000000000000000000000000000010000000100001000000000000000000000000000
00000000000000000000000000000000000000010000000100001000000000000000000000000000
00000000000000000000000000000000000000001000000010001000000000000000000000000000
00000000000000000000000000000000000000111000000010001000000000000000000000000000
00000000000000000000000000000000000011101000000001011000000000000000000000000000
00000000000000000000000000000000011100001000000000110000000000000000000000000000
00000000000000000000000000000000110000001000000000110000000000000000000000000000
00000000000000000000000000000000000000001000000001110000000000000000000000000000
00000000000000000000000000000000000000001000000111001000000000000000000000000000
00000000000000000000000000000000000000001000000000000100000000000000000000000000
00000000000000000000000000000000000000001000000000000110000000000000000000000000
00000000000000000000000000000000000000001000000000000011000000000000000000000000
00000000000000000000000000000000000001001000000000000001100000000000000000000000
00000000000000000000000000000000000001110000000000000000100000000000000000000000
00000000000000000000000000000000000000000000000000000000010000000000000000000000
00000000000000000000000000000000000000000000000000000000001100000000000000000000
00000000000000000000000000000000000000000000000000000000000110000000000000000000
00000000000000000000000000000000000000000000000000000000000011111000000000000000
00000000000000000000000000000000000000000000000000000000000000011000000000000000
00000000000000000000000000000000000000000000000000000000000000000000000000000000
00000000000000000000000000000000000000000000000000000000000000000000000000000000
00000000000000000000000000000000000000000000000000000000000000000000000000000000
00000000000000000000000000000000000000000000000000000000000000000000000000000000
00000000000000000000000000000000000000000000000000000000000000000000000000000000
00000000000000000000000000000000000000000000000000000000000000000000000000000000
00000000000000000000000000000000000000000000000000000000000000000000000000000000
00000000000000000000000000000000000000000000000000000000000000000000000000000000
00000000000000000000000000000000000000000000000000000000000000000000000000000000
00000000000000000000000000000000000000000000000000000000000000000000000000000000
00000000000000000000000000000000000000000000000000000000000000000000000000000000
00000000000000000000000000000000000000000000000000000000000000000000000000000000
00000000000000000000000000000000000000000000000000000000000000000000000000000000
