00000000000000000000000000000000000000000000000000000000000000000000000000000000
00000000000000000000000000000000000000000000000000000000000000000000000000000000
00000000000000000000000000000000000000000000000000000000000000000000000000000000
00000000000000000000000000000000000000000000000000000000000000000000000000000000
00000000000000000000000000000000000000000000000000000000000000000000000000000000
00000000000000000000000000000000000000000000000000000000000000000000000000000000
00000000000000000000000000000000000000000000000000000000000000000000000000000000
00000000000000000000000000000000000000000000000000000000000000000000000000000000
00000000000000000000000000000000000000000000000000000000000000000000000000000000
00000000000000000000000000000000000000000000000000000000000000000000000000000000
00000000000000000000000000000000000000000000000000000000000000000000000000000000
00000000000000000000000000000000000000000000000000000000000000000000000000000000
00000000000000000000000000000000000000000000000000000000000000000000000000000000
00000000000000000000000000000000000000000000000000000000000000000000000000000000
00000000000000000000000000000000000000100000000000000000000000000000000000000000
00000000000000000000000000000000000001100000000000000000000000000000000000000000
00000000000000000000000000000000000001000000000000000000000000000000000000000000
00000000000000000000000000000000000110000000110000000000000000000000000000000000
00000000000000000000000000000000001100000100011100000000000000000000000000000000
00000000000000000000000000000000111000000100000110000000000000000000000000000000
00000000000000000000000000000011100010000100000000000000000000000000000000000000
00000000000000000000000000011100000010000100000000000000000000000000000000000000
00000000000000000000000000000000000010000110000000000000000000000000000000000000
00000000000000000000000000000000000001000010111111111111000000000000000000000000
00000000000000000000000000000000000001011111100000000000000000000000000000000000
00000000000000000000000000000000001111100001000010000000000000000000000000000000
00000000000000000000000001111111110000101001100010000000000000000000000000000000
00000000000000000000000000000000000000111000100010000000000000000000000000000000
00000000000000000000000000000000000001110000100010000000000000000000000000000000
00000000000000000000000000000000000110100000010010000000000000000000000000000000
00000000000000000000000000000000011100100000011100000000000000000000000000000000
00000000000000000000000000000000110000100000001100000000000000000000000000000000
00000000000000000000000000000001100000100000001100000000000000000000000000000000
00000000000000000000000000000001000000100000011110000000000000000000000000000000
00000000000000000000000000000000000000100000010011000000000000000000000000000000
00000000000000000000000000000000000000100000100001000000000000000000000000000000
00000000000000000000000000000000000000100111100001100000000000000000000000000000
00000000000000000000000000000000001111100011000000100000000000000000000000000000
00000000000000000000000000000000000000000000000000011001000000000000000000000000
00000000000000000000000000000000000000000000000000001101000000000000000000000000
00000000000000000000000000000000000000000000000000000111000000000000000000000000
00000000000000000000000000000000000000000000000000000001000000000000000000000000
00000000000000000000000000000000000000000000000000000000000000000000000000000000
00000000000000000000000000000000000000000000000000000000000000000000000000000000
00000000000000000000000000000000000000000000000000000000000000000000000000000000
00000000000000000000000000000000000000000000000000000000000000000000000000000000
00000000000000000000000000000000000000000000000000000000000000000000000000000000
00000000000000000000000000000000000000000000000000000000000000000000000000000000
00000000000000000000000000000000000000000000000000000000000000000000000000000000
00000000000000000000000000000000000000000000000000000000000000000000000000000000
00000000000000000000000000000000000000000000000000000000000000000000000000000000
00000000000000000000000000000000000000000000000000000000000000000000000000000000
00000000000000000000000000000000000000000000000000000000000000000000000000000000
00000000000000000000000000000000000000000000000000000000000000000000000000000000
00000000000000000000000000000000000000000000000000000000000000000000000000000000
00000000000000000000000000000000000000000000000000000000000000000000000000000000
00000000000000000000000000000000000000000000000000000000000000000000000000000000
00000000000000000000000000000000000000000000000000000000000000000000000000000000
00000000000000000000000000000000000000000000000000000000000000000000000000000000
00000000000000000000000000000000000000000000000000000000000000000000000000000000
