00000000000000000000000000000000000000000000000000000000000000000000000000000000
00000000000000000000000000000000000000000000000000000000000000000000000000000000
00000000000000000000000000000000000000000000000000000000000000000000000000000000
00000000000000000000000000000000000000000000000000000000000000000000000000000000
00000000000000000000000000000000000000000000000000000000000000000000000000000000
00000000000000000000000000000000000000000000000000000000000000000000000000000000
00000000000000000000000000000000000000000000000000000000000000000000000000000000
00000000000000000000000000000000000000000000000000000000000000000000000000000000
00000000000000000000000000000000000000000000000000000000000000000000000000000000
00000000000000000000000000000000000000000000000000000000000000000000000000000000
00000000000000000000000000000000000000000000000000000000000000000000000000000000
00000000000000000000000000000000000000000000000000000000000000000000000000000000
00000000000000000000000000000000000000000000000000000000000000000000000000000000
00000000000000000000000000000000000000000000000000000000000000000000000000000000
00000000000000000000000000000000000000000000000000000000000000000000000000000000
00000000000000000000000000000000000000000000000000000000000000000000000000000000
00000000000000000000000000000000000000000000000000000000000000000000000000000000
00000000000000000000000000000000000000000000000000000000000000000000000000000000
00000000000000000000000000000000000010000000000000000000000000000000000000000000
00000000000000000000000000000000000010000000000000000000000000000000000000000000
00000000000000000000000000000000000010000000000000000000000000000000000000000000
00000000000000000000000000000000000110000000000000000000000000000000000000000000
00000000000000000000000000000000000100000010000000000000000000000000000000000000
00000000000000000000000000000000001000000011100000000000000000000000000000000000
00000000000000000000000000000000011000000000111000000000000000000000000000000000
00000000000000000000000000000000010100000000001111000000000000000000000000000000
00000000000000000000000000000000100110110000000000000000000000000000000000000000
00000000000000000000000000000001100010010000000000000000000000000000000000000000
00000000000000000000000000000000000011011111111111111100000000000000000000000000
00000000000000000000000000000000000111111000000000000000000000000000000000000000
00000000000000000000000000000001111001000100000000000000000000000000000000000000
00000000000000000000000000001110000001100110000100000000000000000000000000000000
00000000000000000000000000011000000000101010000100000000000000000000000000000000
00000000000000000000000000000000000000111001000100000000000000000000000000000000
00000000000000000000000000000000000011110001100100000000000000000000000000000000
00000000000000000000000000000000001110010000100100000000000000000000000000000000
00000000000000000000000000000000111000010000011100000000000000000000000000000000
00000000000000000000000000000001100000010000001000000000000000000000000000000000
00000000000000000000000000000000000000010000001100000000000000000000000000000000
00000000000000000000000000000000000000010000011110000000000000000000000000000000
00000000000000000000000000000000000100010000010011000000000000000000000000000000
00000000000000000000000000000000000110010000100001100000000000000000000000000000
00000000000000000000000000000000000011110001100000110000000000000000000000000000
00000000000000000000000000000000000001100011000000011000000000000000000000000000
00000000000000000000000000000000000000000000000000000111000000000000000000000000
00000000000000000000000000000000000000000000000000000011000000000000000000000000
00000000000000000000000000000000000000000000000000000000000000000000000000000000
00000000000000000000000000000000000000000000000000000000000000000000000000000000
00000000000000000000000000000000000000000000000000000000000000000000000000000000
00000000000000000000000000000000000000000000000000000000000000000000000000000000
00000000000000000000000000000000000000000000000000000000000000000000000000000000
00000000000000000000000000000000000000000000000000000000000000000000000000000000
00000000000000000000000000000000000000000000000000000000000000000000000000000000
00000000000000000000000000000000000000000000000000000000000000000000000000000000
00000000000000000000000000000000000000000000000000000000000000000000000000000000
00000000000000000000000000000000000000000000000000000000000000000000000000000000
00000000000000000000000000000000000000000000000000000000000000000000000000000000
00000000000000000000000000000000000000000000000000000000000000000000000000000000
00000000000000000000000000000000000000000000000000000000000000000000000000000000
00000000000000000000000000000000000000000000000000000000000000000000000000000000
