00000000000000000000000000000000000000000000000000000000000000000000000000000000
00000000000000000000000000000000000000000000000000000000000000000000000000000000
00000000000000000000000000000000000000000000000000000000000000000000000000000000
00000000000000000000000000000000000000000000000000000000000000000000000000000000
00000000000000000000000000000000000000000000000000000000000000000000000000000000
00000000000000000000000000000000000000000000000000000000000000000000000000000000
00000000000000000000000000000000000000000000000000000000000000000000000000000000
00000000000000000000000000000000000000000000000000000000000000000000000000000000
00000000000000000000000000000000000000000000000000000000000000000000000000000000
00000000000000000000000000000000000000000000000000000000000000000000000000000000
00000000000000000000000000000000000000000000000000000000000000000000000000000000
00000000000000000000000000000000000000000000000000000000000000000000000000000000
00000000000000000000000000000000000000000000000000000000000000000000000000000000
00000000000000000000000000000000000000000000000000000000000000000000000000000000
00000000000000000000000000000000000000000000000000000000000000000000000000000000
00000000000000000000000000000000000000000000000000000000000000000000000000000000
00000000000000000000000000000000000000010000000000000000000000000000000000000000
00000000000000000000000000000000000000110000110000000000000000000000000000000000
00000000000000000000000000000000000001100000011000000000000000000000000000000000
00000000000000000000000000000000000001000000001100000000000000000000000000000000
00000000000000000000000000000000000011000000000110000000000000000000000000000000
00000000000000000000000000000000000110001000000011000000000000000000000000000000
00000000000000000000000000000000111001001000000000000000000000000000000000000000
00000000000000000000000000000000000001001100000011111000000000000000000000000000
00000000000000000000000000000000000001000111111110000000000000000000000000000000
00000000000000000000000000000000000001111110000000000000000000000000000000000000
00000000000000000000000000000000111110100011000000000000000000000000000000000000
00000000000000000000000000011111000000100001000000010000000000000000000000000000
00000000000000000000000000000000000000100001100000110000000000000000000000000000
00000000000000000000000000000000000000100110110000100000000000000000000000000000
00000000000000000000000000000000000000111100011001100000000000000000000000000000
00000000000000000000000000000000000000110000001011000000000000000000000000000000
00000000000000000000000000000000000011100000001110000000000000000000000000000000
00000000000000000000000000000000000110100000001100000000000000000000000000000000
00000000000000000000000000000000011100100000111010000000000000000000000000000000
00000000000000000000000000000000010000100011100011000000000000000000000000000000
00000000000000000000000000000000000000100000000000100000000000000000000000000000
00000000000000000000000000000000000010100000000000010000010000000000000000000000
00000000000000000000000000000000000011100000000000001100110000000000000000000000
00000000000000000000000000000000000000000000000000000111100000000000000000000000
00000000000000000000000000000000000000000000000000000000000000000000000000000000
00000000000000000000000000000000000000000000000000000000000000000000000000000000
00000000000000000000000000000000000000000000000000000000000000000000000000000000
00000000000000000000000000000000000000000000000000000000000000000000000000000000
00000000000000000000000000000000000000000000000000000000000000000000000000000000
00000000000000000000000000000000000000000000000000000000000000000000000000000000
00000000000000000000000000000000000000000000000000000000000000000000000000000000
00000000000000000000000000000000000000000000000000000000000000000000000000000000
00000000000000000000000000000000000000000000000000000000000000000000000000000000
00000000000000000000000000000000000000000000000000000000000000000000000000000000
00000000000000000000000000000000000000000000000000000000000000000000000000000000
00000000000000000000000000000000000000000000000000000000000000000000000000000000
00000000000000000000000000000000000000000000000000000000000000000000000000000000
00000000000000000000000000000000000000000000000000000000000000000000000000000000
00000000000000000000000000000000000000000000000000000000000000000000000000000000
00000000000000000000000000000000000000000000000000000000000000000000000000000000
00000000000000000000000000000000000000000000000000000000000000000000000000000000
00000000000000000000000000000000000000000000000000000000000000000000000000000000
00000000000000000000000000000000000000000000000000000000000000000000000000000000
00000000000000000000000000000000000000000000000000000000000000000000000000000000
