00000000000000000000000000000000000000000000000000000000000000000000000000000000
00000000000000000000000000000000000000000000000000000000000000000000000000000000
00000000000000000000000000000000000000000000000000000000000000000000000000000000
00000000000000000000000000000000000000000000000000000000000000000000000000000000
00000000000000000000000000000000000000000000000000000000000000000000000000000000
00000000000000000000000000000000000000000000000000000000000000000000000000000000
00000000000000000000000000000000000000000000000000000000000000000000000000000000
00000000000000000000000000000000000000000000000000000000000000000000000000000000
00000000000000000000000000000000000000000000000000000000000000000000000000000000
00000000000000000000000000000000000000000000000000000000000000000000000000000000
00000000000000000000000000000000000000000000000000000000000000000000000000000000
00000000000000000000000000000000000000000000000000000000000000000000000000000000
00000000000000000000000000000000000000000000000000000000000000000000000000000000
00000000000000000000000000000000000000000000000000000000000000000000000000000000
00000000000000000000000000000000000000000000000000000000000000000000000000000000
00000000000000000000000000000000000000000000000000000000000000000000000000000000
00000000000000000000000000000000000000000000000000000000000000000000000000000000
00000000000000000000000000000000000000000000000000000000000000000000000000000000
00000000000000000000000000000000000000000000000000000000000000000000000000000000
00000000000000000000000000000000000100000011000000000000000000000000000000000000
00000000000000000000000000000000001100000001100000000000000000000000000000000000
00000000000000000000000000000000011000000000111000000000000000000000000000000000
00000000000000000000000000000000110001000000000000000000000000000000000000000000
00000000000000000000000000000011100001100000000000000000000000000000000000000000
00000000000000000000000000000000001000100000000000000000000000000000000000000000
00000000000000000000000000000000000100010111111110000000000000000000000000000000
00000000000000000000000000000000000111111100000000000000000000000000000000000000
00000000000000000000000000000001111110001100000000000000000000000000000000000000
00000000000000000000000000011111000110000100000100000000000000000000000000000000
00000000000000000000000000110000000010000110001100000000000000000000000000000000
00000000000000000000000000000000000010001011001000000000000000000000000000000000
00000000000000000000000000000000000010111001011000000000000000000000000000000000
00000000000000000000000000000000000111100001110000000000000000000000000000000000
00000000000000000000000000000000001110000000100000000000000000000000000000000000
00000000000000000000000000000000111010000011010000000000000000000000000000000000
00000000000000000000000000000001100010011110011000000000000000000000000000000000
00000000000000000000000000000000000010000000001100010000000000000000000000000000
00000000000000000000000000000000110010000000000110010000000000000000000000000000
00000000000000000000000000000000011110000000000011011000000000000000000000000000
00000000000000000000000000000000000000000000000001101000000000000000000000000000
00000000000000000000000000000000000000000000000000011000000000000000000000000000
00000000000000000000000000000000000000000000000000000000000000000000000000000000
00000000000000000000000000000000000000000000000000000000000000000000000000000000
00000000000000000000000000000000000000000000000000000000000000000000000000000000
00000000000000000000000000000000000000000000000000000000000000000000000000000000
00000000000000000000000000000000000000000000000000000000000000000000000000000000
00000000000000000000000000000000000000000000000000000000000000000000000000000000
00000000000000000000000000000000000000000000000000000000000000000000000000000000
00000000000000000000000000000000000000000000000000000000000000000000000000000000
00000000000000000000000000000000000000000000000000000000000000000000000000000000
00000000000000000000000000000000000000000000000000000000000000000000000000000000
00000000000000000000000000000000000000000000000000000000000000000000000000000000
00000000000000000000000000000000000000000000000000000000000000000000000000000000
00000000000000000000000000000000000000000000000000000000000000000000000000000000
00000000000000000000000000000000000000000000000000000000000000000000000000000000
00000000000000000000000000000000000000000000000000000000000000000000000000000000
00000000000000000000000000000000000000000000000000000000000000000000000000000000
00000000000000000000000000000000000000000000000000000000000000000000000000000000
00000000000000000000000000000000000000000000000000000000000000000000000000000000
00000000000000000000000000000000000000000000000000000000000000000000000000000000
