00000000000000000000000000000000000000000000000000000000000000000000000000000000
00000000000000000000000000000000000000000000000000000000000000000000000000000000
00000000000000000000000000000000000000000000000000000000000000000000000000000000
00000000000000000000000000000000000000000000000000000000000000000000000000000000
00000000000000000000000000000000000000000000000000000000000000000000000000000000
00000000000000000000000000000000000000000000000000000000000000000000000000000000
00000000000000000000000000000000000000000000000000000000000000000000000000000000
00000000000000000000000000000000000000000000000000000000000000000000000000000000
00000000000000000000000000000000000000000000000000000000000000000000000000000000
00000000000000000000000000000000000000000000000000000000000000000000000000000000
00000000000000000000000000000000000000000000000000000000000000000000000000000000
00000000000000000000000000000000000000000000000000000000000000000000000000000000
00000000000000000000000000000000000000000000000000000000000000000000000000000000
00000000000000000000000000000000000000000000000000000000000000000000000000000000
00000000000000000000000000000000000000000000000000000000000000000000000000000000
00000000000000000000000000000000000000000000000000000000000000000000000000000000
00000000000000000000000000000000000000000000000000000000000000000000000000000000
00000000000000000000000000000000000000000000000000000000000000000000000000000000
00000000000000000000000000000000000000000000000000000000000000000000000000000000
00000000000000000000000000000000000010000000000000000000000000000000000000000000
00000000000000000000000000000000000110000000000000000000000000000000000000000000
00000000000000000000000000000000000100000000000000000000000000000000000000000000
00000000000000000000000000000000000100000011000000000000000000000000000000000000
00000000000000000000000000000000001000000001100000000000000000000000000000000000
00000000000000000000000000000000001000000000110000000000000000000000000000000000
00000000000000000000000000000000011000100000001100000000000000000000000000000000
00000000000000000000000000000000110100100000000011000000000000000000000000000000
00000000000000000000000000000000000100010000000000111100000000000000000000000000
00000000000000000000000000000000000100010000000000000000000000000000000000000000
00000000000000000000000000000000000010011111111110000000000000000000000000000000
00000000000000000000000000000000011111111000000000000000000000000000000000000000
00000000000000000000000000011111100011001100000000000000000000000000000000000000
00000000000000000000000001110000000001000100000000000000000000000000000000000000
00000000000000000000000000000000000001001110000100000000000000000000000000000000
00000000000000000000000000000000000001111010000100000000000000000000000000000000
00000000000000000000000000000000000001100010000100000000000000000000000000000000
00000000000000000000000000000000000110100001000100000000000000000000000000000000
00000000000000000000000000000000001000100001000100000000000000000000000000000000
00000000000000000000000000000000110000100000100100000000000000000000000000000000
00000000000000000000000000000000100000100000010100000000000000000000000000000000
00000000000000000000000000000000000000100000011100000000000000000000000000000000
00000000000000000000000000000000011000100000011100000000000000000000000000000000
00000000000000000000000000000000001111000000110100000000000000000000000000000000
00000000000000000000000000000000000000000011100010000000000000000000000000000000
00000000000000000000000000000000000000000000000001000000000000000000000000000000
00000000000000000000000000000000000000000000000000100000000000000000000000000000
00000000000000000000000000000000000000000000000000110000000000000000000000000000
00000000000000000000000000000000000000000000000000011100000000000000000000000000
00000000000000000000000000000000000000000000000000000111110000000000000000000000
00000000000000000000000000000000000000000000000000000000000000000000000000000000
00000000000000000000000000000000000000000000000000000000000000000000000000000000
00000000000000000000000000000000000000000000000000000000000000000000000000000000
00000000000000000000000000000000000000000000000000000000000000000000000000000000
00000000000000000000000000000000000000000000000000000000000000000000000000000000
00000000000000000000000000000000000000000000000000000000000000000000000000000000
00000000000000000000000000000000000000000000000000000000000000000000000000000000
00000000000000000000000000000000000000000000000000000000000000000000000000000000
00000000000000000000000000000000000000000000000000000000000000000000000000000000
00000000000000000000000000000000000000000000000000000000000000000000000000000000
00000000000000000000000000000000000000000000000000000000000000000000000000000000
