00000000000000000000000000000000000000000000000000000000000000000000000000000000
00000000000000000000000000000000000000000000000000000000000000000000000000000000
00000000000000000000000000000000000000000000000000000000000000000000000000000000
00000000000000000000000000000000000000000000000000000000000000000000000000000000
00000000000000000000000000000000000000000000000000000000000000000000000000000000
00000000000000000000000000000000000000000000000000000000000000000000000000000000
00000000000000000000000000000000000000000000000000000000000000000000000000000000
00000000000000000000000000000000000000000000000000000000000000000000000000000000
00000000000000000000000000000000000000000000000000000000000000000000000000000000
00000000000000000000000000000000000000000000000000000000000000000000000000000000
00000000000000000000000000000000000000000000000000000000000000000000000000000000
00000000000000000000000000000000000000000000000000000000000000000000000000000000
00000000000000000000000000000000000000000000000000000000000000000000000000000000
00000000000000000000000000000000000000000000000000000000000000000000000000000000
00000000000000000000000000000000000000100000000000000000000000000000000000000000
00000000000000000000000000000000000000100000000000000000000000000000000000000000
00000000000000000000000000000000000001000000000000000000000000000000000000000000
00000000000000000000000000000000000001000000000000000000000000000000000000000000
00000000000000000000000000000000000010000000000000000000000000000000000000000000
00000000000000000000000000000000000110000000000000000000000000000000000000000000
00000000000000000000000000000000000100000000000000000000000000000000000000000000
00000000000000000000000000000000001000000100011100000000000000000000000000000000
00000000000000000000000000000000010000000100000111000000000000000000000000000000
00000000000000000000000000000000110100000100000000000000000000000000000000000000
00000000000000000000000000000001100110000010000000000000000000000000000000000000
00000000000000000000000000000111000010000010000000000000000000000000000000000000
00000000000000000000000000000000000010000001000000000000000000000000000000000000
00000000000000000000000000000000000010000001111111111000000000000000000000000000
00000000000000000000000000000000000001011111100000000000000000000000000000000000
00000000000000000000000000000000000111100000110000000000000000000000000000000000
00000000000000000000001111111111111001100000011000001000000000000000000000000000
00000000000000000000000000000000000000100000001000001000000000000000000000000000
00000000000000000000000000000000000000100110001100011000000000000000000000000000
00000000000000000000000000000000000000101100000110010000000000000000000000000000
00000000000000000000000000000000000000111000000011110000000000000000000000000000
00000000000000000000000000000000000001100000000001100000000000000000000000000000
00000000000000000000000000000000001110100000000001110000000000000000000000000000
00000000000000000000000000000000011000100000000110010000000000000000000000000000
00000000000000000000000000000001100000100000001100001000000000000000000000000000
00000000000000000000000000000001000000100000111000000110000000000000000000000000
00000000000000000000000000000000000000100011100000000011000000000000000000000000
00000000000000000000000000000000001000100000000000000001110100000000000000000000
00000000000000000000000000000000001100100000000000000000011100000000000000000000
00000000000000000000000000000000000011100000000000000000000000000000000000000000
00000000000000000000000000000000000000000000000000000000000000000000000000000000
00000000000000000000000000000000000000000000000000000000000000000000000000000000
00000000000000000000000000000000000000000000000000000000000000000000000000000000
00000000000000000000000000000000000000000000000000000000000000000000000000000000
00000000000000000000000000000000000000000000000000000000000000000000000000000000
00000000000000000000000000000000000000000000000000000000000000000000000000000000
00000000000000000000000000000000000000000000000000000000000000000000000000000000
00000000000000000000000000000000000000000000000000000000000000000000000000000000
00000000000000000000000000000000000000000000000000000000000000000000000000000000
00000000000000000000000000000000000000000000000000000000000000000000000000000000
00000000000000000000000000000000000000000000000000000000000000000000000000000000
00000000000000000000000000000000000000000000000000000000000000000000000000000000
00000000000000000000000000000000000000000000000000000000000000000000000000000000
00000000000000000000000000000000000000000000000000000000000000000000000000000000
00000000000000000000000000000000000000000000000000000000000000000000000000000000
00000000000000000000000000000000000000000000000000000000000000000000000000000000
