00000000000000000000000000000000000000000000000000000000000000000000000000000000
00000000000000000000000000000000000000000000000000000000000000000000000000000000
00000000000000000000000000000000000000000000000000000000000000000000000000000000
00000000000000000000000000000000000000000000000000000000000000000000000000000000
00000000000000000000000000000000000000000000000000000000000000000000000000000000
00000000000000000000000000000000000000000000000000000000000000000000000000000000
00000000000000000000000000000000000000000000000000000000000000000000000000000000
00000000000000000000000000000000000000000000000000000000000000000000000000000000
00000000000000000000000000000000000000000000000000000000000000000000000000000000
00000000000000000000000000000000000000000000000000000000000000000000000000000000
00000000000000000000000000000000000000000000000000000000000000000000000000000000
00000000000000000000000000000000000000000000000000000000000000000000000000000000
00000000000000000000000000000000000000000000000000000000000000000000000000000000
00000000000000000000000000000000000000000000000000000000000000000000000000000000
00000000000000000000000000000000000000000000000000000000000000000000000000000000
00000000000000000000000000000000000000000000000000000000000000000000000000000000
00000000000000000000000000000000000001000000000000000000000000000000000000000000
00000000000000000000000000000000000001000001000000000000000000000000000000000000
00000000000000000000000000000000000001000000110000000000000000000000000000000000
00000000000000000000000000000000000001010000001100000000000000000000000000000000
00000000000000000000000000000000000010010000000110000000000000000000000000000000
00000000000000000000000000000000001110001000000000000000000000000000000000000000
00000000000000000000000000000000111010001000000001110000000000000000000000000000
00000000000000000000000000000011000010001101111111000000000000000000000000000000
00000000000000000000000000000000000001111110000000000000000000000000000000000000
00000000000000000000000000000000111111000110000000000000000000000000000000000000
00000000000000000000000000001111000001000010000000000000000000000000000000000000
00000000000000000000000000111000000001000010000100000000000000000000000000000000
00000000000000000000000000000000000001000111000100000000000000000000000000000000
00000000000000000000000000000000000001111001000100000000000000000000000000000000
00000000000000000000000000000000000011000000100100000000000000000000000000000000
00000000000000000000000000000000011101000000100100000000000000000000000000000000
00000000000000000000000000000001110001000000011100000000000000000000000000000000
00000000000000000000000000000111000001000000001000000000000000000000000000000000
00000000000000000000000000000000000001000000011000000000000000000000000000000000
00000000000000000000000000000000000001000000110100000000000000000000000000000000
00000000000000000000000000000000000001000011100010000000000000000000000000000000
00000000000000000000000000000000000001001110000010000000000000000000000000000000
00000000000000000000000000000000010001000000000001000000000000000000000000000000
00000000000000000000000000000000001011000000000001100000000000000000000000000000
00000000000000000000000000000000000110000000000000100000000000000000000000000000
00000000000000000000000000000000000000000000000000010000000000000000000000000000
00000000000000000000000000000000000000000000000000010000000000000000000000000000
00000000000000000000000000000000000000000000000000001100000000000000000000000000
00000000000000000000000000000000000000000000000000000100100000000000000000000000
00000000000000000000000000000000000000000000000000000011100000000000000000000000
00000000000000000000000000000000000000000000000000000001100000000000000000000000
00000000000000000000000000000000000000000000000000000000000000000000000000000000
00000000000000000000000000000000000000000000000000000000000000000000000000000000
00000000000000000000000000000000000000000000000000000000000000000000000000000000
00000000000000000000000000000000000000000000000000000000000000000000000000000000
00000000000000000000000000000000000000000000000000000000000000000000000000000000
00000000000000000000000000000000000000000000000000000000000000000000000000000000
00000000000000000000000000000000000000000000000000000000000000000000000000000000
00000000000000000000000000000000000000000000000000000000000000000000000000000000
00000000000000000000000000000000000000000000000000000000000000000000000000000000
00000000000000000000000000000000000000000000000000000000000000000000000000000000
00000000000000000000000000000000000000000000000000000000000000000000000000000000
00000000000000000000000000000000000000000000000000000000000000000000000000000000
00000000000000000000000000000000000000000000000000000000000000000000000000000000
