00000000000000000000000000000000000000000000000000000000000000000000000000000000
00000000000000000000000000000000000000000000000000000000000000000000000000000000
00000000000000000000000000000000000000000000000000000000000000000000000000000000
00000000000000000000000000000000000000000000000000000000000000000000000000000000
00000000000000000000000000000000000000000000000000000000000000000000000000000000
00000000000000000000000000000000000000000000000000000000000000000000000000000000
00000000000000000000000000000000000000000000000000000000000000000000000000000000
00000000000000000000000000000000000000000000000000000000000000000000000000000000
00000000000000000000000000000000000000000000000000000000000000000000000000000000
00000000000000000000000000000000000000000000000000000000000000000000000000000000
00000000000000000000000000000000000000000000000000000000000000000000000000000000
00000000000000000000000000000000000000000000000000000000000000000000000000000000
00000000000000000000000000000000000000000000000000000000000000000000000000000000
00000000000000000000000000000000000000000000000000000000000000000000000000000000
00000000000000000000000000000000000000001000000000000000000000000000000000000000
00000000000000000000000000000000000000001000000000000000000000000000000000000000
00000000000000000000000000000000000000011000000000000000000000000000000000000000
00000000000000000000000000000000000000110000000000000000000000000000000000000000
00000000000000000000000000000000000000100000000000000000000000000000000000000000
00000000000000000000000000000000000001100000000000000000000000000000000000000000
00000000000000000000000000000000000011000000000000000000000000000000000000000000
00000000000000000000000000000000000110000000000000000000000000000000000000000000
00000000000000000000000000000000001100000000000000000000000000000000000000000000
00000000000000000000000000000000111000000001100000000000000000000000000000000000
00000000000000000000000000000001101100010000110000000000000000000000000000000000
00000000000000000000000000000000000100010000001100000000000000000000000000000000
00000000000000000000000000000000000100010000000111000000000000000000000000000000
00000000000000000000000000000000000110001000011111110000000000000000000000000000
00000000000000000000000000000000000010001111110000000000000000000000000000000000
00000000000000000000000000000000000011111100000000000000000000000000000000000000
00000000000000000000000000000000111110000010000000000000000000000000000000000000
00000000000000000000000011111111000011000010001000000000000000000000000000000000
00000000000000000000000000000000000001001001001000000000000000000000000000000000
00000000000000000000000000000000000001011000101000000000000000000000000000000000
00000000000000000000000000000000000001110000101000000000000000000000000000000000
00000000000000000000000000000000000011000000011000000000000000000000000000000000
00000000000000000000000000000000001101000000001000000000000000000000000000000000
00000000000000000000000000000000111001000000011100000000000000000000000000000000
00000000000000000000000000000001100001000000010100000000000000000000000000000000
00000000000000000000000000000000000001000000100010000000000000000000000000000000
00000000000000000000000000000000000001001111000001000000000000000000000000000000
00000000000000000000000000000000000001000000000001100000000000000000000000000000
00000000000000000000000000000000001110000000000000010000000000000000000000000000
00000000000000000000000000000000000000000000000000001110000000000000000000000000
00000000000000000000000000000000000000000000000000000110000000000000000000000000
00000000000000000000000000000000000000000000000000000000000000000000000000000000
00000000000000000000000000000000000000000000000000000000000000000000000000000000
00000000000000000000000000000000000000000000000000000000000000000000000000000000
00000000000000000000000000000000000000000000000000000000000000000000000000000000
00000000000000000000000000000000000000000000000000000000000000000000000000000000
00000000000000000000000000000000000000000000000000000000000000000000000000000000
00000000000000000000000000000000000000000000000000000000000000000000000000000000
00000000000000000000000000000000000000000000000000000000000000000000000000000000
00000000000000000000000000000000000000000000000000000000000000000000000000000000
00000000000000000000000000000000000000000000000000000000000000000000000000000000
00000000000000000000000000000000000000000000000000000000000000000000000000000000
00000000000000000000000000000000000000000000000000000000000000000000000000000000
00000000000000000000000000000000000000000000000000000000000000000000000000000000
00000000000000000000000000000000000000000000000000000000000000000000000000000000
00000000000000000000000000000000000000000000000000000000000000000000000000000000
