00000000000000000000000000000000000000000000000000000000000000000000000000000000
00000000000000000000000000000000000000000000000000000000000000000000000000000000
00000000000000000000000000000000000000000000000000000000000000000000000000000000
00000000000000000000000000000000000000000000000000000000000000000000000000000000
00000000000000000000000000000000000000000000000000000000000000000000000000000000
00000000000000000000000000000000000000000000000000000000000000000000000000000000
00000000000000000000000000000000000000000000000000000000000000000000000000000000
00000000000000000000000000000000000000000000000000000000000000000000000000000000
00000000000000000000000000000000000000000000000000000000000000000000000000000000
00000000000000000000000000000000000000000000000000000000000000000000000000000000
00000000000000000000000000000000000000000000000000000000000000000000000000000000
00000000000000000000000000000000000000000000000000000000000000000000000000000000
00000000000000000000000000000000000000000000000000000000000000000000000000000000
00000000000000000000000000000000000000000000000000000000000000000000000000000000
00000000000000000000000000000000000000000000000000000000000000000000000000000000
00000000000000000000000000000000000000000000000000000000000000000000000000000000
00000000000000000000000000000000001000000010000000000000000000000000000000000000
00000000000000000000000000000000001000000011000000000000000000000000000000000000
00000000000000000000000000000000011000000001100000000000000000000000000000000000
00000000000000000000000000000000010000000000110000000000000000000000000000000000
00000000000000000000000000000000100000000000011000000000000000000000000000000000
00000000000000000000000000000001100000000000001100000000000000000000000000000000
00000000000000000000000000000111000010100000000110000000000000000000000000000000
00000000000000000000000000000100000010110000000000000000000000000000000000000000
00000000000000000000000000000000000010010000111111110000000000000000000000000000
00000000000000000000000000000000000010011111000000000000000000000000000000000000
00000000000000000000000000000000000111111000001000000000000000000000000000000000
00000000000000000000000000000011111010000100001000000000000000000000000000000000
00000000000000000001111111111100000010000100001000000000000000000000000000000000
00000000000000000000000000000000000010011010001000000000000000000000000000000000
00000000000000000000000000000000000001110011010000000000000000000000000000000000
00000000000000000000000000000000001111000001110000000000000000000000000000000000
00000000000000000000000000000001110001000000110000000000000000000000000000000000
00000000000000000000000000000110000001000000110000000000000000000000000000000000
00000000000000000000000000000000000001000000111000000000000000000000000000000000
00000000000000000000000000000000000001000000101100000000000000000000000000000000
00000000000000000000000000000000100001000111000110000000000000000000000000000000
00000000000000000000000000000000011001000000000011000000000000000000000000000000
00000000000000000000000000000000001111000000000001100000000000000000000000000000
00000000000000000000000000000000000000000000000000110000000000000000000000000000
00000000000000000000000000000000000000000000000000011110000000000000000000000000
00000000000000000000000000000000000000000000000000000100000000000000000000000000
00000000000000000000000000000000000000000000000000000000000000000000000000000000
00000000000000000000000000000000000000000000000000000000000000000000000000000000
00000000000000000000000000000000000000000000000000000000000000000000000000000000
00000000000000000000000000000000000000000000000000000000000000000000000000000000
00000000000000000000000000000000000000000000000000000000000000000000000000000000
00000000000000000000000000000000000000000000000000000000000000000000000000000000
00000000000000000000000000000000000000000000000000000000000000000000000000000000
00000000000000000000000000000000000000000000000000000000000000000000000000000000
00000000000000000000000000000000000000000000000000000000000000000000000000000000
00000000000000000000000000000000000000000000000000000000000000000000000000000000
00000000000000000000000000000000000000000000000000000000000000000000000000000000
00000000000000000000000000000000000000000000000000000000000000000000000000000000
00000000000000000000000000000000000000000000000000000000000000000000000000000000
00000000000000000000000000000000000000000000000000000000000000000000000000000000
00000000000000000000000000000000000000000000000000000000000000000000000000000000
00000000000000000000000000000000000000000000000000000000000000000000000000000000
00000000000000000000000000000000000000000000000000000000000000000000000000000000
00000000000000000000000000000000000000000000000000000000000000000000000000000000
