00000000000000000000000000000000000000000000000000000000000000000000000000000000
00000000000000000000000000000000000000000000000000000000000000000000000000000000
00000000000000000000000000000000000000000000000000000000000000000000000000000000
00000000000000000000000000000000000000000000000000000000000000000000000000000000
00000000000000000000000000000000000000000000000000000000000000000000000000000000
00000000000000000000000000000000000000000000000000000000000000000000000000000000
00000000000000000000000000000000000000000000000000000000000000000000000000000000
00000000000000000000000000000000000000000000000000000000000000000000000000000000
00000000000000000000000000000000000000000000000000000000000000000000000000000000
00000000000000000000000000000000000000000000000000000000000000000000000000000000
00000000000000000000000000000000000000000000000000000000000000000000000000000000
00000000000000000000000000000000000000000000000000000000000000000000000000000000
00000000000000000000000000000000000000000000000000000000000000000000000000000000
00000000000000000000000000000000000000000000000000000000000000000000000000000000
00000000000000000000000000000000000000000000000000000000000000000000000000000000
00000000000000000000000000000000000000000000000000000000000000000000000000000000
00000000000000000000000000000000000000000000000000000000000000000000000000000000
00000000000000000000000000000000000000100000000000000000000000000000000000000000
00000000000000000000000000000000000000100000000000000000000000000000000000000000
00000000000000000000000000000000000001100001000000000000000000000000000000000000
00000000000000000000000000000000000011000000110000000000000000000000000000000000
00000000000000000000000000000000000110000000011111100000000000000000000000000000
00000000000000000000000000000000011100001000000000000000000000000000000000000000
00000000000000000000000000000000110001000100000000000000000000000000000000000000
00000000000000000000000000000000000001100100001111110000000000000000000000000000
00000000000000000000000000000000000001111111111000000000000000000000000000000000
00000000000000000000000001000000111110100010000000000000000000000000000000000000
00000000000000000000000001111111100000100101000100000000000000000000000000000000
00000000000000000000000000000000000000110101100100000000000000000000000000000000
00000000000000000000000000000000000000011000100100000000000000000000000000000000
00000000000000000000000000000000000000110000100100000000000000000000000000000000
00000000000000000000000000000000001111010000011100000000000000000000000000000000
00000000000000000000000000000000110000010000011000000000000000000000000000000000
00000000000000000000000000000000100000010000001100000000000000000000000000000000
00000000000000000000000000000000000000010000010100000000000000000000000000000000
00000000000000000000000000000000000000010000110110000000000000000000000000000000
00000000000000000000000000000000000000010000100011000000000000000000000000000000
00000000000000000000000000000000000011110001100001100000000000000000000000000000
00000000000000000000000000000000000000000011000000110000000000000000000000000000
00000000000000000000000000000000000000001110000000011000000000000000000000000000
00000000000000000000000000000000000000000000000000001000000000000000000000000000
00000000000000000000000000000000000000000000000000000110000000000000000000000000
00000000000000000000000000000000000000000000000000000011000000000000000000000000
00000000000000000000000000000000000000000000000000000001110000000000000000000000
00000000000000000000000000000000000000000000000000000000000000000000000000000000
00000000000000000000000000000000000000000000000000000000000000000000000000000000
00000000000000000000000000000000000000000000000000000000000000000000000000000000
00000000000000000000000000000000000000000000000000000000000000000000000000000000
00000000000000000000000000000000000000000000000000000000000000000000000000000000
00000000000000000000000000000000000000000000000000000000000000000000000000000000
00000000000000000000000000000000000000000000000000000000000000000000000000000000
00000000000000000000000000000000000000000000000000000000000000000000000000000000
00000000000000000000000000000000000000000000000000000000000000000000000000000000
00000000000000000000000000000000000000000000000000000000000000000000000000000000
00000000000000000000000000000000000000000000000000000000000000000000000000000000
00000000000000000000000000000000000000000000000000000000000000000000000000000000
00000000000000000000000000000000000000000000000000000000000000000000000000000000
00000000000000000000000000000000000000000000000000000000000000000000000000000000
00000000000000000000000000000000000000000000000000000000000000000000000000000000
00000000000000000000000000000000000000000000000000000000000000000000000000000000
