00000000000000000000000000000000000000000000000000000000000000000000000000000000
00000000000000000000000000000000000000000000000000000000000000000000000000000000
00000000000000000000000000000000000000000000000000000000000000000000000000000000
00000000000000000000000000000000000000000000000000000000000000000000000000000000
00000000000000000000000000000000000000000000000000000000000000000000000000000000
00000000000000000000000000000000000000000000000000000000000000000000000000000000
00000000000000000000000000000000000000000000000000000000000000000000000000000000
00000000000000000000000000000000000000000000000000000000000000000000000000000000
00000000000000000000000000000000000000000000000000000000000000000000000000000000
00000000000000000000000000000000000000000000000000000000000000000000000000000000
00000000000000000000000000000000000000000000000000000000000000000000000000000000
00000000000000000000000000000000000000000000000000000000000000000000000000000000
00000000000000000000000000000000000000000000000000000000000000000000000000000000
00000000000000000000000000000000000000000000000000000000000000000000000000000000
00000000000000000000000000000000000000000000000000000000000000000000000000000000
00000000000000000000000000000000000000000000000000000000000000000000000000000000
00000000000000000000000000000000000000000000000000000000000000000000000000000000
00000000000000000000000000000000000000001000000000000000000000000000000000000000
00000000000000000000000000000000000000011000000000000000000000000000000000000000
00000000000000000000000000000000000000110000000000000000000000000000000000000000
00000000000000000000000000000000000000100000000000000000000000000000000000000000
00000000000000000000000000000000000001000110000000000000000000000000000000000000
00000000000000000000000000000000000010000011100000000000000000000000000000000000
00000000000000000000000000000000000100100000011111000000000000000000000000000000
00000000000000000000000000000000011010100000000001100000000000000000000000000000
00000000000000000000000000000001110010010000000000000000000000000000000000000000
00000000000000000000000000000011000010011001111110000000000000000000000000000000
00000000000000000000000000000000000011011111000000000000000000000000000000000000
00000000000000000000000000000000000011110100000100000000000000000000000000000000
00000000000000000000000000000001111101000110001100000000000000000000000000000000
00000000000000000000000011111111000001001110001000000000000000000000000000000000
00000000000000000000000000000000000001111011011000000000000000000000000000000000
00000000000000000000000000000000000011100001010000000000000000000000000000000000
00000000000000000000000000000000001111000000110000000000000000000000000000000000
00000000000000000000000000000000111001000000110000000000000000000000000000000000
00000000000000000000000000000001100001000001011000000000000000000000000000000000
00000000000000000000000000000001000001000011001100000000000000000000000000000000
00000000000000000000000000000000000001000110000100000000000000000000000000000000
00000000000000000000000000000000000011001100000010000000000000000000000000000000
00000000000000000000000000000000011110111000000011000000000000000000000000000000
00000000000000000000000000000000000000000000000001100000000000000000000000000000
00000000000000000000000000000000000000000000000000110000000000000000000000000000
00000000000000000000000000000000000000000000000000011000000000000000000000000000
00000000000000000000000000000000000000000000000000001100000000000000000000000000
00000000000000000000000000000000000000000000000000000111100000000000000000000000
00000000000000000000000000000000000000000000000000000000000000000000000000000000
00000000000000000000000000000000000000000000000000000000000000000000000000000000
00000000000000000000000000000000000000000000000000000000000000000000000000000000
00000000000000000000000000000000000000000000000000000000000000000000000000000000
00000000000000000000000000000000000000000000000000000000000000000000000000000000
00000000000000000000000000000000000000000000000000000000000000000000000000000000
00000000000000000000000000000000000000000000000000000000000000000000000000000000
00000000000000000000000000000000000000000000000000000000000000000000000000000000
00000000000000000000000000000000000000000000000000000000000000000000000000000000
00000000000000000000000000000000000000000000000000000000000000000000000000000000
00000000000000000000000000000000000000000000000000000000000000000000000000000000
00000000000000000000000000000000000000000000000000000000000000000000000000000000
00000000000000000000000000000000000000000000000000000000000000000000000000000000
00000000000000000000000000000000000000000000000000000000000000000000000000000000
00000000000000000000000000000000000000000000000000000000000000000000000000000000
