00000000000000000000000000000000000000000000000000000000000000000000000000000000
00000000000000000000000000000000000000000000000000000000000000000000000000000000
00000000000000000000000000000000000000000000000000000000000000000000000000000000
00000000000000000000000000000000000000000000000000000000000000000000000000000000
00000000000000000000000000000000000000000000000000000000000000000000000000000000
00000000000000000000000000000000000000000000000000000000000000000000000000000000
00000000000000000000000000000000000000000000000000000000000000000000000000000000
00000000000000000000000000000000000000000000000000000000000000000000000000000000
00000000000000000000000000000000000000000000000000000000000000000000000000000000
00000000000000000000000000000000000000000000000000000000000000000000000000000000
00000000000000000000000000000000000000000000000000000000000000000000000000000000
00000000000000000000000000000000000000000000000000000000000000000000000000000000
00000000000000000000000000000000000000000000000000000000000000000000000000000000
00000000000000000000000000000000000000000000000000000000000000000000000000000000
00000000000000000000000000000000000000000000000000000000000000000000000000000000
00000000000000000000000000000000000000000000000000000000000000000000000000000000
00000000000000000000000000000000000000000000000000000000000000000000000000000000
00000000000000000000000000000000000000010000000010000000000000000000000000000000
00000000000000000000000000000000000000010000000011000000000000000000000000000000
00000000000000000000000000000000000000010000000001100000000000000000000000000000
00000000000000000000000000000000000000110000000000100000000000000000000000000000
00000000000000000000000000000000000000100000000000010000000000000000000000000000
00000000000000000000000000000000000011000000000000011000000000000000000000000000
00000000000000000000000000000000000110000100000000000000000000000000000000000000
00000000000000000000000000000000111101000110000000000000000000000000000000000000
00000000000000000000000000000001100001100011000000011100000000000000000000000000
00000000000000000000000000000000000000100001111111100000000000000000000000000000
00000000000000000000000000000000000000111111100000000000000000000000000000000000
00000000000000000000000000000000000111110000110000000000000000000000000000000000
00000000000000000000000000000001111100010000010000000000000000000000000000000000
00000000000000000000000000001111000000011000011000010000000000000000000000000000
00000000000000000000000000000000000000001000001000010000000000000000000000000000
00000000000000000000000000000000000000001011000100010000000000000000000000000000
00000000000000000000000000000000000000001110000100110000000000000000000000000000
00000000000000000000000000000000000000011000000010100000000000000000000000000000
00000000000000000000000000000000000001101000000011100000000000000000000000000000
00000000000000000000000000000000000110001000000001000000000000000000000000000000
00000000000000000000000000000000001100001000000011100000000000000000000000000000
00000000000000000000000000000000001000001000000110110000000000000000000000000000
00000000000000000000000000000000000000001000001100011000000000000000000000000000
00000000000000000000000000000000000000001000011000001100000000000000000000000000
00000000000000000000000000000000000011001011100000000110000000000000000000000000
00000000000000000000000000000000000001110000000000000011010000000000000000000000
00000000000000000000000000000000000000000000000000000001110000000000000000000000
00000000000000000000000000000000000000000000000000000000000000000000000000000000
00000000000000000000000000000000000000000000000000000000000000000000000000000000
00000000000000000000000000000000000000000000000000000000000000000000000000000000
00000000000000000000000000000000000000000000000000000000000000000000000000000000
00000000000000000000000000000000000000000000000000000000000000000000000000000000
00000000000000000000000000000000000000000000000000000000000000000000000000000000
00000000000000000000000000000000000000000000000000000000000000000000000000000000
00000000000000000000000000000000000000000000000000000000000000000000000000000000
00000000000000000000000000000000000000000000000000000000000000000000000000000000
00000000000000000000000000000000000000000000000000000000000000000000000000000000
00000000000000000000000000000000000000000000000000000000000000000000000000000000
00000000000000000000000000000000000000000000000000000000000000000000000000000000
00000000000000000000000000000000000000000000000000000000000000000000000000000000
00000000000000000000000000000000000000000000000000000000000000000000000000000000
00000000000000000000000000000000000000000000000000000000000000000000000000000000
00000000000000000000000000000000000000000000000000000000000000000000000000000000
