00000000000000000000000000000000000000000000000000000000000000000000000000000000
00000000000000000000000000000000000000000000000000000000000000000000000000000000
00000000000000000000000000000000000000000000000000000000000000000000000000000000
00000000000000000000000000000000000000000000000000000000000000000000000000000000
00000000000000000000000000000000000000000000000000000000000000000000000000000000
00000000000000000000000000000000000000000000000000000000000000000000000000000000
00000000000000000000000000000000000000000000000000000000000000000000000000000000
00000000000000000000000000000000000000000000000000000000000000000000000000000000
00000000000000000000000000000000000000000000000000000000000000000000000000000000
00000000000000000000000000000000000000000000000000000000000000000000000000000000
00000000000000000000000000000000000000000000000000000000000000000000000000000000
00000000000000000000000000000000000000000000000000000000000000000000000000000000
00000000000000000000000000000000000000000000000000000000000000000000000000000000
00000000000000000000000000000000000000000000000000000000000000000000000000000000
00000000000000000000000000000000000000000000000000000000000000000000000000000000
00000000000000000000000000000000000000000000000000000000000000000000000000000000
00000000000000000000000000000000000001000000000000000000000000000000000000000000
00000000000000000000000000000000000001000000000000000000000000000000000000000000
00000000000000000000000000000000000001000000000000000000000000000000000000000000
00000000000000000000000000000000000010000000000000000000000000000000000000000000
00000000000000000000000000000000000110000001000000000000000000000000000000000000
00000000000000000000000000000000000110000001000000000000000000000000000000000000
00000000000000000000000000000000011010000001100000000000000000000000000000000000
00000000000000000000000000000000110001000000110000000000000000000000000000000000
00000000000000000000000000000011100001000000000000000000000000000000000000000000
00000000000000000000000000000110110000100000111100000000000000000000000000000000
00000000000000000000000000000000010000011111100000000000000000000000000000000000
00000000000000000000000000000000011111110000000000000000000000000000000000000000
00000000000000000000000000000001111000001000000000000000000000000000000000000000
00000000000000000000000011111110001001001100000110000000000000000000000000000000
00000000000000000000000000000000000101000100000100000000000000000000000000000000
00000000000000000000000000000000000101000100001100000000000000000000000000000000
00000000000000000000000000000000000110000010001000000000000000000000000000000000
00000000000000000000000000000000001110000001011000000000000000000000000000000000
00000000000000000000000000000000011010000001010000000000000000000000000000000000
00000000000000000000000000000000110010000000110000000000000000000000000000000000
00000000000000000000000000000001000010000000110000000000000000000000000000000000
00000000000000000000000000000110000010000000111000000000000000000000000000000000
00000000000000000000000000000100000010000001101000000000000000000000000000000000
00000000000000000000000000000000000010000001000100000000000000000000000000000000
00000000000000000000000000000000000010000110000010000000000000000000000000000000
00000000000000000000000000000000100010000000000011000000000000000000000000000000
00000000000000000000000000000000110110000000000001100000000000000000000000000000
00000000000000000000000000000000011100000000000000110000000000000000000000000000
00000000000000000000000000000000000000000000000000011110000000000000000000000000
00000000000000000000000000000000000000000000000000000110000000000000000000000000
00000000000000000000000000000000000000000000000000000000000000000000000000000000
00000000000000000000000000000000000000000000000000000000000000000000000000000000
00000000000000000000000000000000000000000000000000000000000000000000000000000000
00000000000000000000000000000000000000000000000000000000000000000000000000000000
00000000000000000000000000000000000000000000000000000000000000000000000000000000
00000000000000000000000000000000000000000000000000000000000000000000000000000000
00000000000000000000000000000000000000000000000000000000000000000000000000000000
00000000000000000000000000000000000000000000000000000000000000000000000000000000
00000000000000000000000000000000000000000000000000000000000000000000000000000000
00000000000000000000000000000000000000000000000000000000000000000000000000000000
00000000000000000000000000000000000000000000000000000000000000000000000000000000
00000000000000000000000000000000000000000000000000000000000000000000000000000000
00000000000000000000000000000000000000000000000000000000000000000000000000000000
00000000000000000000000000000000000000000000000000000000000000000000000000000000
