00000000000000000000000000000000000000000000000000000000000000000000000000000000
00000000000000000000000000000000000000000000000000000000000000000000000000000000
00000000000000000000000000000000000000000000000000000000000000000000000000000000
00000000000000000000000000000000000000000000000000000000000000000000000000000000
00000000000000000000000000000000000000000000000000000000000000000000000000000000
00000000000000000000000000000000000000000000000000000000000000000000000000000000
00000000000000000000000000000000000000000000000000000000000000000000000000000000
00000000000000000000000000000000000000000000000000000000000000000000000000000000
00000000000000000000000000000000000000000000000000000000000000000000000000000000
00000000000000000000000000000000000000000000000000000000000000000000000000000000
00000000000000000000000000000000000000000000000000000000000000000000000000000000
00000000000000000000000000000000000000000000000000000000000000000000000000000000
00000000000000000000000000000000000000000000000000000000000000000000000000000000
00000000000000000000000000000000000000000000000000000000000000000000000000000000
00000000000000000000000000000000000000000000000000000000000000000000000000000000
00000000000000000000000000000000000000000000000000000000000000000000000000000000
00000000000000000000000000000000000000000000000000000000000000000000000000000000
00000000000000000000000000000000000001000000000000000000000000000000000000000000
00000000000000000000000000000000000001000000000000000000000000000000000000000000
00000000000000000000000000000000000001000000000000000000000000000000000000000000
00000000000000000000000000000000000001000000000000000000000000000000000000000000
00000000000000000000000000000000000011000000000000000000000000000000000000000000
00000000000000000000000000000000000010000000000000000000000000000000000000000000
00000000000000000000000000000000000110001100000000000000000000000000000000000000
00000000000000000000000000000000001110000111000000000000000000000000000000000000
00000000000000000000000000000000011010000001100000000000000000000000000000000000
00000000000000000000000000000001110111000000000000000000000000000000000000000000
00000000000000000000000000000000000101000000000000000000000000000000000000000000
00000000000000000000000000000000000100111111111110000000000000000000000000000000
00000000000000000000000000000000011111100000000000000000000000000000000000000000
00000000000000000000000000000011100100010000000000000000000000000000000000000000
00000000000000000000000000111100000010010000010000000000000000000000000000000000
00000000000000000000000011100000000010001000010000000000000000000000000000000000
00000000000000000000000000000000000010000100110000000000000000000000000000000000
00000000000000000000000000000000000110000010100000000000000000000000000000000000
00000000000000000000000000000000011110000011100000000000000000000000000000000000
00000000000000000000000000000001110010000011000000000000000000000000000000000000
00000000000000000000000000000111000010000011000000000000000000000000000000000000
00000000000000000000000000000000000010000110100000000000000000000000000000000000
00000000000000000000000000000000000010001100100000000000000000000000000000000000
00000000000000000000000000000000100010011000010000000000000000000000000000000000
00000000000000000000000000000000111010000000001000000000000000000000000000000000
00000000000000000000000000000000001110000000001100000000000000000000000000000000
00000000000000000000000000000000000000000000000110000000000000000000000000000000
00000000000000000000000000000000000000000000000011000000000000000000000000000000
00000000000000000000000000000000000000000000000001100000000000000000000000000000
00000000000000000000000000000000000000000000000000111000000000000000000000000000
00000000000000000000000000000000000000000000000000001111000000000000000000000000
00000000000000000000000000000000000000000000000000000000000000000000000000000000
00000000000000000000000000000000000000000000000000000000000000000000000000000000
00000000000000000000000000000000000000000000000000000000000000000000000000000000
00000000000000000000000000000000000000000000000000000000000000000000000000000000
00000000000000000000000000000000000000000000000000000000000000000000000000000000
00000000000000000000000000000000000000000000000000000000000000000000000000000000
00000000000000000000000000000000000000000000000000000000000000000000000000000000
00000000000000000000000000000000000000000000000000000000000000000000000000000000
00000000000000000000000000000000000000000000000000000000000000000000000000000000
00000000000000000000000000000000000000000000000000000000000000000000000000000000
00000000000000000000000000000000000000000000000000000000000000000000000000000000
00000000000000000000000000000000000000000000000000000000000000000000000000000000
