00000000000000000000000000000000000000000000000000000000000000000000000000000000
00000000000000000000000000000000000000000000000000000000000000000000000000000000
00000000000000000000000000000000000000000000000000000000000000000000000000000000
00000000000000000000000000000000000000000000000000000000000000000000000000000000
00000000000000000000000000000000000000000000000000000000000000000000000000000000
00000000000000000000000000000000000000000000000000000000000000000000000000000000
00000000000000000000000000000000000000000000000000000000000000000000000000000000
00000000000000000000000000000000000000000000000000000000000000000000000000000000
00000000000000000000000000000000000000000000000000000000000000000000000000000000
00000000000000000000000000000000000000000000000000000000000000000000000000000000
00000000000000000000000000000000000000000000000000000000000000000000000000000000
00000000000000000000000000000000000000000000000000000000000000000000000000000000
00000000000000000000000000000000000000000000000000000000000000000000000000000000
00000000000000000000000000000000000000000000000000000000000000000000000000000000
00000000000000000000000000000000000000000000000000000000000000000000000000000000
00000000000000000000000000000000000001000000000000000000000000000000000000000000
00000000000000000000000000000000000001000000000000000000000000000000000000000000
00000000000000000000000000000000000001000000000000000000000000000000000000000000
00000000000000000000000000000000000001000000000000000000000000000000000000000000
00000000000000000000000000000000000010000000010000000000000000000000000000000000
00000000000000000000000000000000000010000000011000000000000000000000000000000000
00000000000000000000000000000000000110000000001100000000000000000000000000000000
00000000000000000000000000000000000100010000000110000000000000000000000000000000
00000000000000000000000000000000001100011000000011000000000000000000000000000000
00000000000000000000000000000000011100001000000001100000000000000000000000000000
00000000000000000000000000000001110010001000000000100000000000000000000000000000
00000000000000000000000000000011000010001000000111111100000000000000000000000000
00000000000000000000000000000000000010001111111100000000000000000000000000000000
00000000000000000000000000000000000111110100000000000000000000000000000000000000
00000000000000000000000000000111111001000010000000000000000000000000000000000000
00000000000000000000000001111000000001110010000000000000000000000000000000000000
00000000000000000000000000000000000000100011000010000000000000000000000000000000
00000000000000000000000000000000000001100001000010000000000000000000000000000000
00000000000000000000000000000000000011100001000110000000000000000000000000000000
00000000000000000000000000000000000110100000100100000000000000000000000000000000
00000000000000000000000000000000011000100000110100000000000000000000000000000000
00000000000000000000000000000001100000100000010100000000000000000000000000000000
00000000000000000000000000000011000000100000011100000000000000000000000000000000
00000000000000000000000000000110000000100000001100000000000000000000000000000000
00000000000000000000000000000000000000100000001100000000000000000000000000000000
00000000000000000000000000000000000000100000011010000000000000000000000000000000
00000000000000000000000000000000000001100000010011000000000000000000000000000000
00000000000000000000000000000000011111000000110001000000000000000000000000000000
00000000000000000000000000000000000110000001100000100000000000000000000000000000
00000000000000000000000000000000000000000000000000010000000000000000000000000000
00000000000000000000000000000000000000000000000000001000000000000000000000000000
00000000000000000000000000000000000000000000000000000111000000000000000000000000
00000000000000000000000000000000000000000000000000000000000000000000000000000000
00000000000000000000000000000000000000000000000000000000000000000000000000000000
00000000000000000000000000000000000000000000000000000000000000000000000000000000
00000000000000000000000000000000000000000000000000000000000000000000000000000000
00000000000000000000000000000000000000000000000000000000000000000000000000000000
00000000000000000000000000000000000000000000000000000000000000000000000000000000
00000000000000000000000000000000000000000000000000000000000000000000000000000000
00000000000000000000000000000000000000000000000000000000000000000000000000000000
00000000000000000000000000000000000000000000000000000000000000000000000000000000
00000000000000000000000000000000000000000000000000000000000000000000000000000000
00000000000000000000000000000000000000000000000000000000000000000000000000000000
00000000000000000000000000000000000000000000000000000000000000000000000000000000
00000000000000000000000000000000000000000000000000000000000000000000000000000000
