00000000000000000000000000000000000000000000000000000000000000000000000000000000
00000000000000000000000000000000000000000000000000000000000000000000000000000000
00000000000000000000000000000000000000000000000000000000000000000000000000000000
00000000000000000000000000000000000000000000000000000000000000000000000000000000
00000000000000000000000000000000000000000000000000000000000000000000000000000000
00000000000000000000000000000000000000000000000000000000000000000000000000000000
00000000000000000000000000000000000000000000000000000000000000000000000000000000
00000000000000000000000000000000000000000000000000000000000000000000000000000000
00000000000000000000000000000000000000000000000000000000000000000000000000000000
00000000000000000000000000000000000000000000000000000000000000000000000000000000
00000000000000000000000000000000000000000000000000000000000000000000000000000000
00000000000000000000000000000000000000000000000000000000000000000000000000000000
00000000000000000000000000000000000000000000000000000000000000000000000000000000
00000000000000000000000000000000000000000000000000000000000000000000000000000000
00000000000000000000000000000000000000000000000000000000000000000000000000000000
00000000000000000000000000000000000000000000000000000000000000000000000000000000
00000000000000000000000000000000000000001000000000000000000000000000000000000000
00000000000000000000000000000000000000011000000000000000000000000000000000000000
00000000000000000000000000000000000000110000000000000000000000000000000000000000
00000000000000000000000000000000000001100000110000000000000000000000000000000000
00000000000000000000000000000000000011000000011000000000000000000000000000000000
00000000000000000000000000000000001110000000001100000000000000000000000000000000
00000000000000000000000000000001110001000100000110000000000000000000000000000000
00000000000000000000000000000000000001100100000000000000000000000000000000000000
00000000000000000000000000000000000000100110000000000000000000000000000000000000
00000000000000000000000000000000000000110111111111100000000000000000000000000000
00000000000000000000000000000000001111111111000000000000000000000000000000000000
00000000000000000000000000000011111000010001100001000000000000000000000000000000
00000000000000000000000000000000000000010011100011000000000000000000000000000000
00000000000000000000000000000000000000011110110010000000000000000000000000000000
00000000000000000000000000000000000011110000010110000000000000000000000000000000
00000000000000000000000000000000011100010000011100000000000000000000000000000000
00000000000000000000000000000000000000010000001100000000000000000000000000000000
00000000000000000000000000000000000000010000011100000000000000000000000000000000
00000000000000000000000000000000000000010000110110000000000000000000000000000000
00000000000000000000000000000000000010010111100011000100000000000000000000000000
00000000000000000000000000000000000011110000000001000100000000000000000000000000
00000000000000000000000000000000000001100000000000100100000000000000000000000000
00000000000000000000000000000000000000000000000000011100000000000000000000000000
00000000000000000000000000000000000000000000000000000000000000000000000000000000
00000000000000000000000000000000000000000000000000000000000000000000000000000000
00000000000000000000000000000000000000000000000000000000000000000000000000000000
00000000000000000000000000000000000000000000000000000000000000000000000000000000
00000000000000000000000000000000000000000000000000000000000000000000000000000000
00000000000000000000000000000000000000000000000000000000000000000000000000000000
00000000000000000000000000000000000000000000000000000000000000000000000000000000
00000000000000000000000000000000000000000000000000000000000000000000000000000000
00000000000000000000000000000000000000000000000000000000000000000000000000000000
00000000000000000000000000000000000000000000000000000000000000000000000000000000
00000000000000000000000000000000000000000000000000000000000000000000000000000000
00000000000000000000000000000000000000000000000000000000000000000000000000000000
00000000000000000000000000000000000000000000000000000000000000000000000000000000
00000000000000000000000000000000000000000000000000000000000000000000000000000000
00000000000000000000000000000000000000000000000000000000000000000000000000000000
00000000000000000000000000000000000000000000000000000000000000000000000000000000
00000000000000000000000000000000000000000000000000000000000000000000000000000000
00000000000000000000000000000000000000000000000000000000000000000000000000000000
00000000000000000000000000000000000000000000000000000000000000000000000000000000
00000000000000000000000000000000000000000000000000000000000000000000000000000000
00000000000000000000000000000000000000000000000000000000000000000000000000000000
