00000000000000000000000000000000000000000000000000000000000000000000000000000000
00000000000000000000000000000000000000000000000000000000000000000000000000000000
00000000000000000000000000000000000000000000000000000000000000000000000000000000
00000000000000000000000000000000000000000000000000000000000000000000000000000000
00000000000000000000000000000000000000000000000000000000000000000000000000000000
00000000000000000000000000000000000000000000000000000000000000000000000000000000
00000000000000000000000000000000000000000000000000000000000000000000000000000000
00000000000000000000000000000000000000000000000000000000000000000000000000000000
00000000000000000000000000000000000000000000000000000000000000000000000000000000
00000000000000000000000000000000000000000000000000000000000000000000000000000000
00000000000000000000000000000000000000000000000000000000000000000000000000000000
00000000000000000000000000000000000000000000000000000000000000000000000000000000
00000000000000000000000000000000000000000000000000000000000000000000000000000000
00000000000000000000000000000000000000000000000000000000000000000000000000000000
00000000000000000000000000000000000000000000000000000000000000000000000000000000
00000000000000000000000000000000000000000000000000000000000000000000000000000000
00000000000000000000000000000000000000000000000000000000000000000000000000000000
00000000000000000000000000000000000000000000000000000000000000000000000000000000
00000000000000000000000000000000000000000000000000000000000000000000000000000000
00000000000000000000000000000000000000000000000000000000000000000000000000000000
00000000000000000000000000000000000000000000000000000000000000000000000000000000
00000000000000000010000000000000000000000000000000000000000000000000000000000000
00000000000000000010000000000000000000000000000000000000000000000000000000000000
00000000000000000110000000000000000000000000000000000000000000000000000000000000
00000000000000000100000000000000000000000000000000000000000000000000000000000000
00000000000000000100000000000000000000000000000000000000000000000000000000000000
00000000000000001100000011000000000000000000000000000000000000000000000000000000
00000000000000001000000001100000000000000000000000000000000000000000000000000000
00000000000000001000001000110000000000000000000000000000000000000000000000000000
00000000000000010000001000001110000000000000000000000000000000000000000000000000
00000000000000110100001000000010110000000000000000000000000000000000000000000000
00000000000001100110000100001111000000000000000000000000000000000000000000000000
00000000000001000010011111110000000000000000000000000000000000000000000000000000
00000000000000001111100100000000000000000000000000000000000000000000000000000000
00000000000001111011000010000000000000000000000000000000000000000000000000000000
00000000011110000001000001010000000000000000000000000000000000000000000000000000
00000011100000000001000111010000000000000000000000000000000000000000000000000000
00000000000000000000111101110000000000000000000000000000000000000000000000000000
00000000000000000111100000110000000000000000000000000000000000000000000000000000
00000000000000111100100000010000000000000000000000000000000000000000000000000000
00000000000001100000100000101000000000000000000000000000000000000000000000000000
00000000000000000000100001101000000000000000000000000000000000000000000000000000
00000000000000000000100111000100000000000000000000000000000000000000000000000000
00000000000000010000100000000010000000000000000000000000000000000000000000000000
00000000000000011001100000000001000000000000000000000000000000000000000000000000
00000000000000000111000000000000100000000000000000000000000000000000000000000000
00000000000000000000000000000000010000000000000000000000000000000000000000000000
00000000000000000000000000000000001100000000000000000000000000000000000000000000
00000000000000000000000000000000000110000000000000000000000000000000000000000000
00000000000000000000000000000000000000000000000000000000000000000000000000000000
00000000000000000000000000000000000000000000000000000000000000000000000000000000
00000000000000000000000000000000000000000000000000000000000000000000000000000000
00000000000000000000000000000000000000000000000000000000000000000000000000000000
00000000000000000000000000000000000000000000000000000000000000000000000000000000
00000000000000000000000000000000000000000000000000000000000000000000000000000000
00000000000000000000000000000000000000000000000000000000000000000000000000000000
00000000000000000000000000000000000000000000000000000000000000000000000000000000
00000000000000000000000000000000000000000000000000000000000000000000000000000000
00000000000000000000000000000000000000000000000000000000000000000000000000000000
00000000000000000000000000000000000000000000000000000000000000000000000000000000
