00000000000000000000000000000000000000000000000000000000000000000000000000000000
00000000000000000000000000000000000000000000000000000000000000000000000000000000
00000000000000000000000000000000000000000000000000000000000000000000000000000000
00000000000000000000000000000000000000000000000000000000000000000000000000000000
00000000000000000000000000000000000000000000000000000000000000000000000000000000
00000000000000000000000000000000000000000000000000000000000000000000000000000000
00000000000000000000000000000000000000000000000000000000000000000000000000000000
00000000000000000000000000000000000000000000000000000000000000000000000000000000
00000000000000000000000000000000000000000000000000000000000000000000000000000000
00000000000000000000000000000000000000000000000000000000000000000000000000000000
00000000000000000000000000000000000000000000000000000000000000000000000000000000
00000000000000000000000000000000000000000000000000000000000000000000000000000000
00000000000000000000000000000000000000000000000000000000000000000000000000000000
00000000000000000000000000000000000000000000000000000000000000000000000000000000
00000000000000000000000000000000000000000000000000000000000000000000000000000000
00000000000000000000000000000000000000000000000000000000000000000000000000000000
00000000000000000000000000000000000000000000000000000000000000000000000000000000
00000000000000000000000000000000000000000000000000000000000000000000000000000000
00000000000000000000000000000000000000000000000000000000000000000000000000000000
00000000000000000000000000000000000000000000000000000000000000000000000000000000
00000000000000000000000000000001000000000000000000000000000000000000000000000000
00000000000000000000000000000001000000100000000000000000000000000000000000000000
00000000000000000000000000000001000001100000000000000000000000000000000000000000
00000000000000000000000000000001000001000000000000000000000000000000000000000000
00000000000000000000000000000001000011000000000000000000000000000000000000000000
00000000000000000000000000000011000010000000011110000000000000000000000000000000
00000000000000000000000000000010000110011111100011000000000000000000000000000000
00000000000000000000000000000010000111110000000001000000000000000000000000000000
00000000000000000000000000000100001100000000000001000000000000000000000000000000
00000000000000000000000000000100001000000010000111000000000000000000000000000000
00000000000000000000000000001100011000000010001100000000000000000000000000000000
00000000000000000000000000001100110000000010000000000000000000000000000000000000
00000000000000000000000000011100100000000011000000000000000000000000000000000000
00000000000000000000000000110100000000010001000100000000000000000000000000000000
00000000000000000000000001100100000000010001000110000000000000000000000000000000
00000000000000000000000011000100000000010000100011000000000000000000000000000000
00000000000000000000000110000100000000110000100001100000000000000000000000000000
00000000000000000000001100000100000000100000100000110000000000000000000000000000
00000000000000000000000000000100000001101000100000011000000000000000000000000000
00000000000000000000000000000100000011001000110000000110000000000000000000000000
00000000000000000000000000000100000110001100010000000011100000000000000000000000
00000000000000000000000000000100001100000100010000000000100000000000000000000000
00000000000000000000000000000100001000000110010000000000000000000000000000000000
00000000000000000000000000000100000000000001010000000000000000000000000000000000
00000000000000000000000000000000000000000001110000000000000000000000000000000000
00000000000000000000000000000000000000000000000000000000000000000000000000000000
00000000000000000000000000000000000000000000000000000000000000000000000000000000
00000000000000000000000000000000000000000000000000000000000000000000000000000000
00000000000000000000000000000000000000000000000000000000000000000000000000000000
00000000000000000000000000000000000000000000000000000000000000000000000000000000
00000000000000000000000000000000000000000000000000000000000000000000000000000000
00000000000000000000000000000000000000000000000000000000000000000000000000000000
00000000000000000000000000000000000000000000000000000000000000000000000000000000
00000000000000000000000000000000000000000000000000000000000000000000000000000000
00000000000000000000000000000000000000000000000000000000000000000000000000000000
00000000000000000000000000000000000000000000000000000000000000000000000000000000
00000000000000000000000000000000000000000000000000000000000000000000000000000000
00000000000000000000000000000000000000000000000000000000000000000000000000000000
00000000000000000000000000000000000000000000000000000000000000000000000000000000
00000000000000000000000000000000000000000000000000000000000000000000000000000000
