00000000000000000000000000000000000000000000000000000000000000000000000000000000
00000000000000000000000000000000000000000000000000000000000000000000000000000000
00000000000000000000000000000000000000000000000000000000000000000000000000000000
00000000000000000000000000000000000000000000000000000000000000000000000000000000
00000000000000000000000000000000000000000000000000000000000000000000000000000000
00000000000000000000000000000000000000000000000000000000000000000000000000000000
00000000000000000000000000000000000000000000000000000000000000000000000000000000
00000000000000000000000000000000000000000000000000000000000000000000000000000000
00000000000000000000000000000000000000000000000000000000000000000000000000000000
00000000000000000000000000000000000000000000000000000000000000000000000000000000
00000000000000000000000000000000000000000000000000000000000000000000000000000000
00000000000000000000000000000010000000000000000000000000000000000000000000000000
00000000000000000000000000000010000100000000000000000000000000000000000000000000
00000000000000000000000000000010000100000000000000000000000000000000000000000000
00000000000000000000000000000010000100000000000000000000000000000000000000000000
00000000000000000000000000000110000100000000000000000000000000000000000000000000
00000000000000000000000000000100000100011111111000000000000000000000000000000000
00000000000000000000000000001100001101110000001000000000000000000000000000000000
00000000000000000000000000001100001110000000001000000000000000000000000000000000
00000000000000000000000000011100001000010000001000000000000000000000000000000000
00000000000000000000000000010100001000010000011000000000000000000000000000000000
00000000000000000000000000100100010000001000110000000000000000000000000000000000
00000000000000000000111111100100010000001100100000000000000000000000000000000000
00000000000000000000000000000100110000000100000000000000000000000000000000000000
00000000000000000000000000000100000000000100010000000000000000000000000000000000
00000000000000000000000000000100000001000110011000000000000000000000000000000000
00000000000000000000000000000100000001000010001000000000000000000000000000000000
00000000000000000000000000000100000001000010001100000000000000000000000000000000
00000000000000000000000000000100000001000010000100000000000000000000000000000000
00000000000000000000000000000100000011000010000010000000000000000000000000000000
00000000000000000000000000000100000011000010000011000000000000000000000000000000
00000000000000000000000000000100000001000010000001000000000000000000000000000000
00000000000000000000000000000100000011100010000000100000000000000000000000000000
00000000000000000000000000000100000010010010000000110000000000000000000000000000
00000000000000000000000000000100000110011010000000000000000000000000000000000000
00000000000000000000000000000110000100001110000000000000000000000000000000000000
00000000000000000000000000000010000000000110000000000000000000000000000000000000
00000000000000000000000000000010000000000000000000000000000000000000000000000000
00000000000000000000000000000010000000000000000000000000000000000000000000000000
00000000000000000000000000000010000000000000000000000000000000000000000000000000
00000000000000000000000000000010000000000000000000000000000000000000000000000000
00000000000000000000000000000000000000000000000000000000000000000000000000000000
00000000000000000000000000000000000000000000000000000000000000000000000000000000
00000000000000000000000000000000000000000000000000000000000000000000000000000000
00000000000000000000000000000000000000000000000000000000000000000000000000000000
00000000000000000000000000000000000000000000000000000000000000000000000000000000
00000000000000000000000000000000000000000000000000000000000000000000000000000000
00000000000000000000000000000000000000000000000000000000000000000000000000000000
00000000000000000000000000000000000000000000000000000000000000000000000000000000
00000000000000000000000000000000000000000000000000000000000000000000000000000000
00000000000000000000000000000000000000000000000000000000000000000000000000000000
00000000000000000000000000000000000000000000000000000000000000000000000000000000
00000000000000000000000000000000000000000000000000000000000000000000000000000000
00000000000000000000000000000000000000000000000000000000000000000000000000000000
00000000000000000000000000000000000000000000000000000000000000000000000000000000
00000000000000000000000000000000000000000000000000000000000000000000000000000000
00000000000000000000000000000000000000000000000000000000000000000000000000000000
00000000000000000000000000000000000000000000000000000000000000000000000000000000
00000000000000000000000000000000000000000000000000000000000000000000000000000000
00000000000000000000000000000000000000000000000000000000000000000000000000000000
