00000000000000000000000000000000000000000000000000000000000000000000000000000000
00000000000000000000000000000000000000000000000000000000000000000000000000000000
00000000000000000000000000000000000000000000000000000000000000000000000000000000
00000000000000000000000000000000000000000000000000000000000000000000000000000000
00000000000000000000000000000000000000000000000000000000000000000000000000000000
00000000000000000000000000000000000000000000000000000000000000000000000000000000
00000000000000000000000000000000000000000000000000000000000000000000000000000000
00000000000000000000000000000000000000000000000000000000000000000000000000000000
00000000000000000000000000000000000000000000000000000000000000000000000000000000
00000000000000000000000000000000000000000000000000000000000000000000000000000000
00000000000000000000000000000000000001000000000000000000000000000000000000000000
00000000000000000000000000000000000001000000000000000000000000000000000000000000
00000000000000000000000000000000000011000000000000000000000000000000000000000000
00000000000000000000000000000000000010000100000000000000000000000000000000000000
00000000000000000000000000000000000100000100000000000000000000000000000000000000
00000000000000000000000000000000001100000100000000000000000000000000000000000000
00000000000000000000000000000000001000000100000000000000000000000000000000000000
00000000000000000000000000000000110000001100000011111100000000000000000000000000
00000000000000000000000000000000110000001001111100000100000000000000000000000000
00000000000000000000000000000011010000001111000000000100000000000000000000000000
00000000000000000000000000001110010000001000011000000100000000000000000000000000
00000000000000000000000000011000010000001000001000001100000000000000000000000000
00000000000000000000000011100000010000010000001000110000000000000000000000000000
00000000000000000000001100000000010000010000001100000000000000000000000000000000
00000000000000000000000000000000010000110000000100000000000000000000000000000000
00000000000000000000000000000000010000100000010100000000000000000000000000000000
00000000000000000000000000000000001000100000010100000000000000000000000000000000
00000000000000000000000000000000001001000000110111100000000000000000000000000000
00000000000000000000000000000000001000000000100010110000000000000000000000000000
00000000000000000000000000000000001000000000100010010000000000000000000000000000
00000000000000000000000000000000001000000001000010001000000000000000000000000000
00000000000000000000000000000000001000000001000010000110000000000000000000000000
00000000000000000000000000000000001000000001010010000010000000000000000000000000
00000000000000000000000000000000001000000010010010000001100000000000000000000000
00000000000000000000000000000000001000000110011010000000110000000000000000000000
00000000000000000000000000000000001000000100001110000000000000000000000000000000
00000000000000000000000000000000001000000000000100000000000000000000000000000000
00000000000000000000000000000000001000000000000000000000000000000000000000000000
00000000000000000000000000000000001000000000000000000000000000000000000000000000
00000000000000000000000000000000001000000000000000000000000000000000000000000000
00000000000000000000000000000000001000000000000000000000000000000000000000000000
00000000000000000000000000000000000000000000000000000000000000000000000000000000
00000000000000000000000000000000000000000000000000000000000000000000000000000000
00000000000000000000000000000000000000000000000000000000000000000000000000000000
00000000000000000000000000000000000000000000000000000000000000000000000000000000
00000000000000000000000000000000000000000000000000000000000000000000000000000000
00000000000000000000000000000000000000000000000000000000000000000000000000000000
00000000000000000000000000000000000000000000000000000000000000000000000000000000
00000000000000000000000000000000000000000000000000000000000000000000000000000000
00000000000000000000000000000000000000000000000000000000000000000000000000000000
00000000000000000000000000000000000000000000000000000000000000000000000000000000
00000000000000000000000000000000000000000000000000000000000000000000000000000000
00000000000000000000000000000000000000000000000000000000000000000000000000000000
00000000000000000000000000000000000000000000000000000000000000000000000000000000
00000000000000000000000000000000000000000000000000000000000000000000000000000000
00000000000000000000000000000000000000000000000000000000000000000000000000000000
00000000000000000000000000000000000000000000000000000000000000000000000000000000
00000000000000000000000000000000000000000000000000000000000000000000000000000000
00000000000000000000000000000000000000000000000000000000000000000000000000000000
00000000000000000000000000000000000000000000000000000000000000000000000000000000
