00000000000000000000000000000000000000000000000000000000000000000000000000000000
00000000000000000000000000000000000000000000000000000000000000000000000000000000
00000000000000000000000000000000000000000000000000000000000000000000000000000000
00000000000000000000000000000000000000000000000000000000000000000000000000000000
00000000000000000000000000000000000000000000000000000000000000000000000000000000
00000000000000000000000000000000000000000000000000000000000000000000000000000000
00000000000000000000000000000000000000000000000000000000000000000000000000000000
00000000000000000000000000000000000000000000000000000000000000000000000000000000
00000000000000000000000000000000000000000000000000000000000000000000000000000000
00000000000000000000000000000000000000000000000000000000000000000000000000000000
00000000000000000000000000000000000000000000000000000000000000000000000000000000
00000000000000000000000000000000000000000000000000000000000000000000000000000000
00000000000000000000000000000000000000000000000000000000000000000000000000000000
00000000000000000000000000000000000000000000000000000000000000000000000000000000
00000000000000000000000000000000000000000000000000000000000000000000000000000000
00000000000000000000000000000000001000000000000000000000000000000000000000000000
00000000000000000000000000000000001000000000000000000000000000000000000000000000
00000000000000000000000000000000011000001000000000000000000000000000000000000000
00000000000000000000000000000000010000001000000000000000000000000000000000000000
00000000000000000000000000000000100000001000000011100000000000000000000000000000
00000000000000000000000000000001100000001000111110110000000000000000000000000000
00000000000000000000000000000110000000011111100000010000000000000000000000000000
00000000000000000000000000001100000000111101000000010000000000000000000000000000
00000000000000000000000000110010000000110000100001110000000000000000000000000000
00000000000000000000000001100010000000100000011110000000000000000000000000000000
00000000000000000000001110000011000001100000010000000000000000000000000000000000
00000000000000000000111000000001000011000000001000000000000000000000000000000000
00000000000000000001000000000001000110000000001100000000000000000000000000000000
00000000000000000000000000000001100000000000000100000000000000000000000000000000
00000000000000000000000000000000100000000000100100010000000000000000000000000000
00000000000000000000000000000000100000000000100100010000000000000000000000000000
00000000000000000000000000000000010000000000100010011000000000000000000000000000
00000000000000000000000000000000010000000000100010001100000000000000000000000000
00000000000000000000000000000000010000000000100010000110000000000000000000000000
00000000000000000000000000000000011000000001100010000011000000000000000000000000
00000000000000000000000000000000001000000001000010000001000000000000000000000000
00000000000000000000000000000000001000000011100010000000000000000000000000000000
00000000000000000000000000000000001000000110110010000000000000000000000000000000
00000000000000000000000000000000000100000100011110000000000000000000000000000000
00000000000000000000000000000000000100000000000000000000000000000000000000000000
00000000000000000000000000000000000100000000000000000000000000000000000000000000
00000000000000000000000000000000000000000000000000000000000000000000000000000000
00000000000000000000000000000000000000000000000000000000000000000000000000000000
00000000000000000000000000000000000000000000000000000000000000000000000000000000
00000000000000000000000000000000000000000000000000000000000000000000000000000000
00000000000000000000000000000000000000000000000000000000000000000000000000000000
00000000000000000000000000000000000000000000000000000000000000000000000000000000
00000000000000000000000000000000000000000000000000000000000000000000000000000000
00000000000000000000000000000000000000000000000000000000000000000000000000000000
00000000000000000000000000000000000000000000000000000000000000000000000000000000
00000000000000000000000000000000000000000000000000000000000000000000000000000000
00000000000000000000000000000000000000000000000000000000000000000000000000000000
00000000000000000000000000000000000000000000000000000000000000000000000000000000
00000000000000000000000000000000000000000000000000000000000000000000000000000000
00000000000000000000000000000000000000000000000000000000000000000000000000000000
00000000000000000000000000000000000000000000000000000000000000000000000000000000
00000000000000000000000000000000000000000000000000000000000000000000000000000000
00000000000000000000000000000000000000000000000000000000000000000000000000000000
00000000000000000000000000000000000000000000000000000000000000000000000000000000
00000000000000000000000000000000000000000000000000000000000000000000000000000000
