00000000000000000000000000000000000000000000000000000000000000000000000000000000
00000000000000000000000000000000000000000000000000000000000000000000000000000000
00000000000000000000000000000000000000000000000000000000000000000000000000000000
00000000000000000000000000000000000000000000000000000000000000000000000000000000
00000000000000000000000000000000000000000000000000000000000000000000000000000000
00000000000000000000000000000000000000000000000000000000000000000000000000000000
00000000000000000000000000000000000000000000000000000000000000000000000000000000
00000000000000000000000000000000000000000000000000000000000000000000000000000000
00000000000000000000000000000000000000000000000000000000000000000000000000000000
00000000000000000000000000000000000000000000000000000000000000000000000000000000
00000000000000000000000000000000000000000000000000000000000000000000000000000000
00000000000000000000000000000000000000000000000000000000000000000000000000000000
00000000000000000000000000000000000000000000000000000000000000000000000000000000
00000000000000000000000000000000000000000000000000000000000000000000000000000000
00000000000000000000000000000000000000000000000000000000000000000000000000000000
00000000000000000000000000000000100000000000000000000000000000000000000000000000
00000000000000000000000000000000100000000000000000000000000000000000000000000000
00000000000000000000000000000000100000000000000000000000000000000000000000000000
00000000000000000000000000000000100010000000000000000000000000000000000000000000
00000000000000000000000000000001000010000000000000000000000000000000000000000000
00000000000000000000000000000011000010000000000000000000000000000000000000000000
00000000000000000000000000000010000010000000111111000000000000000000000000000000
00000000000000000000000000000100000010001111100001000000000000000000000000000000
00000000000000000000000000001000000101111000000010000000000000000000000000000000
00000000000000000000000000011000001110001100001110000000000000000000000000000000
00000000000000000000000000100100001100000100110000000000000000000000000000000000
00000000000000000000000001000100001000000010000000000000000000000000000000000000
00000000000000000000000010000000011000000010000000000000000000000000000000000000
00000000000000000000001100000110010000000011000000000000000000000000000000000000
00000000000000000001111000000010100000000001000000000000000000000000000000000000
00000000000000000000000000000011100000010001110000000000000000000000000000000000
00000000000000000000000000000010000000010001101100000000000000000000000000000000
00000000000000000000000000000010000000010000100011000000000000000000000000000000
00000000000000000000000000000010000000110000100001110000000000000000000000000000
00000000000000000000000000000010000000100000100000011100000000000000000000000000
00000000000000000000000000000010000000100000100000000110000000000000000000000000
00000000000000000000000000000010000001000000100000000001100000000000000000000000
00000000000000000000000000000010000001000000100000000000111000000000000000000000
00000000000000000000000000000010000011000000100000000000000000000000000000000000
00000000000000000000000000000010000110000000100000000000000000000000000000000000
00000000000000000000000000000010000100010000100000000000000000000000000000000000
00000000000000000000000000000010000000001001100000000000000000000000000000000000
00000000000000000000000000000010000000001111000000000000000000000000000000000000
00000000000000000000000000000010000000000110000000000000000000000000000000000000
00000000000000000000000000000010000000000000000000000000000000000000000000000000
00000000000000000000000000000000000000000000000000000000000000000000000000000000
00000000000000000000000000000000000000000000000000000000000000000000000000000000
00000000000000000000000000000000000000000000000000000000000000000000000000000000
00000000000000000000000000000000000000000000000000000000000000000000000000000000
00000000000000000000000000000000000000000000000000000000000000000000000000000000
00000000000000000000000000000000000000000000000000000000000000000000000000000000
00000000000000000000000000000000000000000000000000000000000000000000000000000000
00000000000000000000000000000000000000000000000000000000000000000000000000000000
00000000000000000000000000000000000000000000000000000000000000000000000000000000
00000000000000000000000000000000000000000000000000000000000000000000000000000000
00000000000000000000000000000000000000000000000000000000000000000000000000000000
00000000000000000000000000000000000000000000000000000000000000000000000000000000
00000000000000000000000000000000000000000000000000000000000000000000000000000000
00000000000000000000000000000000000000000000000000000000000000000000000000000000
00000000000000000000000000000000000000000000000000000000000000000000000000000000
