00000000000000000000000000000000000000000000000000000000000000000000000000000000
00000000000000000000000000000000000000000000000000000000000000000000000000000000
00000000000000000000000000000000000000000000000000000000000000000000000000000000
00000000000000000000000000000000000000000000000000000000000000000000000000000000
00000000000000000000000000000000000000000000000000000000000000000000000000000000
00000000000000000000000000000000000000000000000000000000000000000000000000000000
00000000000000000000000000000000000000000000000000000000000000000000000000000000
00000000000000000000000000000000000000000000000000000000000000000000000000000000
00000000000000000000000000000000000000000000000000000000000000000000000000000000
00000000000000000000000000000000000000000000000000000000000000000000000000000000
00000000000000000000000000000000000000000000000000000000000000000000000000000000
00000000000000000000000000000000000000000000000000000000000000000000000000000000
00000000000000000000000000000000000000000000000000000000000000000000000000000000
00000000000000000000000000000000000000000000000000000000000000000000000000000000
00000000000000000000000000000000000000000000000000000000000000000000000000000000
00000000000000000000000000000000000000000000000000000000000000000000000000000000
00000000000000000000000000000010000000000000000000000000000000000000000000000000
00000000000000000000000000000010000000000000000000000000000000000000000000000000
00000000000000000000000000000110000000000000000000000000000000000000000000000000
00000000000000000000000000000100000000000000000000000000000000000000000000000000
00000000000000000000000000000100001000000000000000000000000000000000000000000000
00000000000000000000000000001000011000000000000000000000000000000000000000000000
00000000000000000000000000001000010000000000000000000000000000000000000000000000
00000000000000000000000000011000010000000000000000000000000000000000000000000000
00000000000000000000000000010000110111111111000000000000000000000000000000000000
00000000000000000000000000100001111100000001000000000000000000000000000000000000
00000000000000000000000011100011000010000011000000000000000000000000000000000000
00000000000000000000001111000110000011000110000000000000000000000000000000000000
00000000000000000000111001000100000001000000000000000000000000000000000000000000
00000000000000000111000001011000000001100000000000000000000000000000000000000000
00000000000000000000000001000000000000100000000000000000000000000000000000000000
00000000000000000000000001000000000100100000000000000000000000000000000000000000
00000000000000000000000001000000000100101100000000000000000000000000000000000000
00000000000000000000000001100000001100010011000000000000000000000000000000000000
00000000000000000000000000100000001000010001110000000000000000000000000000000000
00000000000000000000000000100000011000010000011110000000000000000000000000000000
00000000000000000000000000100000110000010000000011100000000000000000000000000000
00000000000000000000000000100001100110010000000000000000000000000000000000000000
00000000000000000000000000100000000011110000000000000000000000000000000000000000
00000000000000000000000000100000000000000000000000000000000000000000000000000000
00000000000000000000000000100000000000000000000000000000000000000000000000000000
00000000000000000000000000000000000000000000000000000000000000000000000000000000
00000000000000000000000000000000000000000000000000000000000000000000000000000000
00000000000000000000000000000000000000000000000000000000000000000000000000000000
00000000000000000000000000000000000000000000000000000000000000000000000000000000
00000000000000000000000000000000000000000000000000000000000000000000000000000000
00000000000000000000000000000000000000000000000000000000000000000000000000000000
00000000000000000000000000000000000000000000000000000000000000000000000000000000
00000000000000000000000000000000000000000000000000000000000000000000000000000000
00000000000000000000000000000000000000000000000000000000000000000000000000000000
00000000000000000000000000000000000000000000000000000000000000000000000000000000
00000000000000000000000000000000000000000000000000000000000000000000000000000000
00000000000000000000000000000000000000000000000000000000000000000000000000000000
00000000000000000000000000000000000000000000000000000000000000000000000000000000
00000000000000000000000000000000000000000000000000000000000000000000000000000000
00000000000000000000000000000000000000000000000000000000000000000000000000000000
00000000000000000000000000000000000000000000000000000000000000000000000000000000
00000000000000000000000000000000000000000000000000000000000000000000000000000000
00000000000000000000000000000000000000000000000000000000000000000000000000000000
00000000000000000000000000000000000000000000000000000000000000000000000000000000
