00000000000000000000000000000000000000000000000000000000000000000000000000000000
00000000000000000000000000000000000000000000000000000000000000000000000000000000
00000000000000000000000000000000000000000000000000000000000000000000000000000000
00000000000000000000000000000000000000000000000000000000000000000000000000000000
00000000000000000000000000000000000000000000000000000000000000000000000000000000
00000000000000000000000000000000000000000000000000000000000000000000000000000000
00000000000000000000000000000000000000000000000000000000000000000000000000000000
00000000000000000000000000000000000000000000000000000000000000000000000000000000
00000000000000000000000000000000000000000000000000000000000000000000000000000000
00000000000000000000000000000000000000000000000000000000000000000000000000000000
00000000000000000000000000000000000000000000000000000000000000000000000000000000
00000000000000000000000000000000000000000000000000000000000000000000000000000000
00000000000000000000000000000000000000000000000000000000000000000000000000000000
00000000000000000000000000000000000000000000000000000000000000000000000000000000
00000000000000000000000000000000000000000000000000000000000000000000000000000000
00000000000000000000000000000000000000000000000000000000000000000000000000000000
00000000000000000000000000000000000100000000000000000000000000000000000000000000
00000000000000000000000000000000000100010000000000000000000000000000000000000000
00000000000000000000000000000000001000010000000000000000000000000000000000000000
00000000000000000000000000000000001000010000000000000000000000000000000000000000
00000000000000000000000000000000010000010000000000000000000000000000000000000000
00000000000000000000000000000000100000100000000000000000000000000000000000000000
00000000000000000000000000000001000000100001111111100000000000000000000000000000
00000000000000000000000000000011000000111110000000100000000000000000000000000000
00000000000000000000000000000011000001100001000001100000000000000000000000000000
00000000000000000000000000000101000001000001100011000000000000000000000000000000
00000000000000000000000000001001000001000000110000000000000000000000000000000000
00000000000000000000000000010001000011000000010000000000000000000000000000000000
00000000000000000000000000100001000010000000010000000000000000000000000000000000
00000000000000000000000001100001000000000010001110000000000000000000000000000000
00000000000000000000000111000001000000000010001011000000000000000000000000000000
00000000000000000000111100000001000000000110001001000000000000000000000000000000
00000000000000000000000000000001000000000100000100100000000000000000000000000000
00000000000000000000000000000001000000001100000100011000000000000000000000000000
00000000000000000000000000000001000000001000000100001000000000000000000000000000
00000000000000000000000000000001000000010000000100000100000000000000000000000000
00000000000000000000000000000001000000010000000100000110000000000000000000000000
00000000000000000000000000000001000000110000000100000001100000000000000000000000
00000000000000000000000000000001000000100010000100000000110000000000000000000000
00000000000000000000000000000001000000000011001100000000011000000000000000000000
00000000000000000000000000000001000000000000111000000000001000000000000000000000
00000000000000000000000000000001000000000000011000000000000000000000000000000000
00000000000000000000000000000001000000000000000000000000000000000000000000000000
00000000000000000000000000000001100000000000000000000000000000000000000000000000
00000000000000000000000000000000000000000000000000000000000000000000000000000000
00000000000000000000000000000000000000000000000000000000000000000000000000000000
00000000000000000000000000000000000000000000000000000000000000000000000000000000
00000000000000000000000000000000000000000000000000000000000000000000000000000000
00000000000000000000000000000000000000000000000000000000000000000000000000000000
00000000000000000000000000000000000000000000000000000000000000000000000000000000
00000000000000000000000000000000000000000000000000000000000000000000000000000000
00000000000000000000000000000000000000000000000000000000000000000000000000000000
00000000000000000000000000000000000000000000000000000000000000000000000000000000
00000000000000000000000000000000000000000000000000000000000000000000000000000000
00000000000000000000000000000000000000000000000000000000000000000000000000000000
00000000000000000000000000000000000000000000000000000000000000000000000000000000
00000000000000000000000000000000000000000000000000000000000000000000000000000000
00000000000000000000000000000000000000000000000000000000000000000000000000000000
00000000000000000000000000000000000000000000000000000000000000000000000000000000
00000000000000000000000000000000000000000000000000000000000000000000000000000000
