00000000000000000000000000000000000000000000000000000000000000000000000000000000
00000000000000000000000000000000000000000000000000000000000000000000000000000000
00000000000000000000000000000000000000000000000000000000000000000000000000000000
00000000000000000000000000000000000000000000000000000000000000000000000000000000
00000000000000000000000000000000000000000000000000000000000000000000000000000000
00000000000000000000000000000000000000000000000000000000000000000000000000000000
00000000000000000000000000000000000000000000000000000000000000000000000000000000
00000000000000000000000000000000000000000000000000000000000000000000000000000000
00000000000000000000000000000000000000000000000000000000000000000000000000000000
00000000000000000000000000000000000000000000000000000000000000000000000000000000
00000000000000000000000000000000000000000000000000000000000000000000000000000000
00000000000000000000000000000000000000000000000000000000000000000000000000000000
00000000000000000000000000000000001000000000000000000000000000000000000000000000
00000000000000000000000000000000001001000000000000000000000000000000000000000000
00000000000000000000000000000000011001000000000000000000000000000000000000000000
00000000000000000000000000000000010001000000000000000000000000000000000000000000
00000000000000000000000000000000110001000000000000000000000000000000000000000000
00000000000000000000000000000001000001000000000000000000000000000000000000000000
00000000000000000000000000000110000001000011111111000000000000000000000000000000
00000000000000000000000000011100000001011110000001000000000000000000000000000000
00000000000000000000000001100100000011110100000001000000000000000000000000000000
00000000000000000000000110000100000010000100000111000000000000000000000000000000
00000000000000000011111000000100000010000110111100000000000000000000000000000000
00000000000000000110000000000100000110000010000000000000000000000000000000000000
00000000000000000000000000000100000100000011000000000000000000000000000000000000
00000000000000000000000000000010001100100001010000000000000000000000000000000000
00000000000000000000000000000010011000100001001100000000000000000000000000000000
00000000000000000000000000000010000000100001000110000000000000000000000000000000
00000000000000000000000000000010000000100001000011000000000000000000000000000000
00000000000000000000000000000010000000100001000000110000000000000000000000000000
00000000000000000000000000000010000000100001000000011000000000000000000000000000
00000000000000000000000000000010000001000001000000001110000000000000000000000000
00000000000000000000000000000010000011000001000000000011000000000000000000000000
00000000000000000000000000000010000010000001000000000000000000000000000000000000
00000000000000000000000000000010000110000001000000000000000000000000000000000000
00000000000000000000000000000010000000000101000000000000000000000000000000000000
00000000000000000000000000000010000000000111000000000000000000000000000000000000
00000000000000000000000000000010000000000010000000000000000000000000000000000000
00000000000000000000000000000010000000000000000000000000000000000000000000000000
00000000000000000000000000000010000000000000000000000000000000000000000000000000
00000000000000000000000000000010000000000000000000000000000000000000000000000000
00000000000000000000000000000000000000000000000000000000000000000000000000000000
00000000000000000000000000000000000000000000000000000000000000000000000000000000
00000000000000000000000000000000000000000000000000000000000000000000000000000000
00000000000000000000000000000000000000000000000000000000000000000000000000000000
00000000000000000000000000000000000000000000000000000000000000000000000000000000
00000000000000000000000000000000000000000000000000000000000000000000000000000000
00000000000000000000000000000000000000000000000000000000000000000000000000000000
00000000000000000000000000000000000000000000000000000000000000000000000000000000
00000000000000000000000000000000000000000000000000000000000000000000000000000000
00000000000000000000000000000000000000000000000000000000000000000000000000000000
00000000000000000000000000000000000000000000000000000000000000000000000000000000
00000000000000000000000000000000000000000000000000000000000000000000000000000000
00000000000000000000000000000000000000000000000000000000000000000000000000000000
00000000000000000000000000000000000000000000000000000000000000000000000000000000
00000000000000000000000000000000000000000000000000000000000000000000000000000000
00000000000000000000000000000000000000000000000000000000000000000000000000000000
00000000000000000000000000000000000000000000000000000000000000000000000000000000
00000000000000000000000000000000000000000000000000000000000000000000000000000000
00000000000000000000000000000000000000000000000000000000000000000000000000000000
