00000000000000000000000000000000000000000000000000000000000000000000000000000000
00000000000000000000000000000000000000000000000000000000000000000000000000000000
00000000000000000000000000000000000000000000000000000000000000000000000000000000
00000000000000000000000000000000000000000000000000000000000000000000000000000000
00000000000000000000000000000000000000000000000000000000000000000000000000000000
00000000000000000000000000000000000000000000000000000000000000000000000000000000
00000000000000000000000000000100000000000000000000000000000000000000000000000000
00000000000000000000000000000100000000000000000000000000000000000000000000000000
00000000000000000000000000000100000000000000000000000000000000000000000000000000
00000000000000000000000000000101000000000000000000000000000000000000000000000000
00000000000000000000000000000101000000000000000000000000000000000000000000000000
00000000000000000000000000001101000000000000000000000000000000000000000000000000
00000000000000000000000000011001000000111110000000000000000000000000000000000000
00000000000000000000000000110001001111100010000000000000000000000000000000000000
00000000000000000000000001100011111000000010000000000000000000000000000000000000
00000000000000000000000110100111000100001100000000000000000000000000000000000000
00000000000000000000011100010010000011111000000000000000000000000000000000000000
00000000000000000000110000010110000111000000000000000000000000000000000000000000
00000000000000000000000000011100001011010000000000000000000000000000000000000000
00000000000000000000000000011000001001001000000000000000000000000000000000000000
00000000000000000000000000010000001001000100000000000000000000000000000000000000
00000000000000000000000000010000001001000110000000000000000000000000000000000000
00000000000000000000000000010000001000100011000000000000000000000000000000000000
00000000000000000000000000010000001000100001100000000000000000000000000000000000
00000000000000000000000000010000001000100000110000000000000000000000000000000000
00000000000000000000000000010000011000100000011000000000000000000000000000000000
00000000000000000000000000010000111000100000001100000000000000000000000000000000
00000000000000000000000000010000111000100000000000000000000000000000000000000000
00000000000000000000000000010000001000100000000000000000000000000000000000000000
00000000000000000000000000110000000100100000000000000000000000000000000000000000
00000000000000000000000000100000000110100000000000000000000000000000000000000000
00000000000000000000000000100000000011100000000000000000000000000000000000000000
00000000000000000000000000100000000000000000000000000000000000000000000000000000
00000000000000000000000000100000000000000000000000000000000000000000000000000000
00000000000000000000000000000000000000000000000000000000000000000000000000000000
00000000000000000000000000000000000000000000000000000000000000000000000000000000
00000000000000000000000000000000000000000000000000000000000000000000000000000000
00000000000000000000000000000000000000000000000000000000000000000000000000000000
00000000000000000000000000000000000000000000000000000000000000000000000000000000
00000000000000000000000000000000000000000000000000000000000000000000000000000000
00000000000000000000000000000000000000000000000000000000000000000000000000000000
00000000000000000000000000000000000000000000000000000000000000000000000000000000
00000000000000000000000000000000000000000000000000000000000000000000000000000000
00000000000000000000000000000000000000000000000000000000000000000000000000000000
00000000000000000000000000000000000000000000000000000000000000000000000000000000
00000000000000000000000000000000000000000000000000000000000000000000000000000000
00000000000000000000000000000000000000000000000000000000000000000000000000000000
00000000000000000000000000000000000000000000000000000000000000000000000000000000
00000000000000000000000000000000000000000000000000000000000000000000000000000000
00000000000000000000000000000000000000000000000000000000000000000000000000000000
00000000000000000000000000000000000000000000000000000000000000000000000000000000
00000000000000000000000000000000000000000000000000000000000000000000000000000000
00000000000000000000000000000000000000000000000000000000000000000000000000000000
00000000000000000000000000000000000000000000000000000000000000000000000000000000
00000000000000000000000000000000000000000000000000000000000000000000000000000000
00000000000000000000000000000000000000000000000000000000000000000000000000000000
00000000000000000000000000000000000000000000000000000000000000000000000000000000
00000000000000000000000000000000000000000000000000000000000000000000000000000000
00000000000000000000000000000000000000000000000000000000000000000000000000000000
00000000000000000000000000000000000000000000000000000000000000000000000000000000
