00000000000000000000000000000000000000000000000000000000000000000000000000000000
00000000000000000000000000000000000000000000000000000000000000000000000000000000
00000000000000000000000000000000000000000000000000000000000000000000000000000000
00000000000000000000000000000000000000000000000000000000000000000000000000000000
00000000000000000000000000000000000000000000000000000000000000000000000000000000
00000000000000000000000000000000000000000000000000000000000000000000000000000000
00000000000000000000000000000000000000000000000000000000000000000000000000000000
00000000000000000000000000000000000000000000000000000000000000000000000000000000
00000000000000000000000000000000000000000000000000000000000000000000000000000000
00000000000000000000000000000000000000000000000000000000000000000000000000000000
00000000000000000000000000000000000000000000000000000000000000000000000000000000
00000000000000000000000000000000000000000000000000000000000000000000000000000000
00000000000000000000000000000000000000000000000000000000000000000000000000000000
00000000000000000000000000000000000000000000000000000000000000000000000000000000
00000000000000000000000000000000001000000000000000000000000000000000000000000000
00000000000000000000000000000000001000000000000000000000000000000000000000000000
00000000000000000000000000000000001000100000000000000000000000000000000000000000
00000000000000000000000000000000001000100000000000000000000000000000000000000000
00000000000000000000000000000000011000100000000000000000000000000000000000000000
00000000000000000000000000000000010000100000000000000000000000000000000000000000
00000000000000000000000000000000110000100001111111100000000000000000000000000000
00000000000000000000000000000000100000111111000000100000000000000000000000000000
00000000000000000000000000000001100000110010000000100000000000000000000000000000
00000000000000000000000000000011100001000011000001100000000000000000000000000000
00000000000000000000000000000110100001000001000011000000000000000000000000000000
00000000000000000000000000001100100001000001001110000000000000000000000000000000
00000000000000000000000000010000100010000000100000000000000000000000000000000000
00000000000000000000000001100000100010000000100000000000000000000000000000000000
00000000000000000000000111000000100110000010101100000000000000000000000000000000
00000000000000000000000000000000100000000010100110000000000000000000000000000000
00000000000000000000000000000000100000000110010001000000000000000000000000000000
00000000000000000000000000000000100000000100010000110000000000000000000000000000
00000000000000000000000000000000100000000100010000011000000000000000000000000000
00000000000000000000000000000000100000001000010000001100000000000000000000000000
00000000000000000000000000000000100000011000011000000110000000000000000000000000
00000000000000000000000000000000100000010000001000000000000000000000000000000000
00000000000000000000000000000000100000100010001000000000000000000000000000000000
00000000000000000000000000000000100000000011001000000000000000000000000000000000
00000000000000000000000000000000100000000001101000000000000000000000000000000000
00000000000000000000000000000000100000000000101000000000000000000000000000000000
00000000000000000000000000000000100000000000011000000000000000000000000000000000
00000000000000000000000000000000100000000000000000000000000000000000000000000000
00000000000000000000000000000000100000000000000000000000000000000000000000000000
00000000000000000000000000000000000000000000000000000000000000000000000000000000
00000000000000000000000000000000000000000000000000000000000000000000000000000000
00000000000000000000000000000000000000000000000000000000000000000000000000000000
00000000000000000000000000000000000000000000000000000000000000000000000000000000
00000000000000000000000000000000000000000000000000000000000000000000000000000000
00000000000000000000000000000000000000000000000000000000000000000000000000000000
00000000000000000000000000000000000000000000000000000000000000000000000000000000
00000000000000000000000000000000000000000000000000000000000000000000000000000000
00000000000000000000000000000000000000000000000000000000000000000000000000000000
00000000000000000000000000000000000000000000000000000000000000000000000000000000
00000000000000000000000000000000000000000000000000000000000000000000000000000000
00000000000000000000000000000000000000000000000000000000000000000000000000000000
00000000000000000000000000000000000000000000000000000000000000000000000000000000
00000000000000000000000000000000000000000000000000000000000000000000000000000000
00000000000000000000000000000000000000000000000000000000000000000000000000000000
00000000000000000000000000000000000000000000000000000000000000000000000000000000
00000000000000000000000000000000000000000000000000000000000000000000000000000000
