00000000000000000000000000000000000000000000000000000000000000000000000000000000
00000000000000000000000000000000000000000000000000000000000000000000000000000000
00000000000000000000000000000000000000000000000000000000000000000000000000000000
00000000000000000000000000000000000000000000000000000000000000000000000000000000
00000000000000000000000000000000000000000000000000000000000000000000000000000000
00000000000000000000000000000000000000000000000000000000000000000000000000000000
00000000000000000000000000000000000000000000000000000000000000000000000000000000
00000000000000000000000000000000000000000000000000000000000000000000000000000000
00000000000000000000000000000000000000000000000000000000000000000000000000000000
00000000000000000000000000000000000000000000000000000000000000000000000000000000
00000000000000000000000000000000000000000000000000000000000000000000000000000000
00000000000000000000000000000000000000000000000000000000000000000000000000000000
00000000000000000000000000000000000000000000000000000000000000000000000000000000
00000000000000000000000000000000000000000000000000000000000000000000000000000000
00000000000000000000000000000000000000000000000000000000000000000000000000000000
00000000000000000000000000000000000000000000000000000000000000000000000000000000
00000000000000000000000000000000000000000000000000000000000000000000000000000000
00000000000000000000000000000000000000000000000000000000000000000000000000000000
00000000000000000000000000000000000010000000000000000000000000000000000000000000
00000000000000000000000000000000000010000000000000000000000000000000000000000000
00000000000000000000000000000000000010000000000000000000000000000000000000000000
00000000000000000000000000000000000010000000000000000000000000000000000000000000
00000000000000000000000000000000000010000000000000000000000000000000000000000000
00000000000000000000000000000000000110010000000000000000000000000000000000000000
00000000000000000000000000000000000100010000000000000000000000000000000000000000
00000000000000000000000000000000001100010000000000000000000000000000000000000000
00000000000000000000000000000000011000010000001111000000000000000000000000000000
00000000000000000000000000000000100000010111111001000000000000000000000000000000
00000000000000000000000000000011100000011000000011000000000000000000000000000000
00000000000000000000000000001110010000110000000110000000000000000000000000000000
00000000000000000000000000011000010000100011011000000000000000000000000000000000
00000000000000000000000001110000010001100001100000000000000000000000000000000000
00000000000000000000000111000000010001000001000000000000000000000000000000000000
00000000000000000000000000000000010011000100111000000000000000000000000000000000
00000000000000000000000000000000010000000100101100000000000000000000000000000000
00000000000000000000000000000000010000000100110010000000000000000000000000000000
00000000000000000000000000000000010000000100010001100000000000000000000000000000
00000000000000000000000000000000010000000100010000110000000000000000000000000000
00000000000000000000000000000000010000001000010000001000000000000000000000000000
00000000000000000000000000000000010000011000010000000100000000000000000000000000
00000000000000000000000000000000010000111000010000000011000000000000000000000000
00000000000000000000000000000000010000100100010000000001100000000000000000000000
00000000000000000000000000000000010000000110010000000000000000000000000000000000
00000000000000000000000000000000010000000011010000000000000000000000000000000000
00000000000000000000000000000000000000000001110000000000000000000000000000000000
00000000000000000000000000000000000000000000000000000000000000000000000000000000
00000000000000000000000000000000000000000000000000000000000000000000000000000000
00000000000000000000000000000000000000000000000000000000000000000000000000000000
00000000000000000000000000000000000000000000000000000000000000000000000000000000
00000000000000000000000000000000000000000000000000000000000000000000000000000000
00000000000000000000000000000000000000000000000000000000000000000000000000000000
00000000000000000000000000000000000000000000000000000000000000000000000000000000
00000000000000000000000000000000000000000000000000000000000000000000000000000000
00000000000000000000000000000000000000000000000000000000000000000000000000000000
00000000000000000000000000000000000000000000000000000000000000000000000000000000
00000000000000000000000000000000000000000000000000000000000000000000000000000000
00000000000000000000000000000000000000000000000000000000000000000000000000000000
00000000000000000000000000000000000000000000000000000000000000000000000000000000
00000000000000000000000000000000000000000000000000000000000000000000000000000000
00000000000000000000000000000000000000000000000000000000000000000000000000000000
