00000000000000000000000000000000000000000000000000000000000000000000000000000000
00000000000000000000000000000000000000000000000000000000000000000000000000000000
00000000000000000000000000000000000000000000000000000000000000000000000000000000
00000000000000000000000000000000000000000000000000000000000000000000000000000000
00000000000000000000000000000000000000000000000000000000000000000000000000000000
00000000000000000000000000000000000000000000000000000000000000000000000000000000
00000000000000000000000000000000000000000000000000000000000000000000000000000000
00000000000000000000000000000000000000000000000000000000000000000000000000000000
00000000000000000000000000000000000000000000000000000000000000000000000000000000
00000000000000000000000000000000000000000000000000000000000000000000000000000000
00000000000000000000000000000000000000000000000000000000000000000000000000000000
00000000000000000000000000000000000000000000000000000000000000000000000000000000
00000000000000000000000000000000000000000000000000000000000000000000000000000000
00000000000000000000000000000000000000000000000000000000000000000000000000000000
00000000000000000000000000010000100000000000000000000000000000000000000000000000
00000000000000000000000000010000100000000000000000000000000000000000000000000000
00000000000000000000000000010000100000000000000000000000000000000000000000000000
00000000000000000000000000010000100000000111100000000000000000000000000000000000
00000000000000000000000000010000100111111000100000000000000000000000000000000000
00000000000000000000000000100000111000000000100000000000000000000000000000000000
00000000000000000000000000100001000010000000100000000000000000000000000000000000
00000000000000000000000001100001000001000001000000000000000000000000000000000000
00000000000000000000000011100011000001000000000000000000000000000000000000000000
00000000000000000000000110100110000001100000000000000000000000000000000000000000
00000000000000000000011100100100000000100000000000000000000000000000000000000000
00000000000000000000000000100000000000100000000000000000000000000000000000000000
00000000000000000000000000100000001000110110000000000000000000000000000000000000
00000000000000000000000000100000001000010010000000000000000000000000000000000000
00000000000000000000000000100000011000010001100000000000000000000000000000000000
00000000000000000000000000100000010000010000111000000000000000000000000000000000
00000000000000000000000000100000110100010000001110000000000000000000000000000000
00000000000000000000000000100001100100010000000000000000000000000000000000000000
00000000000000000000000000100001000100010000000000000000000000000000000000000000
00000000000000000000000000100000000110010000000000000000000000000000000000000000
00000000000000000000000000100000000011010000000000000000000000000000000000000000
00000000000000000000000000100000000001110000000000000000000000000000000000000000
00000000000000000000000000100000000000000000000000000000000000000000000000000000
00000000000000000000000000110000000000000000000000000000000000000000000000000000
00000000000000000000000000000000000000000000000000000000000000000000000000000000
00000000000000000000000000000000000000000000000000000000000000000000000000000000
00000000000000000000000000000000000000000000000000000000000000000000000000000000
00000000000000000000000000000000000000000000000000000000000000000000000000000000
00000000000000000000000000000000000000000000000000000000000000000000000000000000
00000000000000000000000000000000000000000000000000000000000000000000000000000000
00000000000000000000000000000000000000000000000000000000000000000000000000000000
00000000000000000000000000000000000000000000000000000000000000000000000000000000
00000000000000000000000000000000000000000000000000000000000000000000000000000000
00000000000000000000000000000000000000000000000000000000000000000000000000000000
00000000000000000000000000000000000000000000000000000000000000000000000000000000
00000000000000000000000000000000000000000000000000000000000000000000000000000000
00000000000000000000000000000000000000000000000000000000000000000000000000000000
00000000000000000000000000000000000000000000000000000000000000000000000000000000
00000000000000000000000000000000000000000000000000000000000000000000000000000000
00000000000000000000000000000000000000000000000000000000000000000000000000000000
00000000000000000000000000000000000000000000000000000000000000000000000000000000
00000000000000000000000000000000000000000000000000000000000000000000000000000000
00000000000000000000000000000000000000000000000000000000000000000000000000000000
00000000000000000000000000000000000000000000000000000000000000000000000000000000
00000000000000000000000000000000000000000000000000000000000000000000000000000000
00000000000000000000000000000000000000000000000000000000000000000000000000000000
