00000000000000000000000000000000000000000000000000000000000000000000000000000000
00000000000000000000000000000000000000000000000000000000000000000000000000000000
00000000000000000000000000000000000000000000000000000000000000000000000000000000
00000000000000000000000000000000000000000000000000000000000000000000000000000000
00000000000000000000000000000000000000000000000000000000000000000000000000000000
00000000000000000000000000000000000000000000000000000000000000000000000000000000
00000000000000000000000000000000000000000000000000000000000000000000000000000000
00000000000000000000000000000000000000000000000000000000000000000000000000000000
00000000000000000000000000000000000000000000000000000000000000000000000000000000
00000000000000000000000000000000000000000000000000000000000000000000000000000000
00000000000000000000000000000000000000000000000000000000000000000000000000000000
00000000000000000000000000000000000000000000000000000000000000000000000000000000
00000000000000000000000000000000000000000000010000000000000000000000000000000000
00000000000000000000000000000000000000000000010000000000000000000000000000000000
00000000000000000000000000000000000000000000010001000000000000000000000000000000
00000000000000000000000000000000000000000000010001000000000000000000000000000000
00000000000000000000000000000000000000000000010001000000000000000000000000000000
00000000000000000000000000000000000000000000100001000001111110000000000000000000
00000000000000000000000000000000000000000001100001001111000010000000000000000000
00000000000000000000000000000000000000000011000001111100000010000000000000000000
00000000000000000000000000000000000000000110000001000110000110000000000000000000
00000000000000000000000000000000000000000110000001000011111100000000000000000000
00000000000000000000000000000000000000011010000011000011000000000000000000000000
00000000000000000000000000000000000001110011000010000001000000000000000000000000
00000000000000000000000000000000001111000001000110000001000000000000000000000000
00000000000000000000000000000000000000000001000100000001111000000000000000000000
00000000000000000000000000000000000000000001000000001000101100000000000000000000
00000000000000000000000000000000000000000001000000011000100011000000000000000000
00000000000000000000000000000000000000000001000000010000100001100000000000000000
00000000000000000000000000000000000000000001000000010000100000110000000000000000
00000000000000000000000000000000000000000001000000110000100000001100000000000000
00000000000000000000000000000000000000000001000000100000010000000111000000000000
00000000000000000000000000000000000000000001000001100100010000000000000000000000
00000000000000000000000000000000000000000001000011000100010000000000000000000000
00000000000000000000000000000000000000000001100000000110010000000000000000000000
00000000000000000000000000000000000000000001000000000011110000000000000000000000
00000000000000000000000000000000000000000001000000000001100000000000000000000000
00000000000000000000000000000000000000000001000000000000000000000000000000000000
00000000000000000000000000000000000000000000000000000000000000000000000000000000
00000000000000000000000000000000000000000000000000000000000000000000000000000000
00000000000000000000000000000000000000000000000000000000000000000000000000000000
00000000000000000000000000000000000000000000000000000000000000000000000000000000
00000000000000000000000000000000000000000000000000000000000000000000000000000000
00000000000000000000000000000000000000000000000000000000000000000000000000000000
00000000000000000000000000000000000000000000000000000000000000000000000000000000
00000000000000000000000000000000000000000000000000000000000000000000000000000000
00000000000000000000000000000000000000000000000000000000000000000000000000000000
00000000000000000000000000000000000000000000000000000000000000000000000000000000
00000000000000000000000000000000000000000000000000000000000000000000000000000000
00000000000000000000000000000000000000000000000000000000000000000000000000000000
00000000000000000000000000000000000000000000000000000000000000000000000000000000
00000000000000000000000000000000000000000000000000000000000000000000000000000000
00000000000000000000000000000000000000000000000000000000000000000000000000000000
00000000000000000000000000000000000000000000000000000000000000000000000000000000
00000000000000000000000000000000000000000000000000000000000000000000000000000000
00000000000000000000000000000000000000000000000000000000000000000000000000000000
00000000000000000000000000000000000000000000000000000000000000000000000000000000
00000000000000000000000000000000000000000000000000000000000000000000000000000000
00000000000000000000000000000000000000000000000000000000000000000000000000000000
00000000000000000000000000000000000000000000000000000000000000000000000000000000
