00000000000000000000000000000000000000000000000000000000000000000000000000000000
00000000000000000000000000000000000000000000000000000000000000000000000000000000
00000000000000000000000000000000000000000000000000000000000000000000000000000000
00000000000000000000000000000000000000000000000000000000000000000000000000000000
00000000000000000000000000000000000000000000000000000000000000000000000000000000
00000000000000000000000000000000000000000000000000000000000000000000000000000000
00000000000000000000000000000000000000000000000000000000000000000000000000000000
00000000000000000000000000000000000000000000000000000000000000000000000000000000
00000000000000000000000000000000000000000000000000000000000000000000000000000000
00000000000000000000000000000000000000000000000000000000000000000000000000000000
00000000000000000000000000000000000000000000000000000000000000000000000000000000
00000000000000000000000000000000000000000000000000000000000000000000000000000000
00000000000000000000000000000000000000000000000000000000000000000000000000000000
00000000000000000000000000000000000000000000000000000000000000000000000000000000
00000000000000000000000000000000000000000000000000000000000000000000000000000000
00000000000000000000000000000000000000000000000000000000000000000000000000000000
00000000000000000000000000000000001000000000000000000000000000000000000000000000
00000000000000000000000000000000001000000000000000000000000000000000000000000000
00000000000000000000000000000000001000000000000000000000000000000000000000000000
00000000000000000000000000000000001001000000000000000000000000000000000000000000
00000000000000000000000000000000001001000000000000000000000000000000000000000000
00000000000000000000000000000000010001000000000000000000000000000000000000000000
00000000000000000000000000000000100001000001111111000000000000000000000000000000
00000000000000000000000000000001100001011111000001000000000000000000000000000000
00000000000000000000000000000001000001000000000001000000000000000000000000000000
00000000000000000000000000000011100001000010000011000000000000000000000000000000
00000000000000000000000000000100100001000011000010000000000000000000000000000000
00000000000000000000000000011000100011000001000000000000000000000000000000000000
00000000000000000000000000110000100010000000100000000000000000000000000000000000
00000000000000000000000011000000100110000000100000000000000000000000000000000000
00000000000000000000000000000000010100000100010111000000000000000000000000000000
00000000000000000000000000000000010000000100010000110000000000000000000000000000
00000000000000000000000000000000010000000100010000001110000000000000000000000000
00000000000000000000000000000000010000001100011000000011000000000000000000000000
00000000000000000000000000000000010000001000001000000000000000000000000000000000
00000000000000000000000000000000010000001000001000000000000000000000000000000000
00000000000000000000000000000000001000010000001000000000000000000000000000000000
00000000000000000000000000000000001000010000001000000000000000000000000000000000
00000000000000000000000000000000001000000000001000000000000000000000000000000000
00000000000000000000000000000000001000000011001000000000000000000000000000000000
00000000000000000000000000000000001000000001010000000000000000000000000000000000
00000000000000000000000000000000001000000000110000000000000000000000000000000000
00000000000000000000000000000000001000000000110000000000000000000000000000000000
00000000000000000000000000000000000000000000000000000000000000000000000000000000
00000000000000000000000000000000000000000000000000000000000000000000000000000000
00000000000000000000000000000000000000000000000000000000000000000000000000000000
00000000000000000000000000000000000000000000000000000000000000000000000000000000
00000000000000000000000000000000000000000000000000000000000000000000000000000000
00000000000000000000000000000000000000000000000000000000000000000000000000000000
00000000000000000000000000000000000000000000000000000000000000000000000000000000
00000000000000000000000000000000000000000000000000000000000000000000000000000000
00000000000000000000000000000000000000000000000000000000000000000000000000000000
00000000000000000000000000000000000000000000000000000000000000000000000000000000
00000000000000000000000000000000000000000000000000000000000000000000000000000000
00000000000000000000000000000000000000000000000000000000000000000000000000000000
00000000000000000000000000000000000000000000000000000000000000000000000000000000
00000000000000000000000000000000000000000000000000000000000000000000000000000000
00000000000000000000000000000000000000000000000000000000000000000000000000000000
00000000000000000000000000000000000000000000000000000000000000000000000000000000
00000000000000000000000000000000000000000000000000000000000000000000000000000000
