00000000000000000000000000000000000000000000000000000000000000000000000000000000
00000000000000000000000000000000000000000000000000000000000000000000000000000000
00000000000000000000000000000000000000000000000000000000000000000000000000000000
00000000000000000000000000000000000000000000000000000000000000000000000000000000
00000000000000000000000000000000000000000000000000000000000000000000000000000000
00000000000000000000000000000000000000000000000000000000000000000000000000000000
00000000000000000000000000000000000000000000000000000000000000000000000000000000
00000000000000000000000000000000000000000000000000000000000000000000000000000000
00000000000000000000000000000000000000000000000000000000000000000000000000000000
00000000000000000000000000000000000000000000000000000000000000000000000000000000
00000000000000000000000000000000000000000000000000000000000000000000000000000000
00000000000000000000000000000000000000000000000000000000000000000000000000000000
00000000000000000000000000000000000000000000000000000000000000000000000000000000
00000000000000000000000000000000000000000000000000000000000000000000000000000000
00000000000000000000000000000000000000000000000000000000000000000000000000000000
00000000000000000000000000000000000000000000000000000000000000000000000000000000
00000000000000000000000000000000000000000000000000000000000000000000000000000000
00000000000000000000000000000000010001000000000000000000000000000000000000000000
00000000000000000000000000000000010001000000000000000000000000000000000000000000
00000000000000000000000000000000010001000000000000000000000000000000000000000000
00000000000000000000000000000000110011111111111100000000000000000000000000000000
00000000000000000000000000000001100111000100111100000000000000000000000000000000
00000000000000000000000000000011000100000100000000000000000000000000000000000000
00000000000000000000000000000010001100000100000000000000000000000000000000000000
00000000000000000000000000001110011000000100000000000000000000000000000000000000
00000000000000000000000000011010000000000110010000000000000000000000000000000000
00000000000000000000000001110010000000000010011000000000000000000000000000000000
00000000000000000000000011000010000001000010001100000000000000000000000000000000
00000000000000000000000000000010000001000010000110000000000000000000000000000000
00000000000000000000000000000010000001000010000011000000000000000000000000000000
00000000000000000000000000000010000011100010000001100000000000000000000000000000
00000000000000000000000000000010000010100010000000111110000000000000000000000000
00000000000000000000000000000010000110110010000000000000000000000000000000000000
00000000000000000000000000000010000100010010000000000000000000000000000000000000
00000000000000000000000000000010000000001110000000000000000000000000000000000000
00000000000000000000000000000010000000000100000000000000000000000000000000000000
00000000000000000000000000000010000000000000000000000000000000000000000000000000
00000000000000000000000000000010000000000000000000000000000000000000000000000000
00000000000000000000000000000010000000000000000000000000000000000000000000000000
00000000000000000000000000000010000000000000000000000000000000000000000000000000
00000000000000000000000000000010000000000000000000000000000000000000000000000000
00000000000000000000000000000000000000000000000000000000000000000000000000000000
00000000000000000000000000000000000000000000000000000000000000000000000000000000
00000000000000000000000000000000000000000000000000000000000000000000000000000000
00000000000000000000000000000000000000000000000000000000000000000000000000000000
00000000000000000000000000000000000000000000000000000000000000000000000000000000
00000000000000000000000000000000000000000000000000000000000000000000000000000000
00000000000000000000000000000000000000000000000000000000000000000000000000000000
00000000000000000000000000000000000000000000000000000000000000000000000000000000
00000000000000000000000000000000000000000000000000000000000000000000000000000000
00000000000000000000000000000000000000000000000000000000000000000000000000000000
00000000000000000000000000000000000000000000000000000000000000000000000000000000
00000000000000000000000000000000000000000000000000000000000000000000000000000000
00000000000000000000000000000000000000000000000000000000000000000000000000000000
00000000000000000000000000000000000000000000000000000000000000000000000000000000
00000000000000000000000000000000000000000000000000000000000000000000000000000000
00000000000000000000000000000000000000000000000000000000000000000000000000000000
00000000000000000000000000000000000000000000000000000000000000000000000000000000
00000000000000000000000000000000000000000000000000000000000000000000000000000000
00000000000000000000000000000000000000000000000000000000000000000000000000000000
