00000000000000000000000000000000000000000000000000000000000000000000000000000000
00000000000000000000000000000000000000000000000000000000000000000000000000000000
00000000000000000000000000000000000000000000000000000000000000000000000000000000
00000000000000000000000000000000000000000000000000000000000000000000000000000000
00000000000000000000000000000000000000000000000000000000000000000000000000000000
00000000000000000000000000000000000000000000000000000000000000000000000000000000
00000000000000000000000000000000000000000000000000000000000000000000000000000000
00000000000000000000000000000000000000000000000000000000000000000000000000000000
00000000000000000000000000000000000000000000000000000000000000000000000000000000
00000000000000000000000000000000011000000000000000000000000000000000000000000000
00000000000000000000000000000000010000000000000000000000000000000000000000000000
00000000000000000000000000000000100000000000000000000000000000000000000000000000
00000000000000000000000000000001100011000000000000000000000000000000000000000000
00000000000000000000000000000011000010000000000000000000000000000000000000000000
00000000000000000000000000000010000010000000000000000000000000000000000000000000
00000000000000000000000000000110000100000000000000000000000000000000000000000000
00000000000000000000000000001100000100001111111000000000000000000000000000000000
00000000000000000000000000001100001111111000001000000000000000000000000000000000
00000000000000000000000000011100001100000000001000000000000000000000000000000000
00000000000000000000000000010100010000100000011000000000000000000000000000000000
00000000000000000000000000100100110000100000110000000000000000000000000000000000
00000000000000000000000000100101100000111111000000000000000000000000000000000000
00000000000000000000000001000101000000100000000000000000000000000000000000000000
00000000000000000000000011000110000000100000000000000000000000000000000000000000
00000000000000000000000010000110000000101100000000000000000000000000000000000000
00000000000000000000000110001100001000100110000000000000000000000000000000000000
00000000000000000000000100001000001000100011000000000000000000000000000000000000
00000000000000000000001100001000001000100001100000000000000000000000000000000000
00000000000000000000000000001000001000100000010000000000000000000000000000000000
00000000000000000000000000001000011000100000001100000000000000000000000000000000
00000000000000000000000000001000010000100000000110000000000000000000000000000000
00000000000000000000000000001000110000100000000011000000000000000000000000000000
00000000000000000000000000001000100001100000000001000000000000000000000000000000
00000000000000000000000000001000100001100000000000000000000000000000000000000000
00000000000000000000000000010000000000100000000000000000000000000000000000000000
00000000000000000000000000010000000000100000000000000000000000000000000000000000
00000000000000000000000000010000000000000000000000000000000000000000000000000000
00000000000000000000000000000000000000000000000000000000000000000000000000000000
00000000000000000000000000000000000000000000000000000000000000000000000000000000
00000000000000000000000000000000000000000000000000000000000000000000000000000000
00000000000000000000000000000000000000000000000000000000000000000000000000000000
00000000000000000000000000000000000000000000000000000000000000000000000000000000
00000000000000000000000000000000000000000000000000000000000000000000000000000000
00000000000000000000000000000000000000000000000000000000000000000000000000000000
00000000000000000000000000000000000000000000000000000000000000000000000000000000
00000000000000000000000000000000000000000000000000000000000000000000000000000000
00000000000000000000000000000000000000000000000000000000000000000000000000000000
00000000000000000000000000000000000000000000000000000000000000000000000000000000
00000000000000000000000000000000000000000000000000000000000000000000000000000000
00000000000000000000000000000000000000000000000000000000000000000000000000000000
00000000000000000000000000000000000000000000000000000000000000000000000000000000
00000000000000000000000000000000000000000000000000000000000000000000000000000000
00000000000000000000000000000000000000000000000000000000000000000000000000000000
00000000000000000000000000000000000000000000000000000000000000000000000000000000
00000000000000000000000000000000000000000000000000000000000000000000000000000000
00000000000000000000000000000000000000000000000000000000000000000000000000000000
00000000000000000000000000000000000000000000000000000000000000000000000000000000
00000000000000000000000000000000000000000000000000000000000000000000000000000000
00000000000000000000000000000000000000000000000000000000000000000000000000000000
00000000000000000000000000000000000000000000000000000000000000000000000000000000
