00000000000000000000000000000000000000000000000000000000000000000000000000000000
00000000000000000000000000000000000000000000000000000000000000000000000000000000
00000000000000000000000000000000000000000000000000000000000000000000000000000000
00000000000000000000000000000000000000000000000000000000000000000000000000000000
00000000000000000000000000000000000000000000000000000000000000000000000000000000
00000000000000000000000000000000000000000000000000000000000000000000000000000000
00000000000000000000000000000000000000000000000000000000000000000000000000000000
00000000000000000000000000000000000000000000000000000000000000000000000000000000
00000000000000000000000000000000000000000000000000000000000000000000000000000000
00000000000000000000000000000000000000000000000000000000000000000000000000000000
00000000000000000000000000000000000000000000000000000000000000000000000000000000
00000000000000000000000000000000000000000000000000000000000000000000000000000000
00000000000000000000000000000000000000000000000000000000000000000000000000000000
00000000000000000000000000000000000000000000000000000000000000000000000000000000
00000000000000000000000000000000000000000000000000000000000000000000000000000000
00000000000000000000000000000000000000000000000000000000000000000000000000000000
00000000000000000000000000000000000000000000000000000000000000000000000000000000
00000000000000000000000000000001000000000000000000000000000000000000000000000000
00000000000000000000000000000000000000000000000000000000000000000000000000000000
00000000000000000000000000000000001000000000000000000000000000000000000000000000
00000000000000000000000000000000011000000000000000000000000000000000000000000000
00000000000000000000000000000000010000000111111111000000000000000000000000000000
00000000000000000000000000000000010111111000000001000000000000000000000000000000
00000000000000000000000000100000111100000000000011000000000000000000000000000000
00000000000000000000000000110000100000100000000010000000000000000000000000000000
00000000000000000000001110010001100000110000011100000000000000000000000000000000
00000000000000000000011000010001000000010001110000000000000000000000000000000000
00000000000000000000000000010000000000011000000000000000000000000000000000000000
00000000000000000000000000010000000000001000000000000000000000000000000000000000
00000000000000000000000000010000000000001000000000000000000000000000000000000000
00000000000000000000000000001000000100001000110000000000000000000000000000000000
00000000000000000000000000001000000100001000011000000000000000000000000000000000
00000000000000000000000000001000000100001000001100000000000000000000000000000000
00000000000000000000000000001000001100001000000110000000000000000000000000000000
00000000000000000000000000001000001100001000000011100000000000000000000000000000
00000000000000000000000000001000011100001000000000110000000000000000000000000000
00000000000000000000000000001000110100001000000000011000000000000000000000000000
00000000000000000000000000001001100010001000000000000000000000000000000000000000
00000000000000000000000000001000000011001000000000000000000000000000000000000000
00000000000000000000000000001000000001001000000000000000000000000000000000000000
00000000000000000000000000001000000001101000000000000000000000000000000000000000
00000000000000000000000000000000000000111000000000000000000000000000000000000000
00000000000000000000000000000000000000000000000000000000000000000000000000000000
00000000000000000000000000000000000000000000000000000000000000000000000000000000
00000000000000000000000000000000000000000000000000000000000000000000000000000000
00000000000000000000000000000000000000000000000000000000000000000000000000000000
00000000000000000000000000000000000000000000000000000000000000000000000000000000
00000000000000000000000000000000000000000000000000000000000000000000000000000000
00000000000000000000000000000000000000000000000000000000000000000000000000000000
00000000000000000000000000000000000000000000000000000000000000000000000000000000
00000000000000000000000000000000000000000000000000000000000000000000000000000000
00000000000000000000000000000000000000000000000000000000000000000000000000000000
00000000000000000000000000000000000000000000000000000000000000000000000000000000
00000000000000000000000000000000000000000000000000000000000000000000000000000000
00000000000000000000000000000000000000000000000000000000000000000000000000000000
00000000000000000000000000000000000000000000000000000000000000000000000000000000
00000000000000000000000000000000000000000000000000000000000000000000000000000000
00000000000000000000000000000000000000000000000000000000000000000000000000000000
00000000000000000000000000000000000000000000000000000000000000000000000000000000
00000000000000000000000000000000000000000000000000000000000000000000000000000000
