00000000000000000000000000000000000000000000000000000000000000000000000000000000
00000000000000000000000000000000000000000000000000000000000000000000000000000000
00000000000000000000000000000000000000000000000000000000000000000000000000000000
00000000000000000000000000000000000000000000000000000000000000000000000000000000
00000000000000000000000000000000000000000000000000000000000000000000000000000000
00000000000000000000000000000000000000000000000000000000000000000000000000000000
00000000000000000000000000000000000000000000000000000000000000000000000000000000
00000000000000000000000000000000000000000000000000000000000000000000000000000000
00000000000000000000000000000000000000000000000000000000000000000000000000000000
00000000000000000000000000000000000000000000000000000000000000000000000000000000
00000000000000000000000000000000000000000000000000000000000000000000000000000000
00000000000000000000000000000000000000000000000000000000000000000000000000000000
00000000000000000000000000000010000000000000000000000000000000000000000000000000
00000000000000000000000000000010000000000000000000000000000000000000000000000000
00000000000000000000000000000110000000000000000000000000000000000000000000000000
00000000000000000000000000000101000000000000000000000000000000000000000000000000
00000000000000000000000000001101000000000000000000000000000000000000000000000000
00000000000000000000000000011001000000000000000000000000000000000000000000000000
00000000000000000000000000110001000000111111110000000000000000000000000000000000
00000000000000000000000001100001011111000000010000000000000000000000000000000000
00000000000000000000000111000001110000100000010000000000000000000000000000000000
00000000000000000000111001000001000000100000110000000000000000000000000000000000
00000000000000000111000001000001000000110011100000000000000000000000000000000000
00000000000001111100000001000001000000010100000000000000000000000000000000000000
00000000000000000000000001000011000000010000000000000000000000000000000000000000
00000000000000000000000000100110000000010000000000000000000000000000000000000000
00000000000000000000000000100000000100011001100000000000000000000000000000000000
00000000000000000000000000100000000100001000110000000000000000000000000000000000
00000000000000000000000000100000000100001000010000000000000000000000000000000000
00000000000000000000000000100000000100001000001000000000000000000000000000000000
00000000000000000000000000100000000100001000000100000000000000000000000000000000
00000000000000000000000000100000000100001000000011000000000000000000000000000000
00000000000000000000000000100000001100001000000001100000000000000000000000000000
00000000000000000000000000100000001000001000000000110000000000000000000000000000
00000000000000000000000000100000011000001000000000011000000000000000000000000000
00000000000000000000000000100000010000001000000000001100000000000000000000000000
00000000000000000000000000100000110100001000000000000000000000000000000000000000
00000000000000000000000000100001100100001000000000000000000000000000000000000000
00000000000000000000000000100000000010001000000000000000000000000000000000000000
00000000000000000000000000100000000001001000000000000000000000000000000000000000
00000000000000000000000000100000000001001000000000000000000000000000000000000000
00000000000000000000000000100000000000101000000000000000000000000000000000000000
00000000000000000000000000000000000000110000000000000000000000000000000000000000
00000000000000000000000000000000000000000000000000000000000000000000000000000000
00000000000000000000000000000000000000000000000000000000000000000000000000000000
00000000000000000000000000000000000000000000000000000000000000000000000000000000
00000000000000000000000000000000000000000000000000000000000000000000000000000000
00000000000000000000000000000000000000000000000000000000000000000000000000000000
00000000000000000000000000000000000000000000000000000000000000000000000000000000
00000000000000000000000000000000000000000000000000000000000000000000000000000000
00000000000000000000000000000000000000000000000000000000000000000000000000000000
00000000000000000000000000000000000000000000000000000000000000000000000000000000
00000000000000000000000000000000000000000000000000000000000000000000000000000000
00000000000000000000000000000000000000000000000000000000000000000000000000000000
00000000000000000000000000000000000000000000000000000000000000000000000000000000
00000000000000000000000000000000000000000000000000000000000000000000000000000000
00000000000000000000000000000000000000000000000000000000000000000000000000000000
00000000000000000000000000000000000000000000000000000000000000000000000000000000
00000000000000000000000000000000000000000000000000000000000000000000000000000000
00000000000000000000000000000000000000000000000000000000000000000000000000000000
