00000000000000000000000000000000000000000000000000000000000000000000000000000000
00000000000000000000000000000000000000000000000000000000000000000000000000000000
00000000000000000000000000000000000000000000000000000000000000000000000000000000
00000000000000000000000000000000000000000000000000000000000000000000000000000000
00000000000000000000000000000000000000000000000000000000000000000000000000000000
00000000000000000000000000000000000000000000000000000000000000000000000000000000
00000000000000000000000000000000000000000000000000000000000000000000000000000000
00000000000000000000000000110000000000000000000000000000000000000000000000000000
00000000000000000000000001110000000000000000000000000000000000000000000000000000
00000000000000000000000001100000001000000000000000000000000000000000000000000000
00000000000000000000000011000000001000000000000000000000000000000000000000000000
00000000000000000000000110000000001000000000000000000000000000000000000000000000
00000000000000000000011100000000001000000000000000000000000000000000000000000000
00000000000000000000111000000000001000000000000000000000000000000000000000000000
00000000000000000000110000000000001000000000000000000000000000000000000000000000
00000000000000000001100000000000001000000000000001111111111111110000000000000000
00000000000000000111111000000000001000000111111111100000000000010000000000000000
00000000000000001111011000000000011001111110000000000000000000010000000000000000
00000000000000001100001000000001111111100000000000000000000011110000000000000000
00000000000000011000001000000011110000000000000000001111111110000000000000000000
00000000000001110000001100000011100000000010000001111100000000000000000000000000
00000000000111100000000100000011000000000011000000000000000000000000000000000000
00000000000110000000000100000111000000000011000000000000000000000000000000000000
00000000111100000000000100000110000000000001000000000000000000000000000000000000
00000000000000000000000100000000000000000001000000000000000000000000000000000000
00000000000000000000000100000000000000000001100000000000000000000000000000000000
00000000000000000000000100000000000000000001100000000000000000000000000000000000
00000000000000000000000100000000000000000000100000000000000000000000000000000000
00000000000000000000000100000000000000000000100000000000000000000000000000000000
00000000000000000000000100000000000001100000100000000000000000000000000000000000
00000000000000000000000100000000000000100000110000000000000000000000000000000000
00000000000000000000000100000000000000100000110000000000000000000000000000000000
00000000000000000000000100000000000000100000010111110000000000000000000000000000
00000000000000000000000100000000000000100000010000011000000000000000000000000000
00000000000000000000000100000000000000100000010000001110000000000000000000000000
00000000000000000000000100000000000000100000010000000111000000000000000000000000
00000000000000000000000100000000000001100000011000000011000000000000000000000000
00000000000000000000000100000000000111100000011000000001100000000000000000000000
00000000000000000000000100000000000111000000001000000000111000000000000000000000
00000000000000000000000100000000000110000000001000000000011100000000000000000000
00000000000000000000000100000000001111000000001000000000001100000000000000000000
00000000000000000000000100000000011011000000001000000000000110000000000000000000
00000000000000000000000100000000110001100000001000000000000011000000000000000000
00000000000000000000000100000001100001110000001000000000000000000000000000000000
00000000000000000000000100000011100000110000001000000000000000000000000000000000
00000000000000000000000100000010000000011000001000000000000000000000000000000000
00000000000000000000000100000000000000001100001000000000000000000000000000000000
00000000000000000000000100000000000000000110001000000000000000000000000000000000
00000000000000000000000100000000000000000111111000000000000000000000000000000000
00000000000000000000000100000000000000000000000000000000000000000000000000000000
00000000000000000000000000000000000000000000000000000000000000000000000000000000
00000000000000000000000000000000000000000000000000000000000000000000000000000000
00000000000000000000000000000000000000000000000000000000000000000000000000000000
00000000000000000000000000000000000000000000000000000000000000000000000000000000
00000000000000000000000000000000000000000000000000000000000000000000000000000000
00000000000000000000000000000000000000000000000000000000000000000000000000000000
00000000000000000000000000000000000000000000000000000000000000000000000000000000
00000000000000000000000000000000000000000000000000000000000000000000000000000000
00000000000000000000000000000000000000000000000000000000000000000000000000000000
00000000000000000000000000000000000000000000000000000000000000000000000000000000
