00000000000000000000000000000000000000000000000000000000000000000000000000000000
00000000000000000000000000000000000000000000000000000000000000000000000000000000
00000000000000000000000000000000000000000000000000000000000000000000000000000000
00000000000000000000000000000000000000000000000000000000000000000000000000000000
00000000000000000000000000000000000000000000000000000000000000000000000000000000
00000000000000000000000000000000000000000000000000000000000000000000000000000000
00000000000000000000000000000000000000000000000000000000000000000000000000000000
00000000000000000000000000000000000000000000000000000000000000000000000000000000
00000000000000000000000000000000000000000000000000000000000000000000000000000000
00000000000000000000000000000000000001000000000000000000000000000000000000000000
00000000000000000000000000000000000001000000000000000000000000000000000000000000
00000000000000000000000000000000000001000000000000000000000000000000000000000000
00000000000000000000000000000000000001000000000000000000000000000000000000000000
00000000000000000000000000000000000001000000000000000000000000000000000000000000
00000000000000000000000000000000000011000000001100000000000000000000000000000000
00000000000000000000000000000000000111000000000100000000000000000000000000000000
00000000000000000000000000000000000110000000000100000000000000000000000000000000
00000000000000000000000000000000001100000000000100000000000000000000000000000000
00000000000000000000000000000000011100000000000100000000000000000000000000000000
00000000000000000000000000000000011000000000000100000000000000000000000000000000
00000000000000000000000000000001110000000000000100000011111111111111000000000000
00000000000000000000000000000011100000000000000100011110000000000001000000000000
00000000000000000000000000000111100000000000000111110000000000000001000000000000
00000000000000000000000000001110100000000001111111011000000000000011000000000000
00000000000000000000000000011100100000000000001100011000000000000011000000000000
00000000000000000000000000111000100000000000111000001000000000001110000000000000
00000000000000000000000001110000100000000000110000001000000000111100000000000000
00000000000000000000001111100000100000000000100000001000000000000000000000000000
00000000000000000000011100000000100000000001100000001100000000000000000000000000
00000000000000000111111000000000100000000011000000001100000000000000000000000000
00000000000000000000000000000000100000001110000000000100000000000000000000000000
00000000000000000000000000000000100000001100000000000100000000000000000000000000
00000000000000000000000000000000100000011000000000000100000000000000000000000000
00000000000000000000000000000000100000000000000000000100000000000000000000000000
00000000000000000000000000000000100000000000000010000100000000000000000000000000
00000000000000000000000000000000100000000000000010000100000000000000000000000000
00000000000000000000000000000000100000000000000010000100000000000000000000000000
00000000000000000000000000000000100000000000000110000100111110000000000000000000
00000000000000000000000000000000100000000000000110000100000110000000000000000000
00000000000000000000000000000000100000000000001100000100000011000000000000000000
00000000000000000000000000000000100000000000011100000100000001110000000000000000
00000000000000000000000000000000100000000000110000000100000000111000000000000000
00000000000000000000000000000000100000000001110000000100000000011100000000000000
00000000000000000000000000000000100000000011100000000100000000000110000000000000
00000000000000000000000000000000100000011111000000000100000000000111100000000000
00000000000000000000000000000000100000111001000000000100000000000001110000000000
00000000000000000000000000000000100001110001000000000100000000000000011100000000
00000000000000000000000000000000100000000001100000000100000000000000000000000000
00000000000000000000000000000000100000000001100000000100000000000000000000000000
00000000000000000000000000000000100000000001110000000100000000000000000000000000
00000000000000000000000000000000100000000000010000000100000000000000000000000000
00000000000000000000000000000000100000000000011000000100000000000000000000000000
00000000000000000000000000000000100000000000001100000100000000000000000000000000
00000000000000000000000000000000100000000000000110000100000000000000000000000000
00000000000000000000000000000000100000000000000111001100000000000000000000000000
00000000000000000000000000000000100000000000000001111100000000000000000000000000
00000000000000000000000000000000100000000000000000000000000000000000000000000000
00000000000000000000000000000000100000000000000000000000000000000000000000000000
00000000000000000000000000000000100000000000000000000000000000000000000000000000
00000000000000000000000000000000000000000000000000000000000000000000000000000000
