00000000000000000000000000000000000000000000000000000000000000000000000000000000
00000000000000000000000000000000000000000000000000000000000000000000000000000000
00000000000000000000000000000000000000000000000000000000000000000000000000000000
00000000000000000000000000000000000000000000000000000000000000000000000000000000
00000000000000000000000000000000000000000000000000000000000000000000000000000000
00000000000000000000000000000000000000000000000000000000000000000000000000000000
00000000000000000000000000000000000000000000000000000000000000000000000000000000
00000000000000000000000000000000000000000000000000000000000000000000000000000000
00000000000000000000000000000000000000000000000000000000000000000000000000000000
00000000000000000000000000000000000000000000000000000000000000000000000000000000
00000000000000000000000001100000000000000000000000000000000000000000000000000000
00000000000000000000000011000000000000000000000000000000000000000000000000000000
00000000000000000000000011000000000001000000000000000000000000000000000000000000
00000000000000000000000110000000000001000000000000000000000000000000000000000000
00000000000000000000000110000000000001000000000000000000000000000000000000000000
00000000000000000000001100000000000001000000000000000000000000000000000000000000
00000000000000000000001100000000000001000000000000000000000000000000000000000000
00000000000000000000011000000000000001000000000000000000000000000000000000000000
00000000000000000000111000000000000001000000000000001111111111111111100000000000
00000000000000000001100000000000000001000011111111111000000000000000100000000000
00000000000000000011000000000000000001111111000000000000000000000000100000000000
00000000000000000110000000000000000011110000000000000000000000000000100000000000
00000000000000001110001100000000000011000010000000000000000000000000100000000000
00000000000000111000000100000000000111000011100000000000000000000000100000000000
00000000000111110000000110000000001110000000111000000000000000000000100000000000
00000000001110000000000110000000001100000000011100000000000000000001100000000000
00000000001100000000000110000000001100000000001100000000000000000011100000000000
00000000000000000000000010000000011000000000000110000000001111111110000000000000
00000000000000000000000010000000111000000000000010000000000000000000000000000000
00000000000000000000000010000001110000000000000011000000000000000000000000000000
00000000000000000000000010000001100000000000000011000000000000000000000000000000
00000000000000000000000010000001000000000010000001000000000000000000000000000000
00000000000000000000000010000000000000000010000001100000000000000000000000000000
00000000000000000000000010000000000000000010000000100000000000000000000000000000
00000000000000000000000010000000000000000010000000100000000000000000000000000000
00000000000000000000000010000000000000000010000000100000111110000000000000000000
00000000000000000000000010000000000000000110000000100000000111100000000000000000
00000000000000000000000010000000000000000110000000100000000001100000000000000000
00000000000000000000000010000000000000000100000000100000000000110000000000000000
00000000000000000000000010000000000000001100000000100000000000011100000000000000
00000000000000000000000010000000000000011100000000100000000000001110000000000000
00000000000000000000000010000000000000011000000000100000000000000110000000000000
00000000000000000000000010000000000000010000000000100000000000000011000000000000
00000000000000000000000010000000000000110000000000100000000000000001110000000000
00000000000000000000000010000000000001110001100000100000000000000000110000000000
00000000000000000000000010000000000011000001100000100000000000000000000000000000
00000000000000000000000010000000000110000001110000100000000000000000000000000000
00000000000000000000000010000000011110000000110000100000000000000000000000000000
00000000000000000000000010000000011000000000110000100000000000000000000000000000
00000000000000000000000010000000000000000000011000100000000000000000000000000000
00000000000000000000000000000000000000000000011000100000000000000000000000000000
00000000000000000000000000000000000000000000001100100000000000000000000000000000
00000000000000000000000000000000000000000000001110100000000000000000000000000000
00000000000000000000000000000000000000000000000111100000000000000000000000000000
00000000000000000000000000000000000000000000000000000000000000000000000000000000
00000000000000000000000000000000000000000000000000000000000000000000000000000000
00000000000000000000000000000000000000000000000000000000000000000000000000000000
00000000000000000000000000000000000000000000000000000000000000000000000000000000
00000000000000000000000000000000000000000000000000000000000000000000000000000000
00000000000000000000000000000000000000000000000000000000000000000000000000000000
