00000000000000000000000000000000000000000000000000000000000000000000000000000000
00000000000000000000000000000000000000000000000000000000000000000000000000000000
00000000000000000000000000000000000000000000000000000000000000000000000000000000
00000000000000000000000000000000000000000000000000000000000000000000000000000000
00000000000000000000000000000000000000000000000000000000000000000000000000000000
00000000000000000000000000000000000000000000000000000000000000000000000000000000
00000000000000000000000000000000000000000000000000000000000000000000000000000000
00000000000000000000000000000000000000000000000000000000000000000000000000000000
00000000000000000000000000000000000000000000000000000000000000000000000000000000
00000000000000000000000000000000000000000000000000000000000000000000000000000000
00000000000000000000000000000000000000000000000000000000000000000000000000000000
00000000000000000000000000000000000000000100000000000000000000000000000000000000
00000000000000000000000000000000000000000100000000000000000000000000000000000000
00000000000000000000000000000000000000000100000000000001000000000000000000000000
00000000000000000000000000000000000000000100000000000001000000000000000000000000
00000000000000000000000000000000000000000100000000000001000000000000000000000000
00000000000000000000000000000000000000000100000000000001000000000000000000000000
00000000000000000000000000000000000000000100000000000001000000000000000000000000
00000000000000000000000000000000000000001100000000000001000000000000000000000000
00000000000000000000000000000000000000001100000000000001000000000000000000000000
00000000000000000000000000000000000000011100000000000001000000000000000000000000
00000000000000000000000000000000000000110000000000000001000000000000000000000000
00000000000000000000000000000000000001110000000000000001000000000000000000000000
00000000000000000000000000000000000001100000000000000001000000000000000000000000
00000000000000000000000000000000000011000000000000000001000000000000000000000000
00000000000000000000000000000000000111000000000000000011000000011111111110000000
00000000000000000000000000000000001110000000000000000111111111110000000010000000
00000000000000000000000000000000001100000000000000011111110000000000000010000000
00000000000000000000000000000000011000000000000000111100000000000000000010000000
00000000000000000000000000000001110000111000000000011000000010000000000010000000
00000000000000000000000000000011100000001000000000111000000010000000000010000000
00000000000000000000000000000111000000001000000000110000000010000000001110000000
00000000000000000000000000011100000000001000000001100000000010000001111000000000
00000000000000000000000000111000000000001000000011000000000010000111100000000000
00000000000000000000000001100000000000001000000010000000000010000110000000000000
00000000000000000000000000000000000000001000000000000000000010000000000000000000
00000000000000000000000000000000000000001000000000000000000010000000000000000000
00000000000000000000000000000000000000001000000000000000000010000000000000000000
00000000000000000000000000000000000000001000000000001000000010000000000000000000
00000000000000000000000000000000000000001000000000001000000010000000000000000000
00000000000000000000000000000000000000001000000000001000000010000001111100000000
00000000000000000000000000000000000000001000000000001000000010000001101110000000
00000000000000000000000000000000000000001000000000011000000010000000000111000000
00000000000000000000000000000000000000001000000000011000000010000000000011100000
00000000000000000000000000000000000000001000000000110000000010000000000001110000
00000000000000000000000000000000000000001000000011100000000010000000000000111000
00000000000000000000000000000000000000001000000011000000000010000000000000011000
00000000000000000000000000000000000000001000000110001100000010000000000000000000
00000000000000000000000000000000000000001000001100000100000010000000000000000000
00000000000000000000000000000000000000001000000000000100000010000000000000000000
00000000000000000000000000000000000000001000000000000110000010000000000000000000
00000000000000000000000000000000000000001000000000000010000010000000000000000000
00000000000000000000000000000000000000001000000000000011000010000000000000000000
00000000000000000000000000000000000000001000000000000011100110000000000000000000
00000000000000000000000000000000000000001000000000000001111110000000000000000000
00000000000000000000000000000000000000001000000000000000000000000000000000000000
00000000000000000000000000000000000000001000000000000000000000000000000000000000
00000000000000000000000000000000000000000000000000000000000000000000000000000000
00000000000000000000000000000000000000000000000000000000000000000000000000000000
00000000000000000000000000000000000000000000000000000000000000000000000000000000
