00000000000000000000000000000000000000000000000000000000000000000000000000000000
00000000000000000000000000000000000000000000000000000000000000000000000000000000
00000000000000000000000000000000000000000000000000000000000000000000000000000000
00000000000000000000000000000000000000000000000000000000000000000000000000000000
00000000000000000000000000000000000000000000000000000000000000000000000000000000
00000000000000000000000000000000000000000000000000000000000000000000000000000000
00000000000000000000000000000000000000000000000000000000000000000000000000000000
00000000000000000000000000000000000000000000000000000000000000000000000000000000
00000000000000000000000000000000000000000000000000000000000000000000000000000000
00000000000000000000000000000000000000000000000000000000000000000000000000000000
00000000000000000000000000000000000000000000000000000000000000000000000000000000
00000000000000000000000000000000000000000000000000000000000000000000000000000000
00000000000000000000000000000000000000000000000000000000000000000000000000000000
00000000000000000000000000000000000000000000000000000000000000000000000000000000
00000000000000000000000000000000000000000000000000000000000000000000000000000000
00000000000000000000000000000000000000000000000000000000000000000000000000000000
00000000000000000000000000000000000000000000000000000000000000000000000000000000
00000000000000000000000000000000000000000000000000000000000000000000000000000000
00000000000000000000000000000000000000000000000000000000000000000000000000000000
00000000000000000000000000000000000100000000000000000000000000000000000000000000
00000000000000000000000000000000001100000000000000000000000000000000000000000000
00000000000000000000000000000000011000000000000000000000000000000000000000000000
00000000000000000000000000000001110000000000000000000000000000000000000000000000
00000000000000000000000000000111000000000000111111000000000000000000000000000000
00000000000000000000000000011100000000011111000001000000000000000000000000000000
00000000000000000000000001111011111111110000000001100000000000000000000000000000
00000000000000000000000000001000000000000000000000100000000000000000000000000000
00000000000000000000000000001000000000000000000000100000000000000000000000000000
00000000000000000000000000001100000000000000000000100000000000000000000000000000
00000000000000000000000000000100000000000000000000100000000000000000000000000000
00000000000000000000000000000100001001111111000000100000000000000000000000000000
00000000000000000000000000000100001111000001000001100000000000000000000000000000
00000000000000000000000000000100001000000001000001000000000000000000000000000000
00000000000000000000000000000100001000000001000001000000000000000000000000000000
00000000000000000000000000000110001000000001000001000000000000000000000000000000
00000000000000000000000000000010001000000001000001000000000000000000000000000000
00000000000000000000000000000010001100000011000010000000000000000000000000000000
00000000000000000000000000000010000111111110000010000000000000000000000000000000
00000000000000000000000000000001000100000010000010000000000000000000000000000000
00000000000000000000000000000001000000000100000110000000000000000000000000000000
00000000000000000000000000000001000000000110000100000000000000000000000000000000
00000000000000000000000000000001000000000001000100000000000000000000000000000000
00000000000000000000000000000001000000000001101100000000000000000000000000000000
00000000000000000000000000000001100000000000111000000000000000000000000000000000
00000000000000000000000000000000100000000000000000000000000000000000000000000000
00000000000000000000000000000000000000000000000000000000000000000000000000000000
00000000000000000000000000000000000000000000000000000000000000000000000000000000
00000000000000000000000000000000000000000000000000000000000000000000000000000000
00000000000000000000000000000000000000000000000000000000000000000000000000000000
00000000000000000000000000000000000000000000000000000000000000000000000000000000
00000000000000000000000000000000000000000000000000000000000000000000000000000000
00000000000000000000000000000000000000000000000000000000000000000000000000000000
00000000000000000000000000000000000000000000000000000000000000000000000000000000
00000000000000000000000000000000000000000000000000000000000000000000000000000000
00000000000000000000000000000000000000000000000000000000000000000000000000000000
00000000000000000000000000000000000000000000000000000000000000000000000000000000
00000000000000000000000000000000000000000000000000000000000000000000000000000000
00000000000000000000000000000000000000000000000000000000000000000000000000000000
00000000000000000000000000000000000000000000000000000000000000000000000000000000
00000000000000000000000000000000000000000000000000000000000000000000000000000000
