00000000000000000000000000000000000000000000000000000000000000000000000000000000
00000000000000000000000000000000000000000000000000000000000000000000000000000000
00000000000000000000000000000000000000000000000000000000000000000000000000000000
00000000000000000000000000000000000000000000000000000000000000000000000000000000
00000000000000000000000000000000000000000000000000000000000000000000000000000000
00000000000000000000000000000000000000000000000000000000000000000000000000000000
00000000000000000000000000000000000000000000000000000000000000000000000000000000
00000000000000000000000000000000000000000000000000000000000000000000000000000000
00000000000000000000000000000000000000000000000000000000000000000000000000000000
00000000000000000000000000000000000000000000000000000000000000000000000000000000
00000000000000000000000000000000000000000000000000000000000000000000000000000000
00000000000000000000000000000000000000000000000000000000000000000000000000000000
00000000000000000000000000000000000000000000000000000000000000000000000000000000
00000000000000000000000000000000000010000000000000000000000000000000000000000000
00000000000000000000000000000000000110000000000000000000000000000000000000000000
00000000000000000000000000000000001100000000000000000000000000000000000000000000
00000000000000000000000000000000011000000000000000000000000000000000000000000000
00000000000000000000000000000000110000000000000000000000000000000000000000000000
00000000000000000000000000000001100000000000000000000000000000000000000000000000
00000000000000000000000000000011000000000000111111111000000000000000000000000000
00000000000000000000000000001100000000011111000000001000000000000000000000000000
00000000000000000000000000010000000111110000000000001000000000000000000000000000
00000000000000000000000001100000111100000000000000001000000000000000000000000000
00000000000000000000000011001111000000000000000000001000000000000000000000000000
00000000000000000000001101010000000000000000000000001000000000000000000000000000
00000000000000000000110001000000000000000000000000001000000000000000000000000000
00000000000000000001000001000000000000000000000000001000000000000000000000000000
00000000000000000110000001000000000000000000000000001000000000000000000000000000
00000000000000000000000001000000000000000000000000001000000000000000000000000000
00000000000000000000000000100000010111111100000000001000000000000000000000000000
00000000000000000000000000100000001100000110000000001000000000000000000000000000
00000000000000000000000000100000001000000010000000001000000000000000000000000000
00000000000000000000000000100000001100000010000000001000000000000000000000000000
00000000000000000000000000100000000100000010000000001000000000000000000000000000
00000000000000000000000000100000000100000110000000001000000000000000000000000000
00000000000000000000000000100000000011111110000000001000000000000000000000000000
00000000000000000000000000100000000010000000000000001000000000000000000000000000
00000000000000000000000000100000000010000000000000001000000000000000000000000000
00000000000000000000000000100000000000000000000000001000000000000000000000000000
00000000000000000000000000100000000000000000000000001000000000000000000000000000
00000000000000000000000000100000000000000100000000001000000000000000000000000000
00000000000000000000000000100000000000000010000000001000000000000000000000000000
00000000000000000000000000100000000000000001000000001000000000000000000000000000
00000000000000000000000000000000000000000000100000001000000000000000000000000000
00000000000000000000000000000000000000000000011000001000000000000000000000000000
00000000000000000000000000000000000000000000001000001000000000000000000000000000
00000000000000000000000000000000000000000000000110001000000000000000000000000000
00000000000000000000000000000000000000000000000011011000000000000000000000000000
00000000000000000000000000000000000000000000000001010000000000000000000000000000
00000000000000000000000000000000000000000000000000110000000000000000000000000000
00000000000000000000000000000000000000000000000000000000000000000000000000000000
00000000000000000000000000000000000000000000000000000000000000000000000000000000
00000000000000000000000000000000000000000000000000000000000000000000000000000000
00000000000000000000000000000000000000000000000000000000000000000000000000000000
00000000000000000000000000000000000000000000000000000000000000000000000000000000
00000000000000000000000000000000000000000000000000000000000000000000000000000000
00000000000000000000000000000000000000000000000000000000000000000000000000000000
00000000000000000000000000000000000000000000000000000000000000000000000000000000
00000000000000000000000000000000000000000000000000000000000000000000000000000000
00000000000000000000000000000000000000000000000000000000000000000000000000000000
