00000000000000000000000000000000000000000000000000000000000000000000000000000000
00000000000000000000000000000000000000000000000000000000000000000000000000000000
00000000000000000000000000000000000000000000000000000000000000000000000000000000
00000000000000000000000000000000000000000000000000000000000000000000000000000000
00000000000000000000000000000000000000000000000000000000000000000000000000000000
00000000000000000000000000000000000000000000000000000000000000000000000000000000
00000000000000000000000000000000000000000000000000000000000000000000000000000000
00000000000000000000000000000000000000000000000000000000000000000000000000000000
00000000000000000000000000000000000000000000000000000000000000000000000000000000
00000000000000000000000000000000000000000000000000000000000000000000000000000000
00000000000000000000000000000000000000000000000000000000000000000000000000000000
00000000000000000000000000000000000000000000000000000000000000000000000000000000
00000000000000000000000000000000000000000000000000000000000000000000000000000000
00000000000000000000000000000000000000000000000000000000000000000000000000000000
00000000000000000000000000000000000000000000000000000000000000000000000000000000
00000000000000000000000000000000000000000000000000000000000000000000000000000000
00000000000000000000000000000000000000000000000000000000000000000000000000000000
00000000000000000000000000000000000100000000000000000000000000000000000000000000
00000000000000000000000000000000011000000000000000000000000000000000000000000000
00000000000000000000000000000000110000000000000000000000000000000000000000000000
00000000000000000000000000000111100000000000000000000000000000000000000000000000
00000000000000000000001111111100011111111111000000000000000000000000000000000000
00000000000000000000000001111111110000000001000000000000000000000000000000000000
00000000000000000000000001000000000000000001000000000000000000000000000000000000
00000000000000000000000001000000000000000001100000000000000000000000000000000000
00000000000000000000000001000001000000000000100000000000000000000000000000000000
00000000000000000000000000100001111111100000100000000000000000000000000000000000
00000000000000000000000000100001000000100000100000000000000000000000000000000000
00000000000000000000000000100001000000100000100000000000000000000000000000000000
00000000000000000000000000100001000000100000100000000000000000000000000000000000
00000000000000000000000000100001000001100001100000000000000000000000000000000000
00000000000000000000000000100001000001000001000000000000000000000000000000000000
00000000000000000000000000100001000001000001000000000000000000000000000000000000
00000000000000000000000000100011111111000001000000000000000000000000000000000000
00000000000000000000000000110001000111000010000000000000000000000000000000000000
00000000000000000000000000010000000110000010000000000000000000000000000000000000
00000000000000000000000000010000000011000110000000000000000000000000000000000000
00000000000000000000000000010000000001100100000000000000000000000000000000000000
00000000000000000000000000010000000000111100000000000000000000000000000000000000
00000000000000000000000000010000000000000000000000000000000000000000000000000000
00000000000000000000000000000000000000000000000000000000000000000000000000000000
00000000000000000000000000000000000000000000000000000000000000000000000000000000
00000000000000000000000000000000000000000000000000000000000000000000000000000000
00000000000000000000000000000000000000000000000000000000000000000000000000000000
00000000000000000000000000000000000000000000000000000000000000000000000000000000
00000000000000000000000000000000000000000000000000000000000000000000000000000000
00000000000000000000000000000000000000000000000000000000000000000000000000000000
00000000000000000000000000000000000000000000000000000000000000000000000000000000
00000000000000000000000000000000000000000000000000000000000000000000000000000000
00000000000000000000000000000000000000000000000000000000000000000000000000000000
00000000000000000000000000000000000000000000000000000000000000000000000000000000
00000000000000000000000000000000000000000000000000000000000000000000000000000000
00000000000000000000000000000000000000000000000000000000000000000000000000000000
00000000000000000000000000000000000000000000000000000000000000000000000000000000
00000000000000000000000000000000000000000000000000000000000000000000000000000000
00000000000000000000000000000000000000000000000000000000000000000000000000000000
00000000000000000000000000000000000000000000000000000000000000000000000000000000
00000000000000000000000000000000000000000000000000000000000000000000000000000000
00000000000000000000000000000000000000000000000000000000000000000000000000000000
00000000000000000000000000000000000000000000000000000000000000000000000000000000
