00000000000000000000000000000000000000000000000000000000000000000000000000000000
00000000000000000000000000000000000000000000000000000000000000000000000000000000
00000000000000000000000000000000000000000000000000000000000000000000000000000000
00000000000000000000000000000000000000000000000000000000000000000000000000000000
00000000000000000000000000000000000000000000000000000000000000000000000000000000
00000000000000000000000000000000000000000000000000000000000000000000000000000000
00000000000000000000000000000000000000000000000000000000000000000000000000000000
00000000000000000000000000000000000000000000000000000000000000000000000000000000
00000000000000000000000000000000000000000000000000000000000000000000000000000000
00000000000000000000000000000000000000000000000000000000000000000000000000000000
00000000000000000000000000000000000000000000000000000000000000000000000000000000
00000000000000000000000000000000000000000000000000000000000000000000000000000000
00000000000000000000000000000000000000000000000000000000000000000000000000000000
00000000000000000000000000000000000000000000000000000000000000000000000000000000
00000000000000000000000000000000000000000000000000000000000000000000000000000000
00000000000000000000000000000000000000000111110000000000000000000000000000000000
00000000000000000000000000000000000001111100010000000000000000000000000000000000
00000000000000000000000000000000111111000000010000000000000000000000000000000000
00000000000000000000000000000000000000000000010000000000000000000000000000000000
00000000000000000000000000000000000000100000010000000000000000000000000000000000
00000000000000000000000000000000000000100000010000000000000000000000000000000000
00000000000000000000000001111111000001100000100000000000000000000000000000000000
00000000000000000000111110000001000001000000100000000000000000000000000000000000
00000000000000000001100000000001000001000001100000000000000000000000000000000000
00000000000000000001000000000001000010000000111111100000000000000000000000000000
00000000000000000000100000000001000110011111000000110000000000000000000000000000
00000000000000000000100000000011001101110000000000010000000000000000000000000000
00000000000000000000110000000010001110000000000000010000000000000000000000000000
00000000000000000000010000000010000000000000000000010000000000000000000000000000
00000000000000000000001000000110000000000000000000010000000000000000000000000000
00000000000000000000001001111111000000000000001111110000000000000000000000000000
00000000000000000000001111000000000000000011110000010000000000000000000000000000
00000000000000000000000100000000000000011110000000110000000000000000000000000000
00000000000000000000000010000000000011110000000000100000000000000000000000000000
00000000000000000000000000000000011100000000000000100000000000000000000000000000
00000000000000000000000000000111110000000000000001000000000000000000000000000000
00000000000000000000000000000000000000000000000011000000000000000000000000000000
00000000000000000000000000000000000000000000000010000000000000000000000000000000
00000000000000000000000000000000000000000011100110000000000000000000000000000000
00000000000000000000000000000000000000000000111100000000000000000000000000000000
00000000000000000000000000000000000000000000000000000000000000000000000000000000
00000000000000000000000000000000000000000000000000000000000000000000000000000000
00000000000000000000000000000000000000000000000000000000000000000000000000000000
00000000000000000000000000000000000000000000000000000000000000000000000000000000
00000000000000000000000000000000000000000000000000000000000000000000000000000000
00000000000000000000000000000000000000000000000000000000000000000000000000000000
00000000000000000000000000000000000000000000000000000000000000000000000000000000
00000000000000000000000000000000000000000000000000000000000000000000000000000000
00000000000000000000000000000000000000000000000000000000000000000000000000000000
00000000000000000000000000000000000000000000000000000000000000000000000000000000
00000000000000000000000000000000000000000000000000000000000000000000000000000000
00000000000000000000000000000000000000000000000000000000000000000000000000000000
00000000000000000000000000000000000000000000000000000000000000000000000000000000
00000000000000000000000000000000000000000000000000000000000000000000000000000000
00000000000000000000000000000000000000000000000000000000000000000000000000000000
00000000000000000000000000000000000000000000000000000000000000000000000000000000
00000000000000000000000000000000000000000000000000000000000000000000000000000000
00000000000000000000000000000000000000000000000000000000000000000000000000000000
00000000000000000000000000000000000000000000000000000000000000000000000000000000
00000000000000000000000000000000000000000000000000000000000000000000000000000000
