00000000000000000000000000000000000000000000000000000000000000000000000000000000
00000000000000000000000000000000000000000000000000000000000000000000000000000000
00000000000000000000000000000000000000000000000000000000000000000000000000000000
00000000000000000000000000000000000000000000000000000000000000000000000000000000
00000000000000000000000000000000000000000000000000000000000000000000000000000000
00000000000000000000000000000000000000000000000000000000000000000000000000000000
00000000000000000000000000000000000000000000000000000000000000000000000000000000
00000000000000000000000000000000000000000000000000000000000000000000000000000000
00000000000000000000000000000000000000000000000000110000000000000000000000000000
00000000000000000000000000000000000000000000001111101000000000000000000000000000
00000000000000000000000000000000000000000001111000001000000000000000000000000000
00000000000000000000000000000000000000000111000000000100000000000000000000000000
00000000000000000000000000000000000000001100000000000100000000000000000000000000
00000000000000000000000000000000000000000000000000000100000000000000000000000000
00000000000000000000000000000000000000111000010000001000000000000000000000000000
00000000000000000000000000000000010000001000010000011000000000000000000000000000
00000000000000000000000000000111100000001000010000010000000000000000000000000000
00000000000000000000000000101100000000001000010001100000000000000000000000000000
00000000000000000000000000100000000000001000100011000000000000000000000000000000
00000000000000000000000000100000000000001000101110000000000000000000000000000000
00000000000000000000000000110000000000010001101000000111111111000000000000000000
00000000000000000000000000010000000000010011000001111100000001000000000000000000
00000000000000000000000000010000000000100110001110000000000001000000000000000000
00000000000000000000000000010000000001001111110000000000000001000000000000000000
00000000000000000000000000001000000111001110000000000000000001000000000000000000
00000000000000000000000000001000000111100000000000000000000001000000000000000000
00000000000000000000000000001101111000000000000000000000000001000000000000000000
00000000000000000000000000001111000000000000000000000111111111000000000000000000
00000000000000000000000000000100000000000000001111111000000001000000000000000000
00000000000000000000000000000000000000000011110000000000000010000000000000000000
00000000000000000000000000000000000000011100000000000000000110000000000000000000
00000000000000000000000000000000000011100000000000000000000100000000000000000000
00000000000000000000000000000111111100000000000000000000000100000000000000000000
00000000000000000000000000000000000000000000000000000000001000000000000000000000
00000000000000000000000000000000000000000000000000000000011000000000000000000000
00000000000000000000000000000000000000000000000011000000110000000000000000000000
00000000000000000000000000000000000000000000000001100001100000000000000000000000
00000000000000000000000000000000000000000000000000011110000000000000000000000000
00000000000000000000000000000000000000000000000000000000000000000000000000000000
00000000000000000000000000000000000000000000000000000000000000000000000000000000
00000000000000000000000000000000000000000000000000000000000000000000000000000000
00000000000000000000000000000000000000000000000000000000000000000000000000000000
00000000000000000000000000000000000000000000000000000000000000000000000000000000
00000000000000000000000000000000000000000000000000000000000000000000000000000000
00000000000000000000000000000000000000000000000000000000000000000000000000000000
00000000000000000000000000000000000000000000000000000000000000000000000000000000
00000000000000000000000000000000000000000000000000000000000000000000000000000000
00000000000000000000000000000000000000000000000000000000000000000000000000000000
00000000000000000000000000000000000000000000000000000000000000000000000000000000
00000000000000000000000000000000000000000000000000000000000000000000000000000000
00000000000000000000000000000000000000000000000000000000000000000000000000000000
00000000000000000000000000000000000000000000000000000000000000000000000000000000
00000000000000000000000000000000000000000000000000000000000000000000000000000000
00000000000000000000000000000000000000000000000000000000000000000000000000000000
00000000000000000000000000000000000000000000000000000000000000000000000000000000
00000000000000000000000000000000000000000000000000000000000000000000000000000000
00000000000000000000000000000000000000000000000000000000000000000000000000000000
00000000000000000000000000000000000000000000000000000000000000000000000000000000
00000000000000000000000000000000000000000000000000000000000000000000000000000000
00000000000000000000000000000000000000000000000000000000000000000000000000000000
