00000000000000000000000000000000000000000000000000000000000000000000000000000000
00000000000000000000000000000000000000000000000000000000000000000000000000000000
00000000000000000000000000000000000000000000000000000000000000000000000000000000
00000000000000000000000000000000000000000000000000000000000000000000000000000000
00000000000000000000000000000000000000000000000000000000000000000000000000000000
00000000000000000000000000000000000000000000000000000000000000000000000000000000
00000000000000000000000000000000000000000000000000000000000000000000000000000000
00000000000000000000000000000000000000000000000000000000000000000000000000000000
00000000000000000000000000000000000000000000000000000000000000000000000000000000
00000000000000000000000000000000000000000000000000000000000000000000000000000000
00000000000000000000000000000000000000000000000000000000000000000000000000000000
00000000000000000000000000000000000000000000001111110000000000000000000000000000
00000000000000000000000000000000000000000001110000011000000000000000000000000000
00000000000000000000000000000000000000000111000000001000000000000000000000000000
00000000000000000000000000000000000000011100000000001000000000000000000000000000
00000000000000000000000000000000000000000000000000001100000000000000000000000000
00000000000000000000000000000000000000000000001000000100000000000000000000000000
00000000000000000000000000000000000000000000001000000100000000000000000000000000
00000000000000000000000000000000000000000000001000001100000000000000000000000000
00000000000000000000000000000011111111100000010000001000000000000000000000000000
00000000000000000000000000111100000000100000010000011000000000000000000000000000
00000000000000000000000000100000000000100000010000010000000000000000000000000000
00000000000000000000000000100000000000100000010000000111110000000000000000000000
00000000000000000000000000110000000000100000100001111100010000000000000000000000
00000000000000000000000000010000000001100001101111000000011000000000000000000000
00000000000000000000000000010000000001000001111000000000001000000000000000000000
00000000000000000000000000011000000011000001000000000000001000000000000000000000
00000000000000000000000000001000000010000000000000000000001000000000000000000000
00000000000000000000000000001000011111100000000000000000001000000000000000000000
00000000000000000000000000001011100000000000000000000000001000000000000000000000
00000000000000000000000000000110000000000000000000111111001000000000000000000000
00000000000000000000000000000100000000000000000111100000001000000000000000000000
00000000000000000000000000000100000000000000111000000000001000000000000000000000
00000000000000000000000000000000000010000011100000000000001000000000000000000000
00000000000000000000000000000000000001111110000000000000001000000000000000000000
00000000000000000000000000000000000000000000000000000000001000000000000000000000
00000000000000000000000000000000000000000000000000000000011000000000000000000000
00000000000000000000000000000000000000000000000000000000010000000000000000000000
00000000000000000000000000000000000000000000000000000000110000000000000000000000
00000000000000000000000000000000000000000000000011000001100000000000000000000000
00000000000000000000000000000000000000000000000000110011000000000000000000000000
00000000000000000000000000000000000000000000000000011100000000000000000000000000
00000000000000000000000000000000000000000000000000000000000000000000000000000000
00000000000000000000000000000000000000000000000000000000000000000000000000000000
00000000000000000000000000000000000000000000000000000000000000000000000000000000
00000000000000000000000000000000000000000000000000000000000000000000000000000000
00000000000000000000000000000000000000000000000000000000000000000000000000000000
00000000000000000000000000000000000000000000000000000000000000000000000000000000
00000000000000000000000000000000000000000000000000000000000000000000000000000000
00000000000000000000000000000000000000000000000000000000000000000000000000000000
00000000000000000000000000000000000000000000000000000000000000000000000000000000
00000000000000000000000000000000000000000000000000000000000000000000000000000000
00000000000000000000000000000000000000000000000000000000000000000000000000000000
00000000000000000000000000000000000000000000000000000000000000000000000000000000
00000000000000000000000000000000000000000000000000000000000000000000000000000000
00000000000000000000000000000000000000000000000000000000000000000000000000000000
00000000000000000000000000000000000000000000000000000000000000000000000000000000
00000000000000000000000000000000000000000000000000000000000000000000000000000000
00000000000000000000000000000000000000000000000000000000000000000000000000000000
00000000000000000000000000000000000000000000000000000000000000000000000000000000
