00000000000000000000000000000000000000000000000000000000000000000000000000000000
00000000000000000000000000000000000000000000000000000000000000000000000000000000
00000000000000000000000000000000000000000000000000000000000000000000000000000000
00000000000000000000000000000000000000000000000000000000000000000000000000000000
00000000000000000000000000000000000000000000000000000000000000000000000000000000
00000000000000000000000000000000000000000000000000000000000000000000000000000000
00000000000000000000000000000000000000000000000000000000000000000000000000000000
00000000000000000000000000000000000000000000000000000000000000000000000000000000
00000000000000000000000000000000000000000000000000000000000000000000000000000000
00000000000000000000000000000000000000000000000000000000000000000000000000000000
00000000000000000000000000000000000000000000000000000000000000000000000000000000
00000000000000000000000000000000000000000000000000000000000000000000000000000000
00000000000000000000000000000000000000000000000000000000000000000000000000000000
00000000000000000000000000000000000000000000000000000000000000000000000000000000
00000000000000000000000000000000000000000000000000000000000000000000000000000000
00000000000000000000000000000000000000000000000000000000000000000000000000000000
00000000000000000000000000000000000000011111111111110000000000000000000000000000
00000000000000000000000000000000000000000000000000010000000000000000000000000000
00000000000000000000000000000000000000000000000000010000000000000000000000000000
00000000000000000000000000000000000000000000000000010000000000000000000000000000
00000000000000000000000000000000000111000000000000010000000000000000000000000000
00000000000000000000000001000111111001100000000000010000000000000000000000000000
00000000000000000000000001011000000000100000010000110000000000000000000000000000
00000000000000000000000001100000000000100000010000100000000000000000000000000000
00000000000000000000000000100000000000100000010001000000000000000000000000000000
00000000000000000000000000100000000001000000100011000000000000000000000000000000
00000000000000000000000000110000000011000001100010000000000000000000000000000000
00000000000000000000000000010000000010000001000000111110000000000000000000000000
00000000000000000000000000010000000110000011000111100011000000000000000000000000
00000000000000000000000000010001111111100110111100000001000000000000000000000000
00000000000000000000000000011110000100000111100000000001000000000000000000000000
00000000000000000000000000001000000000000000000000000001000000000000000000000000
00000000000000000000000000001000000000000000000000000001000000000000000000000000
00000000000000000000000000000000000000000000000000001101000000000000000000000000
00000000000000000000000000000000000000000000000011111001000000000000000000000000
00000000000000000000000000000000000000000111111110000001000000000000000000000000
00000000000000000000000000000000000000111100000000000001000000000000000000000000
00000000000000000000000000000000000000000000000000000010000000000000000000000000
00000000000000000000000000000000000000000000000000000010000000000000000000000000
00000000000000000000000000000000000000000000000010000110000000000000000000000000
00000000000000000000000000000000000000000000000001000100000000000000000000000000
00000000000000000000000000000000000000000000000001111000000000000000000000000000
00000000000000000000000000000000000000000000000000000000000000000000000000000000
00000000000000000000000000000000000000000000000000000000000000000000000000000000
00000000000000000000000000000000000000000000000000000000000000000000000000000000
00000000000000000000000000000000000000000000000000000000000000000000000000000000
00000000000000000000000000000000000000000000000000000000000000000000000000000000
00000000000000000000000000000000000000000000000000000000000000000000000000000000
00000000000000000000000000000000000000000000000000000000000000000000000000000000
00000000000000000000000000000000000000000000000000000000000000000000000000000000
00000000000000000000000000000000000000000000000000000000000000000000000000000000
00000000000000000000000000000000000000000000000000000000000000000000000000000000
00000000000000000000000000000000000000000000000000000000000000000000000000000000
00000000000000000000000000000000000000000000000000000000000000000000000000000000
00000000000000000000000000000000000000000000000000000000000000000000000000000000
00000000000000000000000000000000000000000000000000000000000000000000000000000000
00000000000000000000000000000000000000000000000000000000000000000000000000000000
00000000000000000000000000000000000000000000000000000000000000000000000000000000
00000000000000000000000000000000000000000000000000000000000000000000000000000000
00000000000000000000000000000000000000000000000000000000000000000000000000000000
