00000000000000000000000000000000000000000000000000000000000000000000000000000000
00000000000000000000000000000000000000000000000000000000000000000000000000000000
00000000000000000000000000000000000000000000000000000000000000000000000000000000
00000000000000000000000000000000000000000000000000000000000000000000000000000000
00000000000000000000000000000000000000000000000000000000000000000000000000000000
00000000000000000000000000000000000000000000000000000000000000000000000000000000
00000000000000000000000000000000000000000000000000000000000000000000000000000000
00000000000000000000000000000000000000000000000000000000000000000000000000000000
00000000000000000000000000000000000000000000000000000000000000000000000000000000
00000000000000000000000000000000000000000000000000000000000000000000000000000000
00000000000000000000000000000000000000000000000000111111110000000000000000000000
00000000000000000000000000000000000000000000000111100000010000000000000000000000
00000000000000000000000000000000000000000011111000000000010000000000000000000000
00000000000000000000000000000000000000000000000000000000010000000000000000000000
00000000000000000000000000000000000000000000000000000000010000000000000000000000
00000000000000000000000000000000000000000000000001000000010000000000000000000000
00000000000000000000000000000000000000000000000001000000100000000000000000000000
00000000000000000000000000000000011111110000000001000000100000000000000000000000
00000000000000000000000000100011110000010000000011000001000000000000000000000000
00000000000000000000000000101110000000010000000010000001000000000000000000000000
00000000000000000000000000111000000000010000000010000110000000000000000000000000
00000000000000000000000000100000000000010000000110000110000000000000000000000000
00000000000000000000000000110000000000010000000100000000000000000000000000000000
00000000000000000000000000010000000000110000000100000000000000000000000000000000
00000000000000000000000000010000000000100000001100001111111100000000000000000000
00000000000000000000000000010000000001100000001011110000000110000000000000000000
00000000000000000000000000011000000011000000011110000000000010000000000000000000
00000000000000000000000000001000111111000000011000000000000010000000000000000000
00000000000000000000000000000111100010000000000000000000000010000000000000000000
00000000000000000000000000011100000000000000000000000000000010000000000000000000
00000000000000000000000000000000000000000000000000000000000010000000000000000000
00000000000000000000000000000000000000000000000000000000000010000000000000000000
00000000000000000000000000000000000000000000000000001111111110000000000000000000
00000000000000000000000000000000000000000000000111110000000010000000000000000000
00000000000000000000000000000000000000000000111000000000000010000000000000000000
00000000000000000000000000000000000000111111100000000000000010000000000000000000
00000000000000000000000000000000000000000000000000010000000010000000000000000000
00000000000000000000000000000000000000000000000000001100000110000000000000000000
00000000000000000000000000000000000000000000000000000110000100000000000000000000
00000000000000000000000000000000000000000000000000000001101100000000000000000000
00000000000000000000000000000000000000000000000000000000111000000000000000000000
00000000000000000000000000000000000000000000000000000000000000000000000000000000
00000000000000000000000000000000000000000000000000000000000000000000000000000000
00000000000000000000000000000000000000000000000000000000000000000000000000000000
00000000000000000000000000000000000000000000000000000000000000000000000000000000
00000000000000000000000000000000000000000000000000000000000000000000000000000000
00000000000000000000000000000000000000000000000000000000000000000000000000000000
00000000000000000000000000000000000000000000000000000000000000000000000000000000
00000000000000000000000000000000000000000000000000000000000000000000000000000000
00000000000000000000000000000000000000000000000000000000000000000000000000000000
00000000000000000000000000000000000000000000000000000000000000000000000000000000
00000000000000000000000000000000000000000000000000000000000000000000000000000000
00000000000000000000000000000000000000000000000000000000000000000000000000000000
00000000000000000000000000000000000000000000000000000000000000000000000000000000
00000000000000000000000000000000000000000000000000000000000000000000000000000000
00000000000000000000000000000000000000000000000000000000000000000000000000000000
00000000000000000000000000000000000000000000000000000000000000000000000000000000
00000000000000000000000000000000000000000000000000000000000000000000000000000000
00000000000000000000000000000000000000000000000000000000000000000000000000000000
00000000000000000000000000000000000000000000000000000000000000000000000000000000
