00000000000000000000000000000000000000000000000000000000000000000000000000000000
00000000000000000000000000000000000000000000000000000000000000000000000000000000
00000000000000000000000000000000000000000000000000000000000000000000000000000000
00000000000000000000000000000000000000000000000000000000000000000000000000000000
00000000000000000000000000000000000000000000000000000000000000000000000000000000
00000000000000000000000000000000000000000000000000000000000000000000000000000000
00000000000000000000000000000000000000000000000000000000000000000000000000000000
00000000000000000000000000000000000000000000000000000000000000000000000000000000
00000000000000000000000000000000000000000000000000000000000000000000000000000000
00000000000000000000000000000000000000000000000000000000000000000000000000000000
00000000000000000000000000000000000000000000000000000000000000000000000000000000
00000000000000000000000000000000000000000000000000000000000000000000000000000000
00000000000000000000000000000000000000000000000000000000000000000000000000000000
00000000000000000000000000000000000000000000000000000000000000000000000000000000
00000000000000000000000000000000000000000000011111100000000000000000000000000000
00000000000000000000000000000000000000011111110000110000000000000000000000000000
00000000000000000000000000000000000000000000000000010000000000000000000000000000
00000000000000000000000000000001111111000000010000010000000000000000000000000000
00000000000000000000000000001111000001000000010000010000000000000000000000000000
00000000000000000000000011111000000001000000010000010000000000000000000000000000
00000000000000000000000010000000000001000000100000110000000000000000000000000000
00000000000000000000000010000000000001000000100001100000000000000000000000000000
00000000000000000000000010000000000001000000100001000000000000000000000000000000
00000000000000000000000010000000000001000001000000000000000000000000000000000000
00000000000000000000000010000000000011000001000111111111000000000000000000000000
00000000000000000000000010000000000010000010111000000001100000000000000000000000
00000000000000000000000010000000000010000011100000000000100000000000000000000000
00000000000000000000000001000000000100000000000000000000100000000000000000000000
00000000000000000000000001000000000100000000000000000000100000000000000000000000
00000000000000000000000001000111111110000000000000000000100000000000000000000000
00000000000000000000000001111100000000000000000000000000100000000000000000000000
00000000000000000000000000000000000000000000000000000000111000000000000000000000
00000000000000000000000000000000000000000000000000000111110000000000000000000000
00000000000000000000000000000000000000000000000111111101100000000000000000000000
00000000000000000000000000000000000000000001111100000001000000000000000000000000
00000000000000000000000000000000000000001111000000000010000000000000000000000000
00000000000000000000000000000000000000000000000000000110000000000000000000000000
00000000000000000000000000000000000000000000000000001100000000000000000000000000
00000000000000000000000000000000000000000000000100011000000000000000000000000000
00000000000000000000000000000000000000000000000111110000000000000000000000000000
00000000000000000000000000000000000000000000000000000000000000000000000000000000
00000000000000000000000000000000000000000000000000000000000000000000000000000000
00000000000000000000000000000000000000000000000000000000000000000000000000000000
00000000000000000000000000000000000000000000000000000000000000000000000000000000
00000000000000000000000000000000000000000000000000000000000000000000000000000000
00000000000000000000000000000000000000000000000000000000000000000000000000000000
00000000000000000000000000000000000000000000000000000000000000000000000000000000
00000000000000000000000000000000000000000000000000000000000000000000000000000000
00000000000000000000000000000000000000000000000000000000000000000000000000000000
00000000000000000000000000000000000000000000000000000000000000000000000000000000
00000000000000000000000000000000000000000000000000000000000000000000000000000000
00000000000000000000000000000000000000000000000000000000000000000000000000000000
00000000000000000000000000000000000000000000000000000000000000000000000000000000
00000000000000000000000000000000000000000000000000000000000000000000000000000000
00000000000000000000000000000000000000000000000000000000000000000000000000000000
00000000000000000000000000000000000000000000000000000000000000000000000000000000
00000000000000000000000000000000000000000000000000000000000000000000000000000000
00000000000000000000000000000000000000000000000000000000000000000000000000000000
00000000000000000000000000000000000000000000000000000000000000000000000000000000
00000000000000000000000000000000000000000000000000000000000000000000000000000000
