00000000000000000000000000000000000000000000000000000000000000000000000000000000
00000000000000000000000000000000000000000000000000000000000000000000000000000000
00000000000000000000000000000000000000000000000000000000000000000000000000000000
00000000000000000000000000000000000000000000000000000000000000000000000000000000
00000000000000000000000000000000000000000000000000000000000000000000000000000000
00000000000000000000000000000000000000000000000000000000000000000000000000000000
00000000000000000000000000000000000000000000000000000000000000000000000000000000
00000000000000000000000000000000000000000000000000110000000000000000000000000000
00000000000000000000000000000000000000000000111000010000000000000000000000000000
00000000000000000000000000000000000000111111100000010000000000000000000000000000
00000000000000000000000000000000000000000000000000010000000000000000000000000000
00000000000000000000000000000000000000000000000000010000000000000000000000000000
00000000000000000000000000000000000000000000010000010000000000000000000000000000
00000000000000000000000000000000111100000000010000110000000000000000000000000000
00000000000000000000000000001111100100000000100000100000000000000000000000000000
00000000000000000000000101111000000100000000100000100000000000000000000000000000
00000000000000000000000110000000000100000001100001000000000000000000000000000000
00000000000000000000000100000000000100000001000001000000000000000000000000000000
00000000000000000000000100000000000100000011000000000000000000000000000000000000
00000000000000000000000100000000000100000010000000000000000000000000000000000000
00000000000000000000000100000000000100000110000011111111111110000000000000000000
00000000000000000000000010000000000100001100011100000000000001000000000000000000
00000000000000000000000010000000001100001001100000000000000001000000000000000000
00000000000000000000000010000000001000001101000000000000000001000000000000000000
00000000000000000000000010000000010000000000000000000000000001000000000000000000
00000000000000000000000011000011110000000000000000000000000001000000000000000000
00000000000000000000000001111110100000000000000000000000000001000000000000000000
00000000000000000000000001100000000000000000000000000000000001000000000000000000
00000000000000000000000000000000000000000000000000000000000001000000000000000000
00000000000000000000000000000000000000000000000111111111111001000000000000000000
00000000000000000000000000000000000000000011111100000000000001000000000000000000
00000000000000000000000000000000000011111110000000000000000011000000000000000000
00000000000000000000000000000000001100000000000000000000000010000000000000000000
00000000000000000000000000000000000000000000000000000000000010000000000000000000
00000000000000000000000000000000000000000000000000000000000100000000000000000000
00000000000000000000000000000000000000000000000000000000001100000000000000000000
00000000000000000000000000000000000000000000000000000000001000000000000000000000
00000000000000000000000000000000000000000000000000000000010000000000000000000000
00000000000000000000000000000000000000000000000000000000110000000000000000000000
00000000000000000000000000000000000000000000000110000000100000000000000000000000
00000000000000000000000000000000000000000000000011100011000000000000000000000000
00000000000000000000000000000000000000000000000000111110000000000000000000000000
00000000000000000000000000000000000000000000000000000000000000000000000000000000
00000000000000000000000000000000000000000000000000000000000000000000000000000000
00000000000000000000000000000000000000000000000000000000000000000000000000000000
00000000000000000000000000000000000000000000000000000000000000000000000000000000
00000000000000000000000000000000000000000000000000000000000000000000000000000000
00000000000000000000000000000000000000000000000000000000000000000000000000000000
00000000000000000000000000000000000000000000000000000000000000000000000000000000
00000000000000000000000000000000000000000000000000000000000000000000000000000000
00000000000000000000000000000000000000000000000000000000000000000000000000000000
00000000000000000000000000000000000000000000000000000000000000000000000000000000
00000000000000000000000000000000000000000000000000000000000000000000000000000000
00000000000000000000000000000000000000000000000000000000000000000000000000000000
00000000000000000000000000000000000000000000000000000000000000000000000000000000
00000000000000000000000000000000000000000000000000000000000000000000000000000000
00000000000000000000000000000000000000000000000000000000000000000000000000000000
00000000000000000000000000000000000000000000000000000000000000000000000000000000
00000000000000000000000000000000000000000000000000000000000000000000000000000000
00000000000000000000000000000000000000000000000000000000000000000000000000000000
