00000000000000000000000000000000000000000000000000000000000000000000000000000000
00000000000000000000000000000000000000000000000000000000000000000000000000000000
00000000000000000000000000000000000000000000000000000000000000000000000000000000
00000000000000000000000000000000000000000000000000000000000000000000000000000000
00000000000000000000000000000000000000000000000000000000000000000000000000000000
00000000000000000000000000000000000000000000000000000000000000000000000000000000
00000000000000000000000000000000000000000000000000000000000000000000000000000000
00000000000000000000000000000000000000000000000000000000000000000000000000000000
00000000000000000000000000000000000000000000000000000000000000000000000000000000
00000000000000000000000000000000000000000000000000000000000000000000000000000000
00000000000000000000000000000000000000000000000000000000000000000000000000000000
00000000000000000000000000000000000000000000000000000000000000000000000000000000
00000000000000000000000000000000000000000000000000000000000000000000000000000000
00000000000000000000000000000000000000000000000000000000000000000000000000000000
00000000000000000000000000000000000000001111111100000000000000000000000000000000
00000000000000000000000000000000000111111000000100000000000000000000000000000000
00000000000000000000000000000000000000000000000100000000000000000000000000000000
00000000000000000000000000000000000000000000000100000000000000000000000000000000
00000000000000000000000000000000000000000000000100000000000000000000000000000000
00000000000000000000000000000000000000000100000100000000000000000000000000000000
00000000000000000000000000000000000000000100000100000000000000000000000000000000
00000000000000000000000000000000000000001000001000000000000000000000000000000000
00000000000000000000000000000000000000001000011000000000000000000000000000000000
00000000000000000000000010000001110000001000110000000000000000000000000000000000
00000000000000000000000010011110011000010000100000000000000000000000000000000000
00000000000000000000000011110000001000110000001111110000000000000000000000000000
00000000000000000000000010000000001000100011111000011000000000000000000000000000
00000000000000000000000001000000001001101110000000001100000000000000000000000000
00000000000000000000000001000000001011110000000000000100000000000000000000000000
00000000000000000000000001000000001011000000000000000100000000000000000000000000
00000000000000000000000001000000001000000000000000000100000000000000000000000000
00000000000000000000000001000000010000000000000001110100000000000000000000000000
00000000000000000000000001101111110000000000011110000100000000000000000000000000
00000000000000000000000000111000000000000011110000000100000000000000000000000000
00000000000000000000000000100000000000001110000000000100000000000000000000000000
00000000000000000000000000110000000001110000000000001100000000000000000000000000
00000000000000000000000000000000000111000000000000001000000000000000000000000000
00000000000000000000000000000000000000000000000000011000000000000000000000000000
00000000000000000000000000000000000000000011000001110000000000000000000000000000
00000000000000000000000000000000000000000001111111000000000000000000000000000000
00000000000000000000000000000000000000000000000000000000000000000000000000000000
00000000000000000000000000000000000000000000000000000000000000000000000000000000
00000000000000000000000000000000000000000000000000000000000000000000000000000000
00000000000000000000000000000000000000000000000000000000000000000000000000000000
00000000000000000000000000000000000000000000000000000000000000000000000000000000
00000000000000000000000000000000000000000000000000000000000000000000000000000000
00000000000000000000000000000000000000000000000000000000000000000000000000000000
00000000000000000000000000000000000000000000000000000000000000000000000000000000
00000000000000000000000000000000000000000000000000000000000000000000000000000000
00000000000000000000000000000000000000000000000000000000000000000000000000000000
00000000000000000000000000000000000000000000000000000000000000000000000000000000
00000000000000000000000000000000000000000000000000000000000000000000000000000000
00000000000000000000000000000000000000000000000000000000000000000000000000000000
00000000000000000000000000000000000000000000000000000000000000000000000000000000
00000000000000000000000000000000000000000000000000000000000000000000000000000000
00000000000000000000000000000000000000000000000000000000000000000000000000000000
00000000000000000000000000000000000000000000000000000000000000000000000000000000
00000000000000000000000000000000000000000000000000000000000000000000000000000000
00000000000000000000000000000000000000000000000000000000000000000000000000000000
00000000000000000000000000000000000000000000000000000000000000000000000000000000
