00000000000000000000000000000000000000000000000000000000000000000000000000000000
00000000000000000000000000000000000000000000000000000000000000000000000000000000
00000000000000000000000000000000000000000000000000000000000000000000000000000000
00000000000000000000000000000000000000000000000000000000000000000000000000000000
00000000000000000000000000000000000000000000000000000000000000000000000000000000
00000000000000000000000000000000000000000000000000000000000000000000000000000000
00000000000000000000000000000000000000000000000000000000000000000000000000000000
00000000000000000000000000000000000000000000000000000000000000000000000000000000
00000000000000000000000000000000000000000000000000000000000000000000000000000000
00000000000000000000000000000000000000000000000000000000000000000000000000000000
00000000000000000000000000000000000000000000000000000000000000000000000000000000
00000000000000000000000000000000000000000011111100000000000000000000000000000000
00000000000000000000000000000000000000111100000100000000000000000000000000000000
00000000000000000000000000000000000011100000000110000000000000000000000000000000
00000000000000000000000000000000000000000000000010000000000000000000000000000000
00000000000000000000000000000000000000000000000010000000000000000000000000000000
00000000000000000000000000000000000000000000000001000000000000000000000000000000
00000000000000000000000000000000000000000000000001000000000000000000000000000000
00000000000000000000000000000000000000000100000001000000000000000000000000000000
00000000000000000000000000000000000000001100000001000000000000000000000000000000
00000000000000000000100001111000000000001000000001000000000000000000000000000000
00000000000000000000101110000111000000001000000010000000000000000000000000000000
00000000000000000000110000000000110000011000000010000000000000000000000000000000
00000000000000000000100000000000011000010000000010000000000000000000000000000000
00000000000000000000100000000000001000010000000100000000000000000000000000000000
00000000000000000000100000000000001000110000000100000000000000000000000000000000
00000000000000000000100000000000001000100000001100000000000000000000000000000000
00000000000000000000100000000000011000100000001000000000000000000000000000000000
00000000000000000000100000000000010000100000001001111111100000000000000000000000
00000000000000000000100000000000010001100000011111000000100000000000000000000000
00000000000000000000100000000000110001000000111000000000100000000000000000000000
00000000000000000000100000000000100001000011100000000000100000000000000000000000
00000000000000000000100000000000100001111100000000000000100000000000000000000000
00000000000000000000100111111111100000000000000000000000100000000000000000000000
00000000000000000000110000000001100000000000000000000000100000000000000000000000
00000000000000000000010000000000000000000000000000000000100000000000000000000000
00000000000000000000010000000000000000000000000000000111100000000000000000000000
00000000000000000000000000000000000000000000000001111100100000000000000000000000
00000000000000000000000000000000000000000000001111000000100000000000000000000000
00000000000000000000000000000000000000000011110000000000100000000000000000000000
00000000000000000000000000000000000000111100000000000001000000000000000000000000
00000000000000000000000000000000000111100000000000000001000000000000000000000000
00000000000000000000000000000000001100000000000000000010000000000000000000000000
00000000000000000000000000000000010000000000000000000110000000000000000000000000
00000000000000000000000000000000000000000000000000000100000000000000000000000000
00000000000000000000000000000000000000000000000000001100000000000000000000000000
00000000000000000000000000000000000000000000000000001000000000000000000000000000
00000000000000000000000000000000000000000000000000010000000000000000000000000000
00000000000000000000000000000000000000000001000000110000000000000000000000000000
00000000000000000000000000000000000000000000100000100000000000000000000000000000
00000000000000000000000000000000000000000000110001000000000000000000000000000000
00000000000000000000000000000000000000000000000010000000000000000000000000000000
00000000000000000000000000000000000000000000001110000000000000000000000000000000
00000000000000000000000000000000000000000000000000000000000000000000000000000000
00000000000000000000000000000000000000000000000000000000000000000000000000000000
00000000000000000000000000000000000000000000000000000000000000000000000000000000
00000000000000000000000000000000000000000000000000000000000000000000000000000000
00000000000000000000000000000000000000000000000000000000000000000000000000000000
00000000000000000000000000000000000000000000000000000000000000000000000000000000
00000000000000000000000000000000000000000000000000000000000000000000000000000000
