00000000000000000000000000000000000000000000000000000000000000000000000000000000
00000000000000000000000000000000000000000000000000000000000000000000000000000000
00000000000000000000000000000000000000000000000000000000000000000000000000000000
00000000000000000000000000000000000000000000000000000000000000000000000000000000
00000000000000000000000000000000000000000000000000000000000000000000000000000000
00000000000000000000000000000000000000000000000000000000000000000000000000000000
00000000000000000000000000000000000000000000000000000000000000000000000000000000
00000000000000000000000000000000000000000000000000000000000000000000000000000000
00000000000000000000000000000000000000000000000000000000000000000000000000000000
00000000000000000000000000000000000000000000000000000000000000000000000000000000
00000000000000000000000000000000000000000000000000000000000000000000000000000000
00000000000000000000000000000000000000000000000000000000000000000000000000000000
00000000000000000000000000000000000000000000000000000000000000000000000000000000
00000000000000000000000000000000000000001111111000000000000000000000000000000000
00000000000000000000000000000000000111111000001000000000000000000000000000000000
00000000000000000000000000000001111000000000001000000000000000000000000000000000
00000000000000000000000000000000000000000000011000000000000000000000000000000000
00000000000000000000000000000000000000100000010000000000000000000000000000000000
00000000000000000000000000000000000000100000110000000000000000000000000000000000
00000000000000000000000000111000000001100000100000000000000000000000000000000000
00000000000000000000001111101100000001000001100000000000000000000000000000000000
00000000000000000011111000000100000010000011000000000000000000000000000000000000
00000000000000000010000000000100000100000010000000000000000000000000000000000000
00000000000000000001000000000100000100000000000000000000000000000000000000000000
00000000000000000001000000000100001000000000000111100000000000000000000000000000
00000000000000000001000000000100011000000001111100110000000000000000000000000000
00000000000000000001000000000100110000000111000000010000000000000000000000000000
00000000000000000001000000001000100000111100000000010000000000000000000000000000
00000000000000000001000000111000111111100000000000010000000000000000000000000000
00000000000000000001111111111000000000000000000000010000000000000000000000000000
00000000000000000001100000010000000000000000000000010000000000000000000000000000
00000000000000000000000000000000000000000000000000010000000000000000000000000000
00000000000000000000000000000000000000000000000000010000000000000000000000000000
00000000000000000000000000000000000000000000000000010000000000000000000000000000
00000000000000000000000000000000000000000000000000010000000000000000000000000000
00000000000000000000000000000000000000000111111111100000000000000000000000000000
00000000000000000000000000000000000011111100000000100000000000000000000000000000
00000000000000000000000000000111111110000000000001000000000000000000000000000000
00000000000000000000000000000000000000000000000001000000000000000000000000000000
00000000000000000000000000000000000100000000000010000000000000000000000000000000
00000000000000000000000000000000000011000000000010000000000000000000000000000000
00000000000000000000000000000000000001100000000100000000000000000000000000000000
00000000000000000000000000000000000000011000001100000000000000000000000000000000
00000000000000000000000000000000000000000111111000000000000000000000000000000000
00000000000000000000000000000000000000000000000000000000000000000000000000000000
00000000000000000000000000000000000000000000000000000000000000000000000000000000
00000000000000000000000000000000000000000000000000000000000000000000000000000000
00000000000000000000000000000000000000000000000000000000000000000000000000000000
00000000000000000000000000000000000000000000000000000000000000000000000000000000
00000000000000000000000000000000000000000000000000000000000000000000000000000000
00000000000000000000000000000000000000000000000000000000000000000000000000000000
00000000000000000000000000000000000000000000000000000000000000000000000000000000
00000000000000000000000000000000000000000000000000000000000000000000000000000000
00000000000000000000000000000000000000000000000000000000000000000000000000000000
00000000000000000000000000000000000000000000000000000000000000000000000000000000
00000000000000000000000000000000000000000000000000000000000000000000000000000000
00000000000000000000000000000000000000000000000000000000000000000000000000000000
00000000000000000000000000000000000000000000000000000000000000000000000000000000
00000000000000000000000000000000000000000000000000000000000000000000000000000000
00000000000000000000000000000000000000000000000000000000000000000000000000000000
