00000000000000000000000000000000000000000000000000000000000000000000000000000000
00000000000000000000000000000000000000000000000000000000000000000000000000000000
00000000000000000000000000000000000000000000000000000000000000000000000000000000
00000000000000000000000000000000000000000000000000000000000000000000000000000000
00000000000000000000000000000000000000000000000000000000000000000000000000000000
00000000000000000000000000000000000000000000000000000000000000000000000000000000
00000000000000000000000000000000000000000000000000000000000000000000000000000000
00000000000000000000000000000000000000000000000000000000000000000000000000000000
00000000000000000000000000000000000000000000000000000000000000000000000000000000
00000000000000000000000000000000000000000000000000000000000000000000000000000000
00000000000000000000000000000000000000000000000000000000000000000000000000000000
00000000000000000000000000000000000000000000011111100000000000000000000000000000
00000000000000000000000000000000000000000011110000110000000000000000000000000000
00000000000000000000000000000000000011111100000000010000000000000000000000000000
00000000000000000000000000000000000000000000000000010000000000000000000000000000
00000000000000000000000000000000000000000000000000010000000000000000000000000000
00000000000000000000000000000000000000000001000000110000000000000000000000000000
00000000000000000000000000000000000000000001000001100000000000000000000000000000
00000000000000000000011000011111111110000001000011000000000000000000000000000000
00000000000000000000001111110000000010000011000110000000000000000000000000000000
00000000000000000000001100000000000010000010001100000000000000000000000000000000
00000000000000000000000100000000000100000110010000000000000000000000000000000000
00000000000000000000000100000000000100000100000000000000000000000000000000000000
00000000000000000000000110000000001100001100000111111100000000000000000000000000
00000000000000000000000010000000001000001001111000000110000000000000000000000000
00000000000000000000000010000000011000011111000000000010000000000000000000000000
00000000000000000000000010000000110000000000000000000011000000000000000000000000
00000000000000000000000011000001111000000000000000000001000000000000000000000000
00000000000000000000000001111111100000000000000000000001000000000000000000000000
00000000000000000000000001000000000000000000000000000001000000000000000000000000
00000000000000000000000001100000000000000000000000000001000000000000000000000000
00000000000000000000000000000000000000000000000000000001000000000000000000000000
00000000000000000000000000000000000000000000000000111111000000000000000000000000
00000000000000000000000000000000000000000000001111100001000000000000000000000000
00000000000000000000000000000000000000000011110000000010000000000000000000000000
00000000000000000000000000000000000001111100000000000010000000000000000000000000
00000000000000000000000000000000000000000000000000000110000000000000000000000000
00000000000000000000000000000000000000000000000000000100000000000000000000000000
00000000000000000000000000000000000000000000000000001100000000000000000000000000
00000000000000000000000000000000000000000000000000011000000000000000000000000000
00000000000000000000000000000000000000000000000000110000000000000000000000000000
00000000000000000000000000000000000000000000011111100000000000000000000000000000
00000000000000000000000000000000000000000000000000000000000000000000000000000000
00000000000000000000000000000000000000000000000000000000000000000000000000000000
00000000000000000000000000000000000000000000000000000000000000000000000000000000
00000000000000000000000000000000000000000000000000000000000000000000000000000000
00000000000000000000000000000000000000000000000000000000000000000000000000000000
00000000000000000000000000000000000000000000000000000000000000000000000000000000
00000000000000000000000000000000000000000000000000000000000000000000000000000000
00000000000000000000000000000000000000000000000000000000000000000000000000000000
00000000000000000000000000000000000000000000000000000000000000000000000000000000
00000000000000000000000000000000000000000000000000000000000000000000000000000000
00000000000000000000000000000000000000000000000000000000000000000000000000000000
00000000000000000000000000000000000000000000000000000000000000000000000000000000
00000000000000000000000000000000000000000000000000000000000000000000000000000000
00000000000000000000000000000000000000000000000000000000000000000000000000000000
00000000000000000000000000000000000000000000000000000000000000000000000000000000
00000000000000000000000000000000000000000000000000000000000000000000000000000000
00000000000000000000000000000000000000000000000000000000000000000000000000000000
00000000000000000000000000000000000000000000000000000000000000000000000000000000
