00000000000000000000000000000000000000000000000000000000000000000000000000000000
00000000000000000000000000000000000000000000000000000000000000000000000000000000
00000000000000000000000000000000000000000000000000000000000000000000000000000000
00000000000000000000000000000000000000000000000000000000000000000000000000000000
00000000000000000000000000000000000000000000000000000000000000000000000000000000
00000000000000000000000000000000000000000000000000000000000000000000000000000000
00000000000000000000000000000000000000000000000000000000000000000000000000000000
00000000000000000000000000000000000000000000000000000000000000000000000000000000
00000000000000000000000000000000000000000000000000000000000000000000000000000000
00000000000000000000000000000000000000000000000000000000000000000000000000000000
00000000000000000000000000000000000000000000000000000000000000000000000000000000
00000000000000000000000000000000000000000000000000011000000000000000000000000000
00000000000000000000000000000000000000000000000111111100000000000000000000000000
00000000000000000000000000000000000000000001111100000100000000000000000000000000
00000000000000000000000000000000000011111110000000000100000000000000000000000000
00000000000000000000000000000000000000000000000000000100000000000000000000000000
00000000000000000000000000000000000000000000000000000100000000000000000000000000
00000000000000000000000000000000000000000000000000000100000000000000000000000000
00000000000000000000000001000000000000000001000000000100000000000000000000000000
00000000000000000000000001001111100000000001000000000100000000000000000000000000
00000000000000000000000001111000100000000011000000001100000000000000000000000000
00000000000000000000000001100000100000000010000000001000000000000000000000000000
00000000000000000000000001000000100000000110000000010000000000000000000000000000
00000000000000000000000010000000100000000100000000110000000000000000000000000000
00000000000000000000000010000000100000001100000001100000000000000000000000000000
00000000000000000000000010000000100000001000000010000000000000000000000000000000
00000000000000000000000010000000100000011000001100000000000000000000000000000000
00000000000000000000000010000000101000010000011111111110000000000000000000000000
00000000000000000000000010000011110000010000011000000001000000000000000000000000
00000000000000000000000000111101100000010001100000000001000000000000000000000000
00000000000000000000000000000000000000011110000000000001000000000000000000000000
00000000000000000000000000000000000000000000000000000001000000000000000000000000
00000000000000000000000000000000000000000000000000000001000000000000000000000000
00000000000000000000000000000000000000000000000111111111000000000000000000000000
00000000000000000000000000000000000000000111111100000001000000000000000000000000
00000000000000000000000000000000000111111100000000000001000000000000000000000000
00000000000000000000000000000001111000000000000000000010000000000000000000000000
00000000000000000000000000000000000000000000000000000010000000000000000000000000
00000000000000000000000000000000000000000000000000000010000000000000000000000000
00000000000000000000000000000000000000000000100000000100000000000000000000000000
00000000000000000000000000000000000000000000011000001100000000000000000000000000
00000000000000000000000000000000000000000000001100011000000000000000000000000000
00000000000000000000000000000000000000000000000011110000000000000000000000000000
00000000000000000000000000000000000000000000000000000000000000000000000000000000
00000000000000000000000000000000000000000000000000000000000000000000000000000000
00000000000000000000000000000000000000000000000000000000000000000000000000000000
00000000000000000000000000000000000000000000000000000000000000000000000000000000
00000000000000000000000000000000000000000000000000000000000000000000000000000000
00000000000000000000000000000000000000000000000000000000000000000000000000000000
00000000000000000000000000000000000000000000000000000000000000000000000000000000
00000000000000000000000000000000000000000000000000000000000000000000000000000000
00000000000000000000000000000000000000000000000000000000000000000000000000000000
00000000000000000000000000000000000000000000000000000000000000000000000000000000
00000000000000000000000000000000000000000000000000000000000000000000000000000000
00000000000000000000000000000000000000000000000000000000000000000000000000000000
00000000000000000000000000000000000000000000000000000000000000000000000000000000
00000000000000000000000000000000000000000000000000000000000000000000000000000000
00000000000000000000000000000000000000000000000000000000000000000000000000000000
00000000000000000000000000000000000000000000000000000000000000000000000000000000
00000000000000000000000000000000000000000000000000000000000000000000000000000000
