00000000000000000000000000000000000000000000000000000000000000000000000000000000
00000000000000000000000000000000000000000000000000000000000000000000000000000000
00000000000000000000000000000000000000000000000000000000000000000000000000000000
00000000000000000000000000000000000000000000000000000000000000000000000000000000
00000000000000000000000000000000000000000000000000000000000000000000000000000000
00000000000000000000000000000000000000000000000000000000000000000000000000000000
00000000000000000000000000000000000000000000000000000000000000000000000000000000
00000000000000000000000000000000000000000000000000000000000000000000000000000000
00000000000000000000000000000000000000000000000000000000000000000000000000000000
00000000000000000000000000000000000000000000000000000000000000000000000000000000
00000000000000000000000000000000000000000000000000000000000000000000000000000000
00000000000000000000000000000000000000000000000000000000000000000000000000000000
00000000000000000000000000000000000000000000000000000000000000000000000000000000
00000000000000000000000000000000000000000000001111100000000000000000000000000000
00000000000000000000000000000000000000000001110000110000000000000000000000000000
00000000000000000000000000000000000000001110000000010000000000000000000000000000
00000000000000000000000000000000000001111000000000010000000000000000000000000000
00000000000000000000000000000000000000000000000000010000000000000000000000000000
00000000000000000000000000000000111100000001000000010000000000000000000000000000
00000000000000000000001000011111100010000011000000110000000000000000000000000000
00000000000000000000001111100000000010000010000000100000000000000000000000000000
00000000000000000000001000000000000010000010000001100000000000000000000000000000
00000000000000000000001000000000000010000110000011000000000000000000000000000000
00000000000000000000001100000000000010000100000110000000000000000000000000000000
00000000000000000000000100000000000010000100000100111111000000000000000000000000
00000000000000000000000100000000000110001100001111100001100000000000000000000000
00000000000000000000000100000000000100001001111000000000100000000000000000000000
00000000000000000000000100000000001000001111000000000000100000000000000000000000
00000000000000000000000110000000011000000000000000000000110000000000000000000000
00000000000000000000000010000000010000000000000000000000010000000000000000000000
00000000000000000000000010000000111100000000000000000000010000000000000000000000
00000000000000000000000011111111000000000000000000000000010000000000000000000000
00000000000000000000000011000000000000000000000000000000010000000000000000000000
00000000000000000000000011000000000000000000000000000111010000000000000000000000
00000000000000000000000001000000000000000000000001111100010000000000000000000000
00000000000000000000000000000000000000000000011110000000010000000000000000000000
00000000000000000000000000000000000000000111110000000000010000000000000000000000
00000000000000000000000000000000000001111100000000000000110000000000000000000000
00000000000000000000000000000000000111000000000000000000100000000000000000000000
00000000000000000000000000000000000000000000001000000001100000000000000000000000
00000000000000000000000000000000000000000000000100000001000000000000000000000000
00000000000000000000000000000000000000000000000110000011000000000000000000000000
00000000000000000000000000000000000000000000000011011110000000000000000000000000
00000000000000000000000000000000000000000000000001110000000000000000000000000000
00000000000000000000000000000000000000000000000000000000000000000000000000000000
00000000000000000000000000000000000000000000000000000000000000000000000000000000
00000000000000000000000000000000000000000000000000000000000000000000000000000000
00000000000000000000000000000000000000000000000000000000000000000000000000000000
00000000000000000000000000000000000000000000000000000000000000000000000000000000
00000000000000000000000000000000000000000000000000000000000000000000000000000000
00000000000000000000000000000000000000000000000000000000000000000000000000000000
00000000000000000000000000000000000000000000000000000000000000000000000000000000
00000000000000000000000000000000000000000000000000000000000000000000000000000000
00000000000000000000000000000000000000000000000000000000000000000000000000000000
00000000000000000000000000000000000000000000000000000000000000000000000000000000
00000000000000000000000000000000000000000000000000000000000000000000000000000000
00000000000000000000000000000000000000000000000000000000000000000000000000000000
00000000000000000000000000000000000000000000000000000000000000000000000000000000
00000000000000000000000000000000000000000000000000000000000000000000000000000000
00000000000000000000000000000000000000000000000000000000000000000000000000000000
