00000000000000000000000000000000000000000000000000000000000000000000000000000000
00000000000000000000000000000000000000000000000000000000000000000000000000000000
00000000000000000000000000000000000000000000000000000000000000000000000000000000
00000000000000000000000000000000000111111000000000000000000000000000000000000000
00000000000000000000000000000011111000001100000000000000000000000000000000000000
00000000000000000000000000000000000000000100000000000000000000000000000000000000
00000000000000000000000000000000000000000100000000000000000000000000000000000000
00000000000000000000000000000000000000000100000000000000000000000000000000000000
00000000000000000000000000000000000100000100000000000000000000000000000000000000
00000000000000000000000000000000000100000100000000000000000000000000000000000000
00000000000000000000000000000000000100000100000000000000000000000000000000000000
00000000000000000000000000000000000100000100000000000000000000000000000000000000
00000000000000000100000000000000000100000100000000000000000000000000000000000000
00000000000000000110001111111000000100001100000000000000000000000000000000000000
00000000000000000011111000001000000100001000000000000000000000000000000000000000
00000000000000000011000000001000001100000000000000000000000000000000000000000000
00000000000000000001000000001000001001111111111000000000000000000000000000000000
00000000000000000001000000001000001111000000001100000000000000000000000000000000
00000000000000000001000000001000011000000000000110000000000000000000000000000000
00000000000000000000100000001000010000000000000010000000000000000000000000000000
00000000000000000000100000001000000000000000000011000000000000000000000000000000
00000000000000000000100000001000000000000000000001000000000000000000000000000000
00000000000000000000111111111000000000000000000001000000000000000000000000000000
00000000000000000000100000000000000000000000000001000000000000000000000000000000
00000000000000000000000000000000000000000011111111000000000000000000000000000000
00000000000000000000000000000000000000011100000011000000000000000000000000000000
00000000000000000000000000000000011111100000000010000000000000000000000000000000
00000000000000000000000000000011110100000000000010000000000000000000000000000000
00000000000000000000000000111110000010000000000010000000000000000000000000000000
00000000000000000000000000000000000010000000000110000000000000000000000000000000
00000000000000000000000000000000000001000000000100000000000000000000000000000000
00000000000000000000000000000000000001100000001100000000000000000000000000000000
00000000000000000000000000000000000000110000001000000000000000000000000000000000
00000000000000000000000000000000000000011100011000000000000000000000000000000000
00000000000000000000000000000000000000000111110000000000000000000000000000000000
00000000000000000000000000000000000000000000000000000000000000000000000000000000
00000000000000000000000000000000000000000000000000000000000000000000000000000000
00000000000000000000000000000000000000000000000000000000000000000000000000000000
00000000000000000000000000000000000000000000000000000000000000000000000000000000
00000000000000000000000000000000000000000000000000000000000000000000000000000000
00000000000000000000000000000000000000000000000000000000000000000000000000000000
00000000000000000000000000000000000000000000000000000000000000000000000000000000
00000000000000000000000000000000000000000000000000000000000000000000000000000000
00000000000000000000000000000000000000000000000000000000000000000000000000000000
00000000000000000000000000000000000000000000000000000000000000000000000000000000
00000000000000000000000000000000000000000000000000000000000000000000000000000000
00000000000000000000000000000000000000000000000000000000000000000000000000000000
00000000000000000000000000000000000000000000000000000000000000000000000000000000
00000000000000000000000000000000000000000000000000000000000000000000000000000000
00000000000000000000000000000000000000000000000000000000000000000000000000000000
00000000000000000000000000000000000000000000000000000000000000000000000000000000
00000000000000000000000000000000000000000000000000000000000000000000000000000000
00000000000000000000000000000000000000000000000000000000000000000000000000000000
00000000000000000000000000000000000000000000000000000000000000000000000000000000
00000000000000000000000000000000000000000000000000000000000000000000000000000000
00000000000000000000000000000000000000000000000000000000000000000000000000000000
00000000000000000000000000000000000000000000000000000000000000000000000000000000
00000000000000000000000000000000000000000000000000000000000000000000000000000000
00000000000000000000000000000000000000000000000000000000000000000000000000000000
00000000000000000000000000000000000000000000000000000000000000000000000000000000
