00000000000000000000000000000000000000000000000000000000000000000000000000000000
00000000000000000000000000000000000000000000000000000000000000000000000000000000
00000000000000000000000000000000000000000000000000000000000000000000000000000000
00000000000000000000000000000000000000000000000000000000000000000000000000000000
00000000000000000000000000000000000000000000000000000000000000000000000000000000
00000000000000000000000000000000000000000000000000000000000000000000000000000000
00000000000000000000000000000000000000000000000000000000000000000000000000000000
00000000000000000000000000000000000000000000000000000000000000000000000000000000
00000000000000000000000000000000000000000000000000000000000000000000000000000000
00000000000000000000000000000000000000000000000000000000000000000000000000000000
00000000000000000000000000000000000000000000000000000000000000000000000000000000
00000000000000000000000000000000000000000000000000000000000000000000000000000000
00000000000000000000000000000000000000000000000000000000000000000000000000000000
00000000000000000000000000000000000000000000000111110000000000000000000000000000
00000000000000000000000000000000000000000011111000011000000000000000000000000000
00000000000000000000000000000000000000000100000000001000000000000000000000000000
00000000000000000000000000000000000000001000000000001100000000000000000000000000
00000000000000000000000000000000000000000000000000000100000000000000000000000000
00000000000000000000000000000000000000000000000000000100000000000000000000000000
00000000000000000000000000000001111111110001100000000100000000000000000000000000
00000000000000000000000010001111000000010000100000001000000000000000000000000000
00000000000000000000000011111000000000010000100000011000000000000000000000000000
00000000000000000000000001000000000000010000100000100000000000000000000000000000
00000000000000000000000001000000000000010001100011000000000000000000000000000000
00000000000000000000000001000000000000010001000110000000000000000000000000000000
00000000000000000000000001100000000000100011001100000000000000000000000000000000
00000000000000000000000000100000000000100010000000000000000000000000000000000000
00000000000000000000000000110000000111000100000000011111110000000000000000000000
00000000000000000000000000010111111111000100000000110000010000000000000000000000
00000000000000000000000000001100000000000100000011000000001000000000000000000000
00000000000000000000000000000000000000000111111110000000001000000000000000000000
00000000000000000000000000000000000000000000000000000000001000000000000000000000
00000000000000000000000000000000000000000000000000000000001000000000000000000000
00000000000000000000000000000000000000000000000000000000011000000000000000000000
00000000000000000000000000000000000000000000000000000000010000000000000000000000
00000000000000000000000000000000000000000000000000011111110000000000000000000000
00000000000000000000000000000000000000000001111101100000110000000000000000000000
00000000000000000000000000000000000000011110000000000000100000000000000000000000
00000000000000000000000000000000000000000000000000000001000000000000000000000000
00000000000000000000000000000000000000000001000000000110000000000000000000000000
00000000000000000000000000000000000000000000111000001100000000000000000000000000
00000000000000000000000000000000000000000000001111110000000000000000000000000000
00000000000000000000000000000000000000000000000000000000000000000000000000000000
00000000000000000000000000000000000000000000000000000000000000000000000000000000
00000000000000000000000000000000000000000000000000000000000000000000000000000000
00000000000000000000000000000000000000000000000000000000000000000000000000000000
00000000000000000000000000000000000000000000000000000000000000000000000000000000
00000000000000000000000000000000000000000000000000000000000000000000000000000000
00000000000000000000000000000000000000000000000000000000000000000000000000000000
00000000000000000000000000000000000000000000000000000000000000000000000000000000
00000000000000000000000000000000000000000000000000000000000000000000000000000000
00000000000000000000000000000000000000000000000000000000000000000000000000000000
00000000000000000000000000000000000000000000000000000000000000000000000000000000
00000000000000000000000000000000000000000000000000000000000000000000000000000000
00000000000000000000000000000000000000000000000000000000000000000000000000000000
00000000000000000000000000000000000000000000000000000000000000000000000000000000
00000000000000000000000000000000000000000000000000000000000000000000000000000000
00000000000000000000000000000000000000000000000000000000000000000000000000000000
00000000000000000000000000000000000000000000000000000000000000000000000000000000
00000000000000000000000000000000000000000000000000000000000000000000000000000000
