00000000000000000000000000000000000000000000000000000000000000000000000000000000
00000000000000000000000000000000000000000000000000000000000000000000000000000000
00000000000000000000000000000000000000000000000000000000000000000000000000000000
00000000000000000000000000000000000000000000000000000000000000000000000000000000
00000000000000000000000000000000000000000000000000000000000000000000000000000000
00000000000000000000000000000000000000000000000000000000000000000000000000000000
00000000000000000000000000000000000000000000000000000000000000000000000000000000
00000000000000000000000000000000000000000000000000000000000000000000000000000000
00000000000000000000000000000000000000000000000000000000000000000000000000000000
00000000000000000000000000000000000000000000000000000000000000000000000000000000
00000000000000000000000000000000000000000000000000000000000000000000000000000000
00000000000000000000000000000000000000000001111110000000000000000000000000000000
00000000000000000000000000000000000000011111000011000000000000000000000000000000
00000000000000000000000000000000000111100000000001000000000000000000000000000000
00000000000000000000000000000000000000000000000001000000000000000000000000000000
00000000000000000000000000000000000000000000000001000000000000000000000000000000
00000000000000000000000000000000000000000100000001000000000000000000000000000000
00000000000000000000000000000000000000000100000011000000000000000000000000000000
00000000000000000000000000000000000000000100000010000000000000000000000000000000
00000000000000000000000000000000000000001100000100000000000000000000000000000000
00000000000000000000000000000000000000001000001100000000000000000000000000000000
00000000000000000000000000000000000000001000001000000000000000000000000000000000
00000000000000000000000000011111100000010000010000000000000000000000000000000000
00000000000000000000010111110000100000010000000000000000000000000000000000000000
00000000000000000000011100000000100000110000000000000111100000000000000000000000
00000000000000000000010000000000100000100000000011111000110000000000000000000000
00000000000000000000010000000000100001100000011110000000010000000000000000000000
00000000000000000000001000000000100001000111110000000000011000000000000000000000
00000000000000000000001000000000100011111000000000000000001000000000000000000000
00000000000000000000001000000001100011100000000000000000001000000000000000000000
00000000000000000000000100000001000000000000000000000000001000000000000000000000
00000000000000000000000100000001010000000000000000000000001000000000000000000000
00000000000000000000000100000111110000000000000000000000001000000000000000000000
00000000000000000000000111111111000000000000000000000000001000000000000000000000
00000000000000000000000010000000000000000000000000000011110000000000000000000000
00000000000000000000000010000000000000000000000000011110010000000000000000000000
00000000000000000000000000000000000000000000000111100000110000000000000000000000
00000000000000000000000000000000000000000111111000000000100000000000000000000000
00000000000000000000000000000000000001111000000000000001000000000000000000000000
00000000000000000000000000000000000111000000000000000001000000000000000000000000
00000000000000000000000000000000000000000000000000000011000000000000000000000000
00000000000000000000000000000000000000000001100000000110000000000000000000000000
00000000000000000000000000000000000000000000111110001100000000000000000000000000
00000000000000000000000000000000000000000000000011111000000000000000000000000000
00000000000000000000000000000000000000000000000000000000000000000000000000000000
00000000000000000000000000000000000000000000000000000000000000000000000000000000
00000000000000000000000000000000000000000000000000000000000000000000000000000000
00000000000000000000000000000000000000000000000000000000000000000000000000000000
00000000000000000000000000000000000000000000000000000000000000000000000000000000
00000000000000000000000000000000000000000000000000000000000000000000000000000000
00000000000000000000000000000000000000000000000000000000000000000000000000000000
00000000000000000000000000000000000000000000000000000000000000000000000000000000
00000000000000000000000000000000000000000000000000000000000000000000000000000000
00000000000000000000000000000000000000000000000000000000000000000000000000000000
00000000000000000000000000000000000000000000000000000000000000000000000000000000
00000000000000000000000000000000000000000000000000000000000000000000000000000000
00000000000000000000000000000000000000000000000000000000000000000000000000000000
00000000000000000000000000000000000000000000000000000000000000000000000000000000
00000000000000000000000000000000000000000000000000000000000000000000000000000000
00000000000000000000000000000000000000000000000000000000000000000000000000000000
