00000000000000000000000000000000000000000000000000000000000000000000000000000000
00000000000000000000000000000000000000000000000000000000000000000000000000000000
00000000000000000000000000000000000000000000000000000000000000000000000000000000
00000000000000000000000000000000000000000000000000000000000000000000000000000000
00000000000000000000000000000000000000000000000000000000000000000000000000000000
00000000000000000000000000000000000000000000000000000000000000000000000000000000
00000000000000000000000000000000000000000000000000000000000000000000000000000000
00000000000000000000000000000000000000000000000000000000000000000000000000000000
00000000000000000000000000000000000000000000000000000000000000000000000000000000
00000000000000000000000000000000000000000000000000000000000000000000000000000000
00000000000000000000000000000000000000000000000000000000000000000000000000000000
00000000000000000000000000000000000000000000000000000000000000000000000000000000
00000000000000000000000000000000000000000000111110000000000000000000000000000000
00000000000000000000000000000000000000001111100010000000000000000000000000000000
00000000000000000000000000000000000011111000000010000000000000000000000000000000
00000000000000000000000000000000000110000000000010000000000000000000000000000000
00000000000000000000000000000011100000000000000010000000000000000000000000000000
00000000000000000000000000001110100000000000000010000000000000000000000000000000
00000000000000000000000101110000100000000001000010000000000000000000000000000000
00000000000000000000000111000000100000000010000010000000000000000000000000000000
00000000000000000000000100000000100000000010000010000000000000000000000000000000
00000000000000000000000100000000100000000110000100000000000000000000000000000000
00000000000000000000000100000000100000000100001100000000000000000000000000000000
00000000000000000000000110000000100000001000001000000000000000000000000000000000
00000000000000000000000010000000100000001000000111111111100000000000000000000000
00000000000000000000000010000000100000010001111100000000100000000000000000000000
00000000000000000000000010000001100000100111000000000000100000000000000000000000
00000000000000000000000010001111100000111000000000000000100000000000000000000000
00000000000000000000000001111001000000000000000000000000100000000000000000000000
00000000000000000000000001100000000000000000000000000000100000000000000000000000
00000000000000000000000001000000000000000000000011111110100000000000000000000000
00000000000000000000000000000000000000000000111100000000100000000000000000000000
00000000000000000000000000000000000000001111000000000000100000000000000000000000
00000000000000000000000000000000000001110000000000000001000000000000000000000000
00000000000000000000000000000000000111000000000000000001000000000000000000000000
00000000000000000000000000000000111000000000000000000011000000000000000000000000
00000000000000000000000000000000100000000000000000000010000000000000000000000000
00000000000000000000000000000000000000000000000000000110000000000000000000000000
00000000000000000000000000000000000000000000000010000100000000000000000000000000
00000000000000000000000000000000000000000000000011101100000000000000000000000000
00000000000000000000000000000000000000000000000000111000000000000000000000000000
00000000000000000000000000000000000000000000000000000000000000000000000000000000
00000000000000000000000000000000000000000000000000000000000000000000000000000000
00000000000000000000000000000000000000000000000000000000000000000000000000000000
00000000000000000000000000000000000000000000000000000000000000000000000000000000
00000000000000000000000000000000000000000000000000000000000000000000000000000000
00000000000000000000000000000000000000000000000000000000000000000000000000000000
00000000000000000000000000000000000000000000000000000000000000000000000000000000
00000000000000000000000000000000000000000000000000000000000000000000000000000000
00000000000000000000000000000000000000000000000000000000000000000000000000000000
00000000000000000000000000000000000000000000000000000000000000000000000000000000
00000000000000000000000000000000000000000000000000000000000000000000000000000000
00000000000000000000000000000000000000000000000000000000000000000000000000000000
00000000000000000000000000000000000000000000000000000000000000000000000000000000
00000000000000000000000000000000000000000000000000000000000000000000000000000000
00000000000000000000000000000000000000000000000000000000000000000000000000000000
00000000000000000000000000000000000000000000000000000000000000000000000000000000
00000000000000000000000000000000000000000000000000000000000000000000000000000000
00000000000000000000000000000000000000000000000000000000000000000000000000000000
00000000000000000000000000000000000000000000000000000000000000000000000000000000
