00000000000000000000000000000000000000000000000000000000000000000000000000000000
00000000000000000000000000000000000000000000000000000000000000000000000000000000
00000000000000000000000000000000000000000000000000000000000000000000000000000000
00000000000000000000000000000000000000000000000000000000000000000000000000000000
00000000000000000000000000000000000000000000000000000000000000000000000000000000
00000000000000000000000000000000000000000000000000000000000000000000000000000000
00000000000000000000000000000000000000000000000000000000000000000000000000000000
00000000000000000000000000000000000000000000000000000000000000000000000000000000
00000000000000000000000000000000000000000000000000000000000000000000000000000000
00000000000000000000000000000000000000000000000000000000000000000000000000000000
00000000000000000000000000000000000000000000000000000000000000000000000000000000
00000000000000000000000000000000000000000000000000000000000000000000000000000000
00000000000000000000000000000000000000000000000001110000000000000000000000000000
00000000000000000000000000000000000000000000111110010000000000000000000000000000
00000000000000000000000000000000000000011111000000011000000000000000000000000000
00000000000000000000000000000000001111110000000000001000000000000000000000000000
00000000000000000000000000000000000000000000000000001000000000000000000000000000
00000000000000000000000000000000000000000000000000001000000000000000000000000000
00000000000000000000000000000000000000000000100000001000000000000000000000000000
00000000000000000000000000000000000000000001000000001000000000000000000000000000
00000000000000000000010000111111110000000001000000001000000000000000000000000000
00000000000000000000011111000000010000000001000000010000000000000000000000000000
00000000000000000000010000000000010000000011000000010000000000000000000000000000
00000000000000000000010000000000010000000010000000100000000000000000000000000000
00000000000000000000011000000000010000000010000001100000000000000000000000000000
00000000000000000000001000000000010000000100000011000000000000000000000000000000
00000000000000000000001000000000010000001100000000011111111100000000000000000000
00000000000000000000001000000000010000001111111111110000000100000000000000000000
00000000000000000000001000000000010000000000000000000000000100000000000000000000
00000000000000000000000100000000010000000000000000000000000100000000000000000000
00000000000000000000000100000000010000000000000000000000000110000000000000000000
00000000000000000000000000000000111000000000000000000000000010000000000000000000
00000000000000000000000000111111100000000000000000000000000010000000000000000000
00000000000000000000000111100000000000000000000000000000000010000000000000000000
00000000000000000000000000000000000000000000000000000000000010000000000000000000
00000000000000000000000010000000000000000000000000000001111110000000000000000000
00000000000000000000000000000000000000000000000001111110000010000000000000000000
00000000000000000000000000000000000000000000001111000000000010000000000000000000
00000000000000000000000000000000000000000111110000000000000010000000000000000000
00000000000000000000000000000000000001111000000000000000000010000000000000000000
00000000000000000000000000000011111111000000000000000000000110000000000000000000
00000000000000000000000000000000000000000000000000000000000100000000000000000000
00000000000000000000000000000000000000000000010000000000000100000000000000000000
00000000000000000000000000000000000000000000001000000000001000000000000000000000
00000000000000000000000000000000000000000000001100000000011000000000000000000000
00000000000000000000000000000000000000000000000111000001110000000000000000000000
00000000000000000000000000000000000000000000000001111111000000000000000000000000
00000000000000000000000000000000000000000000000000000000000000000000000000000000
00000000000000000000000000000000000000000000000000000000000000000000000000000000
00000000000000000000000000000000000000000000000000000000000000000000000000000000
00000000000000000000000000000000000000000000000000000000000000000000000000000000
00000000000000000000000000000000000000000000000000000000000000000000000000000000
00000000000000000000000000000000000000000000000000000000000000000000000000000000
00000000000000000000000000000000000000000000000000000000000000000000000000000000
00000000000000000000000000000000000000000000000000000000000000000000000000000000
00000000000000000000000000000000000000000000000000000000000000000000000000000000
00000000000000000000000000000000000000000000000000000000000000000000000000000000
00000000000000000000000000000000000000000000000000000000000000000000000000000000
00000000000000000000000000000000000000000000000000000000000000000000000000000000
00000000000000000000000000000000000000000000000000000000000000000000000000000000
