00000000000000000000000000000000000000000000000000000000000000000000000000000000
00000000000000000000000000000000000000000000000000000000000000000000000000000000
00000000000000000000000000000000000000000000000000000000000000000000000000000000
00000000000000000000000000000000000000000000000000000000000000000000000000000000
00000000000000000000000000000000000000000000000000000000000000000000000000000000
00000000000000000000000000000000000000000000000000000000000000000000000000000000
00000000000000000000000000000000000000000000000000000000000000000000000000000000
00000000000000000000000000000000000000000000000000000000000000000000000000000000
00000000000000000000000000000000000000000000000000000000000000000000000000000000
00000000000000000000000000000000000000000000000000000000000000000000000000000000
00000000000000000000000000000000000000000000000000000000000000000000000000000000
00000000000000000000000000000000000000000000000000000000000000000000000000000000
00000000000000000000000000000000000000000000000000000000000000000000000000000000
00000000000000000000000000000000000000000000000000000000000000000000000000000000
00000000000000000000000000000000000000000000000000000000000000000000000000000000
00000000000000000000000000000000000000000000000000000000000000000000000000000000
00000000000000000000000000000000000000000000000000000000000000000000000000000000
00000000000000000000000000000000000000000000000000000000000000000000000000000000
00000000000000000000000000000000000000000000011111100000000000000000000000000000
00000000000000000000000000000000000000001111100000100000000000000000000000000000
00000000000000000000000000000000000111111000000000100000000000000000000000000000
00000000000000000000000000000000000000000000000000100000000000000000000000000000
00000000000000000000000000000000000000000000000000100000000000000000000000000000
00000000000000000000000000000000000000000001000000100000000000000000000000000000
00000000000000000000000000000000011000000011000000100000000000000000000000000000
00000000000000000000000000000111111100000010000001100000000000000000000000000000
00000000000000000000000011111000000110000010000001000000000000000000000000000000
00000000000000000000000011000000000010000100000010000000000000000000000000000000
00000000000000000000000001000000000010000100000110000000000000000000000000000000
00000000000000000000000001000000000010001100000100000000000000000000000000000000
00000000000000000000000001000000000100001000000100000000000000000000000000000000
00000000000000000000000001000000000100011000000111111111000000000000000000000000
00000000000000000000000000100000001100010000111000000001000000000000000000000000
00000000000000000000000000100000001000010111000000000001000000000000000000000000
00000000000000000000000000100000111000011100000000000001000000000000000000000000
00000000000000000000000000101111100000000000000000000001000000000000000000000000
00000000000000000000000000010000000000000000000000000001000000000000000000000000
00000000000000000000000000010000000000000000000000000001000000000000000000000000
00000000000000000000000000000000000000000000000001111111000000000000000000000000
00000000000000000000000000000000000000000000011111000001000000000000000000000000
00000000000000000000000000000000000000111111100000000010000000000000000000000000
00000000000000000000000000000000000011100000000000000010000000000000000000000000
00000000000000000000000000000000000000000000000000000110000000000000000000000000
00000000000000000000000000000000000000000000000000000100000000000000000000000000
00000000000000000000000000000000000000000000000000001000000000000000000000000000
00000000000000000000000000000000000000000000000000111000000000000000000000000000
00000000000000000000000000000000000000000000011111100000000000000000000000000000
00000000000000000000000000000000000000000000000000000000000000000000000000000000
00000000000000000000000000000000000000000000000000000000000000000000000000000000
00000000000000000000000000000000000000000000000000000000000000000000000000000000
00000000000000000000000000000000000000000000000000000000000000000000000000000000
00000000000000000000000000000000000000000000000000000000000000000000000000000000
00000000000000000000000000000000000000000000000000000000000000000000000000000000
00000000000000000000000000000000000000000000000000000000000000000000000000000000
00000000000000000000000000000000000000000000000000000000000000000000000000000000
00000000000000000000000000000000000000000000000000000000000000000000000000000000
00000000000000000000000000000000000000000000000000000000000000000000000000000000
00000000000000000000000000000000000000000000000000000000000000000000000000000000
00000000000000000000000000000000000000000000000000000000000000000000000000000000
00000000000000000000000000000000000000000000000000000000000000000000000000000000
