00000000000000000000000000000000000000000000000000000000000000000000000000000000
00000000000000000000000000000000000000000000000000000000000000000000000000000000
00000000000000000000000000000000000000000000000000000000000000000000000000000000
00000000000000000000000000000000000000000000000000000000000000000000000000000000
00000000000000000000000000000000000000000000000000000000000000000000000000000000
00000000000000000000000000000000000000000000000000000000000000000000000000000000
00000000000000000000000000000000000000000000000000000000000000000000000000000000
00000000000000000000000000000000000000000000000000000000000000000000000000000000
00000000000000000000000000000000000000000000000000000000000000000000000000000000
00000000000000000000000000000000000000000000000000000000000000000000000000000000
00000000000000000000000000000000000000000000000000000000000000000000000000000000
00000000000000000000000000000000000000000000000000000000000000000000000000000000
00000000000000000000000000000000000000000000000000000000000000000000000000000000
00000000000000000000000000000000000000000000000000000000000000000000000000000000
00000000000000000000000000000000000000000000000000000000000000000000000000000000
00000000000000000000000000000000000000000000001111111110000000000000000000000000
00000000000000000000000000000000000000000111110000000010000000000000000000000000
00000000000000000000000000000000000000000000000000000010000000000000000000000000
00000000000000000000000000000000000000000000000100000010000000000000000000000000
00000000000000000000000000000000000000000000000100000010000000000000000000000000
00000000000000000000000000000000000011110000001000000110000000000000000000000000
00000000000000000000000000100001111110011000001000001100000000000000000000000000
00000000000000000000000000111110000000001000011000001000000000000000000000000000
00000000000000000000000000100000000000001000010000010000000000000000000000000000
00000000000000000000000000110000000000001000110000100000000000000000000000000000
00000000000000000000000000010000000000001000100000000000111100000000000000000000
00000000000000000000000000010000000000001001000000011111100100000000000000000000
00000000000000000000000000010000000000011011000111110000000110000000000000000000
00000000000000000000000000011000000000010011111100000000000011000000000000000000
00000000000000000000000000001000000000100000000000000000000001000000000000000000
00000000000000000000000000001000000000101000000000000000000001000000000000000000
00000000000000000000000000000100111111111000000000000000000001000000000000000000
00000000000000000000000000000111100000000000000000000000000001000000000000000000
00000000000000000000000000000110000000000000000000000000111111000000000000000000
00000000000000000000000000000000000000000000000000011111100011000000000000000000
00000000000000000000000000000000000000000000001111100000000010000000000000000000
00000000000000000000000000000000000000000111110000000000000110000000000000000000
00000000000000000000000000000000000000001000000000000000000100000000000000000000
00000000000000000000000000000000000000000000000000000000001000000000000000000000
00000000000000000000000000000000000000000000000000000000011000000000000000000000
00000000000000000000000000000000000000000000000000000000110000000000000000000000
00000000000000000000000000000000000000000000000001000001100000000000000000000000
00000000000000000000000000000000000000000000000000111111000000000000000000000000
00000000000000000000000000000000000000000000000000000000000000000000000000000000
00000000000000000000000000000000000000000000000000000000000000000000000000000000
00000000000000000000000000000000000000000000000000000000000000000000000000000000
00000000000000000000000000000000000000000000000000000000000000000000000000000000
00000000000000000000000000000000000000000000000000000000000000000000000000000000
00000000000000000000000000000000000000000000000000000000000000000000000000000000
00000000000000000000000000000000000000000000000000000000000000000000000000000000
00000000000000000000000000000000000000000000000000000000000000000000000000000000
00000000000000000000000000000000000000000000000000000000000000000000000000000000
00000000000000000000000000000000000000000000000000000000000000000000000000000000
00000000000000000000000000000000000000000000000000000000000000000000000000000000
00000000000000000000000000000000000000000000000000000000000000000000000000000000
00000000000000000000000000000000000000000000000000000000000000000000000000000000
00000000000000000000000000000000000000000000000000000000000000000000000000000000
00000000000000000000000000000000000000000000000000000000000000000000000000000000
00000000000000000000000000000000000000000000000000000000000000000000000000000000
00000000000000000000000000000000000000000000000000000000000000000000000000000000
