00000000000000000000000000000000000000000000000000000000000000000000000000000000
00000000000000000000000000000000000000000000000000000000000000000000000000000000
00000000000000000000000000000000000000000000000000000000000000000000000000000000
00000000000000000000000000000000000000000000000000000000000000000000000000000000
00000000000000000000000000000000000000000000000000000000000000000000000000000000
00000000000000000000000000000000000000000000000000000000000000000000000000000000
00000000000000000000000000000000000000000000000000000000000000000000000000000000
00000000000000000000000000000000000000000000000000000000000000000000000000000000
00000000000000000000000000000000000000000000000000000000000000000000000000000000
00000000000000000000000000000000000000000000000000000000000000000000000000000000
00000000000000000000000000000000000000000000000000000000000000000000000000000000
00000000000000000000000000000000000000000000000000000000000000000000000000000000
00000000000000000000000000000000000000000000000000000000000000000000000000000000
00000000000000000000000000000000000000000000000000000000000000000000000000000000
00000000000000000000000000000000000000000000000000000000000000000000000000000000
00000000000000000000000000000000000000000000000000000000000000000000000000000000
00000000000000000000000000000000000000000000000000000000000000000000000000000000
00000000000000000000000000000000000000000000000000000000000000000000000000000000
00000000000000000000000000000000000000000000000000000000000000000000000000000000
00000000000000000000000000000000000000000000000000000000000000000000000000000000
00000000000000000000000000000000000000000000000000000000000000000000000000000000
00000000000000000000000000000000000000000000000000000000000000000000000000000000
00000000000000000000000000000000000000000000000000000000000000000000000000000000
00000000000000000000000000000000000000000000000000000000000000000000000000000000
00000000000000000000000000000000000000000000000000000000000000000000000000000000
00000000000000000000000000000000000000000000000000000000000000000000000000000000
00000000000000000000000000000000000000000000000011111000000000000000000000000000
00000000000000000000000000000000000000000011111110001000000000000000000000000000
00000000000000000000000000000000000000000000000000001000000000000000000000000000
00000000000000000000000000000000000000000000000000001000000000000000000000000000
00000000000000000000000000000000000000000000001000011000000000000000000000000000
00000000000000000000000000000000001111111000011000010000000000000000000000000000
00000000000000000000000000000001111000001000010000100000000000000000000000000000
00000000000000000000000000000111000000001000110001100000000000000000000000000000
00000000000000000000000000000100000000001000100001000000000000000000000000000000
00000000000000000000000000000110000000001001000011000000000000000000000000000000
00000000000000000000000000000010000000001011000000001111100000000000000000000000
00000000000000000000000000000010000000001110001111110000100000000000000000000000
00000000000000000000000000000011000000011111111000000000010000000000000000000000
00000000000000000000000000000001011111111000000000000000010000000000000000000000
00000000000000000000000000000001110000000000000000000000010000000000000000000000
00000000000000000000000000000001000000000000000000000000010000000000000000000000
00000000000000000000000000000000000000000000000000000000010000000000000000000000
00000000000000000000000000000000000000000000000000000000010000000000000000000000
00000000000000000000000000000000000000000000001111111111110000000000000000000000
00000000000000000000000000000000000000000011111000000000100000000000000000000000
00000000000000000000000000000000001111111110000000000000100000000000000000000000
00000000000000000000000000000000000000000000000000000000100000000000000000000000
00000000000000000000000000000000000000000000000000000001100000000000000000000000
00000000000000000000000000000000000000000000001100000001000000000000000000000000
00000000000000000000000000000000000000000000000110000011000000000000000000000000
00000000000000000000000000000000000000000000000011000110000000000000000000000000
00000000000000000000000000000000000000000000000001111100000000000000000000000000
00000000000000000000000000000000000000000000000000000000000000000000000000000000
00000000000000000000000000000000000000000000000000000000000000000000000000000000
00000000000000000000000000000000000000000000000000000000000000000000000000000000
00000000000000000000000000000000000000000000000000000000000000000000000000000000
00000000000000000000000000000000000000000000000000000000000000000000000000000000
00000000000000000000000000000000000000000000000000000000000000000000000000000000
00000000000000000000000000000000000000000000000000000000000000000000000000000000
