00000000000000000000000000000000000000000000000000000000000000000000000000000000
00000000000000000000000000000000000000000000000000000000000000000000000000000000
00000000000000000000000000000000000000000000000000000000000000000000000000000000
00000000000000000000000000000000000000000000000000000000000000000000000000000000
00000000000000000000000000000000000000000000000000000000000000000000000000000000
00000000000000000000000000000000000000000000000000000000000000000000000000000000
00000000000000000000000000000000000000000000000000000000000000000000000000000000
00000000000000000000000000000000000000000000000000000000000000000000000000000000
00000000000000000000000000000000000000000000000000000000000000000000000000000000
00000000000000000000000000000000000000000000000000000000000000000000000000000000
00000000000000000000000000000000000000000000000000000000000000000000000000000000
00000000000000000000000000000000000000000000000000000000000000000000000000000000
00000000000000000000000000000000000000000000000000000000000000000000000000000000
00000000000000000000000000000000000000000000000000000000000000000000000000000000
00000000000000000000000000000000000000000000000000000000000000000000000000000000
00000000000000000000000000000000000000000000000000000000000000000000000000000000
00000000000000000000000000000000000000000000000000000000000000000000000000000000
00000000000000000000000000000000000000000000000000000000000000000000000000000000
00000000000000000000000000000000000000000000000000000000000000000000000000000000
00000000000000000000000000000000000000000000000000000000000000000000000000000000
00000000000000000000000000000000000000000000000000000000000000000000000000000000
00000000000000000000000000000000000000000000000000000000000000000000000000000000
00000000000000000000000011111111000000000000000000000000000000000000000000000000
00000000000000000000011110000001100000000000000000000000000000000000000000000000
00000000000000011111100000000000100000000000000000000000000000000000000000000000
00000000000000000000000000000000100000000000000000000000000000000000000000000000
00000000000000000000000000000000100000000000000000000000000000000000000000000000
00000000000000000000001000000000100000000000000000000000000000000000000000000000
00000000000000000000001000000001000000000000000000000000000000000000000000000000
00000000000000000000001000000001000000000000000000000000000000000000000000000000
00000000000000000000001000000011000000000000000000000000000000000000000000000000
00000000000000000000001000000010000000000000000000000000000000000000000000000000
00000000000000000000001000000110000000000000000000000000000000000000000000000000
00001000011111111100000001000000100000000000000000000000000000000000000000000000
00001011110000000100000001000001100000000000000000000000000000000000000000000000
00001110000000000100000011000011000000000000000000000000000000000000000000000000
00001100000000000100000010000010111111000000000000000000000000000000000000000000
00000100000000000100000110001111000000100000000000000000000000000000000000000000
00000100000000000100000101111000000000100000000000000000000000000000000000000000
00000110000000000100001111000000000000110000000000000000000000000000000000000000
00000010000000000100001100000000000000010000000000000000000000000000000000000000
00000011000000111100000000000000000000010000000000000000000000000000000000000000
00000011011111001000000000000000000000010000000000000000000000000000000000000000
00000001110000001000000000000000000000010000000000000000000000000000000000000000
00000000000000000000000000000000000000010000000000000000000000000000000000000000
00000000000000000000000000000000000000010000000000000000000000000000000000000000
00000000000000000000000000000001111111110000000000000000000000000000000000000000
00000000000000000000000000111111000000010000000000000000000000000000000000000000
00000000000000000000000111100000000000010000000000000000000000000000000000000000
00000000000000111111111100000000000000010000000000000000000000000000000000000000
00000000000000000000000000000000000000010000000000000000000000000000000000000000
00000000000000000000000000000000000000010000000000000000000000000000000000000000
00000000000000000000000000000000000000010000000000000000000000000000000000000000
00000000000000000000000000000000000000110000000000000000000000000000000000000000
00000000000000000000000000000100000000100000000000000000000000000000000000000000
00000000000000000000000000000010000001100000000000000000000000000000000000000000
00000000000000000000000000000001000011000000000000000000000000000000000000000000
00000000000000000000000000000000111110000000000000000000000000000000000000000000
00000000000000000000000000000000000000000000000000000000000000000000000000000000
00000000000000000000000000000000000000000000000000000000000000000000000000000000
