00000000000000000000000000000000000000000000000000000000000000000000000000000000
00000000000000000000000000000000000000000000000000000000000000000000000000000000
00000000000000000000000000000000000000000000000000000000000000000000000000000000
00000000000000000000000000000000000000000000000000000000000000000000000000000000
00000000000000000000000000000000000000000000000000000000000000000000000000000000
00000000000000000000000000000000000000000000000000000000000000000000000000000000
00000000000000000000000000000000000000000000000000000000000000000000000000000000
00000000000000000000000000000000000000000000000000000000000000000000000000000000
00000000000000000000000000000000000000000000000000000000000000000000000000000000
00000000000000000000000000000000000000000000000000000000000000000000000000000000
00000000000000000000000000000000000000000000000000000000000000000000000000000000
00000000000000000000000000000000000000000000000000000000000000000000000000000000
00000000000000000000000000000000000000000000000000000000000000000000000000000000
00000000000000000000000000000000000000000000000000000000000000000000000000000000
00000000000000000000000000000000000001000000000000000000000000000000000000000000
00000000000000000000000000010000000001000000100000000000000000000000000000000000
00000000000000000000000000011000000001000001000000000000000000000000000000000000
00000000000000000000000000001100000001100001000000000000000000000000000000000000
00000000000000000000000000000100000000100011000000000000000000000000000000000000
00000000000000000000000000000110000000110010000000000000000000000000000000000000
00000000000000000000000000000011000000010010000000000000000000000000000000000000
00000000000000000000000000000001000000001100000000000000000000000000000000000000
00000000000000000000000000000001100000000100000000000000000000000000000000000000
00000000000000000000000000000000100000000100000000011111000000000000000000000000
00000000000000000000000000000000010000001111111111110000000000000000000000000000
00000000000000000000000000000000011111011000000000000000000000000000000000000000
00000000000000000000000000111111100000000000000000000000000000000000000000000000
00000000000000000000111111000000000000000000000000000000000000000000000000000000
00000000000000000000000000000000000000000000000000000000000000000000000000000000
00000000000000000000000000000000000000000001100000000000000000000000000000000000
00000000000000000000000000000001000000000000100000000000000000000000000000000000
00000000000000000000000000000001000000000000010000000000000000000000000000000000
00000000000000000000000000000001000000000000011000000000000000000000000000000000
00000000000000000000000000000001000000000000001000000000000000000000000000000000
00000000000000000000000000000001100000000000000100000000000000000000000000000000
00000000000000000000000000000000100000000000000110000000000000000000000000000000
00000000000000000000000000000000111000000000000010000000000000000000000000000000
00000000000000000000000000000000000000000000000011000000000000000000000000000000
00000000000000000000000000000000000000000000000001000000000000000000000000000000
00000000000000000000000000000000000000000000000000000000000000000000000000000000
00000000000000000000000000000000000000000000000000000000000000000000000000000000
00000000000000000000000000000000000000000000000000000000000000000000000000000000
00000000000000000000000000000000000000000000000000000000000000000000000000000000
00000000000000000000000000000000000000000000000000000000000000000000000000000000
00000000000000000000000000000000000000000000000000000000000000000000000000000000
00000000000000000000000000000000000000000000000000000000000000000000000000000000
00000000000000000000000000000000000000000000000000000000000000000000000000000000
00000000000000000000000000000000000000000000000000000000000000000000000000000000
00000000000000000000000000000000000000000000000000000000000000000000000000000000
00000000000000000000000000000000000000000000000000000000000000000000000000000000
00000000000000000000000000000000000000000000000000000000000000000000000000000000
00000000000000000000000000000000000000000000000000000000000000000000000000000000
00000000000000000000000000000000000000000000000000000000000000000000000000000000
00000000000000000000000000000000000000000000000000000000000000000000000000000000
00000000000000000000000000000000000000000000000000000000000000000000000000000000
00000000000000000000000000000000000000000000000000000000000000000000000000000000
00000000000000000000000000000000000000000000000000000000000000000000000000000000
00000000000000000000000000000000000000000000000000000000000000000000000000000000
00000000000000000000000000000000000000000000000000000000000000000000000000000000
00000000000000000000000000000000000000000000000000000000000000000000000000000000
