00000000000000000000000000000000000000000000000000000000000000000000000000000000
00000000000000000000000000000000000000000000000000000000000000000000000000000000
00000000000000000000000000000000000000000000000000000000000000000000000000000000
00000000000000000000000000000000000000000000000000000000000000000000000000000000
00000000000000000000000000000000000000000000000000000000000000000000000000000000
00000000000000000000000000000000000000000000000000000000000000000000000000000000
00000000000000000000000000000000000000000000000000000000000000000000000000000000
00000000000000000000000000000000000000000000000000000000000000000000000000000000
00000000000000000000000000000000000000000000000000000000000000000000000000000000
00000000000000000000000000000000000000000000000000000000000000000000000000000000
00000000000000000000000000000000000000000000000000000000000000000000000000000000
00000000000000000000000000000000000000000000000000000000000000000000000000000000
00000000000000000000000000000000000000000000000000000000000000000000000000000000
00000000000000000000000000000000000000000000000000000000000000000000000000000000
00000000000000000000000000000000000000000000000000000000000000000000000000000000
00000000000000000000000000000000000000000000000000000000000000000000000000000000
00000000000000000000000000000000000000000000000000000000000000000000000000000000
00000000000000000000000000000000000000000000000000000000000000000000000000000000
00000000000000000000000000000000000000000000000000000000000000000000000000000000
00000000000000000000000000000000000000000000000000000000000000000000000000000000
00000000000000000000000000000000000000000000000000000000000000000000000000000000
00000000000000000000000000000000000000000000000000000000000000000000000000000000
00000000000000000000000000000000000000000000000000000000000000000000000000000000
00000000000000000000000000000000000000000000000000000000000000000000000000000000
00000000000000000000000000000000000000000000000000000000000000000000000000000000
00000000000000000000000000000000000000000000000000000000000000000000000000000000
00000000000000000000000000000000000000000000000000000000000000000000000000000000
00000000000000000000000000000000000000000000000000000000000000000000000000000000
00000000000000000000000001000000000000000000000000000000000000000000000000000000
00000000000000000000000001000000000000000000000000000000000000000000000000000000
00000000000000000000000001000000000000000000000000000000000000000000000000000000
00000111111110000011000001000000000000000000000000000000000000000000000000000000
00000000000000000001100001000000000000000000000000000000000000000000000000000000
00000000001000000000110001000000000000000000000000000000000000000000000000000000
00000000001000000000011001000000000000000000000000000000000000000000000000000000
00000000001001111100001001000000000000000000000000000000000000000000000000000000
00000000011111000010000001000000000000000000000000000000000000000000000000000000
00000111101000000011000001000000000000000000000000000000000000000000000000000000
01111100001000000001100001000000000000000000000000000000000000000000000000000000
00000000011110000000100001000000000000000000000000000000000000000000000000000000
00000000011010000000000001000000000000000000000000000000000000000000000000000000
00000000111001100000000111111111110000000000000000000000000000000000000000000000
00000000101000110011111101000000000000000000000000000000000000000000000000000000
00000001001000011110000001000000000000000000000000000000000000000000000000000000
00000010001000100000000001000000000000000000000000000000000000000000000000000000
00000110001000000000000001000000000000000000000000000000000000000000000000000000
00000000001000000000000001000000000000000000000000000000000000000000000000000000
00000000001000000000000001000000000000000000000000000000000000000000000000000000
00000000001000000000000001000000000000000000000000000000000000000000000000000000
00000000001000000000000001000000000000000000000000000000000000000000000000000000
00000000001000000000000001000000000000000000000000000000000000000000000000000000
00000000001000000000000001000000000000000000000000000000000000000000000000000000
00000000001000000000000001000000000000000000000000000000000000000000000000000000
00000000001000000000000001000000000000000000000000000000000000000000000000000000
00000000000000000000000001000000000000000000000000000000000000000000000000000000
00000000000000000000000001000000000000000000000000000000000000000000000000000000
00000000000000000000000001000000000000000000000000000000000000000000000000000000
00000000000000000000000001000000000000000000000000000000000000000000000000000000
00000000000000000000000001000000000000000000000000000000000000000000000000000000
00000000000000000000000000000000000000000000000000000000000000000000000000000000
