00000000000000000000000000000000000000000000000000000000000000000000000000000000
00000000000000000000000000000000000000000000000000000000000000000000000000000000
00000000000000000000000000000000000000000000000000000000000000000000000000000000
00000000000000000000000000000000000000000000000000000000000000000000000000000000
00000000000000000000000000000000000000000000000000000000000000000000000000000000
00000000000000000000000000000000000000000000000000000000000000000000000000000000
00000000000000000000000000000000000000000000000000000000000000000000000000000000
00000000000000000000000000000000000000000000000000000000000000000000000000000000
00000000000000000000000000000000000000000000000000000000000000000000000000000000
00000000000000000000000000000000000000000000000000000000000000000000000000000000
00000000000000000000000000000000000000000000000000000000000000000000000000000000
00000000000000000000000000000000000000000000000000000000000000000000000000000000
00000000000000000000000000000000000000000000000000000000000000000000000000000000
00000000000000000000000000000000000000000000000000000000000000000000000000000000
00000000000000000000000000000000000000000000000000000000000000000000000000000000
00000000000000000000000000000000000000000000000000000000000000000000000000000000
00000000000000000000000000000000000000000000000000000000000000000000000000000000
00000000000000000000000000000000000001000000000000000000000000000000000000000000
00000000000000000000000000000000000001000000000000000000000000000000000000000000
00000000000000000000000000000000000001000000000000000000000000000000000000000000
00000000000000000000000001000000000001000000000000000000000000000000000000000000
00000000000000000000000001000000000001000000000000000000000000000000000000000000
00000000000000000000000010000001000001000000000000000000000000000000000000000000
00000000000000000000000100000001100001000000000000000000000000000000000000000000
00000000000000000000011000000000110001000000000000000000000000000000000000000000
00000000000000000000111000000000010001000000000000000000000000000000000000000000
00000000000000000111101000000000010001000000000000000000000000000000000000000000
00000000000000001000001000000000000001000000000000000000000000000000000000000000
00000000000000000000001100000000000001000000000000000000000000000000000000000000
00000000000000000000000111111111000001000000000000000000000000000000000000000000
00000000000000000001111100000011000001000000000000000000000000000000000000000000
00000000000000011111001100000001100001000000000000000000000000000000000000000000
00000000000001110000001110000000100001001111111100000000000000000000000000000000
00000000011111000000001111000000110001110000000000000000000000000000000000000000
00000000000000000000001101100000000111000000000000000000000000000000000000000000
00000000000000000000010110110000011101000000000000000000000000000000000000000000
00000000000000000000010010011011100001000000000000000000000000000000000000000000
00000000000000000000100010011110000000100000000000000000000000000000000000000000
00000000000000000001100010000000000000100000000000000000000000000000000000000000
00000000000000000001000010000000000000100000000000000000000000000000000000000000
00000000000000000011000010000000000000100000000000000000000000000000000000000000
00000000000000000110000010000000000000100000000000000000000000000000000000000000
00000000000000001100000010000000000000100000000000000000000000000000000000000000
00000000000000001000000010000000000000100000000000000000000000000000000000000000
00000000000000000000000010000000000000100000000000000000000000000000000000000000
00000000000000000000000010000000000000100000000000000000000000000000000000000000
00000000000000000000000010000000000000100000000000000000000000000000000000000000
00000000000000000000000010000000000000100000000000000000000000000000000000000000
00000000000000000000000110000000000000100000000000000000000000000000000000000000
00000000000000000000000100000000000000100000000000000000000000000000000000000000
00000000000000000000000100000000000000100000000000000000000000000000000000000000
00000000000000000000000100000000000000100000000000000000000000000000000000000000
00000000000000000000000100000000000000100000000000000000000000000000000000000000
00000000000000000000000100000000000000100000000000000000000000000000000000000000
00000000000000000000000100000000000000100000000000000000000000000000000000000000
00000000000000000000000100000000000000100000000000000000000000000000000000000000
00000000000000000000000100000000000000100000000000000000000000000000000000000000
00000000000000000000000000000000000000110000000000000000000000000000000000000000
00000000000000000000000000000000000000010000000000000000000000000000000000000000
00000000000000000000000000000000000000000000000000000000000000000000000000000000
