00000000000000000000000000000000000000000000000000000000000000000000000000000000
00000000000000000000000000000000000000000000000000000000000000000000000000000000
00000000000000000000000000000000000000000000000000000000000000000000000000000000
00000000000000000000000000000000000000000000000000000000000000000000000000000000
00000000000000000000000000000000000000000000000000000000000000000000000000000000
00000000000000000000000000000000000000000000000000000000000000000000000000000000
00000000000000000000000000000000000000000000000000000000000000000000000000000000
00000000000000000000000000000000000000000000000000000000000000000000000000000000
00000000000000000000000000000000000000000000000000000000000000000000000000000000
00000000000000000000000000000000000000000000000000000000000000000000000000000000
00000000000000000000000000000000000000000000000000000000000000000000000000000000
00000000000000000000000000000000000000000000000000000000000000000000000000000000
00000000000000000000000000000000000000000000000000000000000000000000000000000000
00000000000000000000000000000000000000000000000000000000000000000000000000000000
00000000000000000000000000000000000000000000000000000000000000000000000000000000
00000000000000000000000000000000000000000000000000000000000000000000000000000000
00000000000000000000000000000000000000000000000000000000000000000000000000000000
00000000000000000000000000000000000000000000000000000000000000000000000000000000
00000000000000000000000000000000000000000000000000000000000000000000000000000000
00000000000000000000000000000000000000000000000000000000000000000000000000000000
00000000000000000000000000000000000000000000000000000000000000000000000000000000
00000000000000000000000000000000000000000000000000000000000000000000000000000000
00000000000000000000000000000000000000000000000000000000000000000000000000000000
00000000000000000000000000000000000000000000000000000000000000000000000000000000
00000000000000000000000000000000000000000000000000000000000000000000000000000000
00000000000000000000000000000000000000000000000000000000000000000000000000000000
00000000000000000000000000000000000000000000000000000000000000000000000000000000
00000000000000000000000000000000000000000000000000000000000000000000000000000000
00000000000000000000000000000000000000000000000000000000000000000000000000000000
00000000000000000000000000000000000000010000000000000000000000000000000000000000
00000000000000000000000000000000000000010000000000000000000000000000000000000000
00000000000000000000000000000000000000110000000000000000000000000000000000000000
00000000000000000000000000000000000001100000000000100000000000000000000000000000
00000000000000000000000000000000000011000000001000100000000000000000000000000000
00000000000000000000000000000000001110000000001000100000000000000000000000000000
00000000000000000000000000000000111000100000001100100000000000000000000000000000
00000000000000000000000000000011100000100000000000100000000000000000000000000000
00000000000000000000000000000000000000110000000000100000000000000000000000000000
00000000000000000000000000000000000000010111111000100000000000000000000000000000
00000000000000000000000000000000000001111000001100100111100000000000000000000000
00000000000000000000000000000000011110110000000100111100000000000000000000000000
00000000000000000000000000000111100000011100000011100000000000000000000000000000
00000000000000000000000000001111000000000011110111110100000000000000000000000000
00000000000000000000000000000000000000000011001000000100000000000000000000000000
00000000000000000000000000000000000000000101000111000100000000000000000000000000
00000000000000000000000000000000000000001001000001000100000000000000000000000000
00000000000000000000000000000000000000011000100000000100000000000000000000000000
00000000000000000000000000000000000000110000100000000100000000000000000000000000
00000000000000000000000000000000000000000000100000000100000000000000000000000000
00000000000000000000000000000000000000000000100000000100000000000000000000000000
00000000000000000000000000000000000000000000100000000100000000000000000000000000
00000000000000000000000000000000000000000000100000000100000000000000000000000000
00000000000000000000000000000000000000000000100000000100000000000000000000000000
00000000000000000000000000000000000000000000000000000110000000000000000000000000
00000000000000000000000000000000000000000000000000000010000000000000000000000000
00000000000000000000000000000000000000000000000000000010000000000000000000000000
00000000000000000000000000000000000000000000000000000010000000000000000000000000
00000000000000000000000000000000000000000000000000000010000000000000000000000000
00000000000000000000000000000000000000000000000000000010000000000000000000000000
00000000000000000000000000000000000000000000000000000010000000000000000000000000
