00000000000000000000000000000000000000000000000000000000000000000000000000000000
00000000000000000000000000000000000000000000000000000000000000000000000000000000
00000000000000000000000000000000000000000000000000000000000000000000000000000000
00000000000000000000000000000000000000000000000000000000000000000000000000000000
00000000000000000000000000000000000000000000000000000000000000000000000000000000
00000000000000000000000000000000000000000000000000000000000000000000000000000000
00000000000000000000000000000000000000000000000000000000000000000000000000000000
00000000000000000000000000000000000000000000000000000000000000000000000000000000
00000000000000000000000000000000000000000000000000000000000000000000000000000000
00000000000000000000000000000000000000000000000000000000000000000000000000000000
00000000000000000000000000000000000000000000000000000000000000000000000000000000
00000000000000000000000000000000000000000000000000000000000000000000000000000000
00000000000000000000000000000000000000000000000000000000000000000000000000000000
00000000000000000000000000000000000000000000000000000000000000000000000000000000
00000000000000000000000000000000000000000000000000000000000000000000000000000000
00000000000000000000000000000000000000000000000000000000000000000000000000000000
00000000000000000000000000000000000000000000000000000000000000000000000000000000
00000000000000000000000000000000000000000000000000000000000000000000000000000000
00000000000000000000000000000000000000000000000000000000000000000000000000000000
00000000000000000000000000000000000000000000000000000000000000000000000000000000
00000000000000000000000000000000000000000000000000000000000000000000000000000000
00000000000000000000000000000000000000000000000000000000000000000000000000000000
00000000000000000000000000000000000000000000000000000000000000000000000000000000
00000000000000000000000000000000000000000000000000000000000000000000000000000000
00000000000000000000000000000000000000000000000000000000000000000000000000000000
00000000000000000000000000000000000000000000000000000000000000000000000000000000
00000000000000000000000000000000000000000000000000000000000000000000000000000000
00000000000000000000000000000000000000000000000000000000000000000000000000000000
00000000000000000000000000000000000000000000000000000000000000000000000000000000
00000000000000000000000000000000000000000000000000000000000000000000000000000000
00000000000000000000000000000000000000000000000000000000000000000000000000000000
00000000000000000000000000000000000000000000000000000000000000000000000000000000
00000000000000000000000000000000000001000000100010000000000000000000000000000000
00000000000000000000000000000000000011000000100010000000000000000000000000000000
00000000000000000000000000000000000110000000110010000000000000000000000000000000
00000000000000000000000000000000001110000000010010000000000000000000000000000000
00000000000000000000000000000000011010000000011010000000000000000000000000000000
00000000000000000000000000000000110010000000001010000000000000000000000000000000
00000000000000000000000000000000000010000001000010000000000000000000000000000000
00000000000000000000000000000000000010011111100010000000000000000000000000000000
00000000000000000000000000000000011111110000100010000000000000000000000000000000
00000000000000000000000000011111100111100000110010000000000000000000000000000000
00000000000000000000000000110000000110100000010010000000000000000000000000000000
00000000000000000000000000000000000110110000000111111110000000000000000000000000
00000000000000000000000000000000001110011000111010000000000000000000000000000000
00000000000000000000000000000000001010001111100010000000000000000000000000000000
00000000000000000000000000000000011010000000000001000000000000000000000000000000
00000000000000000000000000000000110010000000000001000000000000000000000000000000
00000000000000000000000000000001100010000000000001000000000000000000000000000000
00000000000000000000000000000000000010000000000001000000000000000000000000000000
00000000000000000000000000000000000010000000000001000000000000000000000000000000
00000000000000000000000000000000000010000000000001000000000000000000000000000000
00000000000000000000000000000000000010000000000001000000000000000000000000000000
00000000000000000000000000000000000010000000000001000000000000000000000000000000
00000000000000000000000000000000000010000000000001000000000000000000000000000000
00000000000000000000000000000000000010000000000001000000000000000000000000000000
00000000000000000000000000000000000000000000000001000000000000000000000000000000
00000000000000000000000000000000000000000000000001100000000000000000000000000000
00000000000000000000000000000000000000000000000000100000000000000000000000000000
00000000000000000000000000000000000000000000000000100000000000000000000000000000
