00000000000000000000000000000000000000000000000000000000000000000000000000000000
00000000000000000000000000000000000000000000000000000000000000000000000000000000
00000000000000000000000000000000000000000000000000000000000000000000000000000000
00000000000000000000000000000000000000000000000000000000000000000000000000000000
00000000000000000000000000000000000000000000000000000000000000000000000000000000
00000000000000000000000000000000000000000000000000000000000000000000000000000000
00000000000000000000000000000000000000000000000000000000000000000000000000000000
00000000000000000000000000000000000000000000000000000000000000000000000000000000
00000000000000000000000000000000000000000000000000000000000000000000000000000000
00000000000000000000000000000000000000000000000000000000000000000000000000000000
00000000000000000000000000000000000000000000000000000000000000000000000000000000
00000000000000000000000000000000000000000000000000000000000000000000000000000000
00000000000000000000000000000000000000000000000000000000000000000000000000000000
00000000000000000000000000000000000000000000000000000000000000000000000000000000
00000000000000000000000000000000000000000000000000000000000000000000000000000000
00000000000000000000000000000000000000000000000000000000000000000000000000000000
00000000000000000000000000000000000000000000000000000000000000000000000000000000
00000000000000000000000000000000000000000000000000000000000000000000000000000000
00000000000000000000000000000000000000000000000000000000000000000000000000000000
00000000000000000000000000000000000000000000000000000000000000000000000000000000
00000000000000000000000000000000000000000000000000000000000000000000000000000000
00000000000000000000000000000000000000000000000000000000000000000000000000000000
00000000000000000000000000000000000000000000000000000000000000000000000000000000
00000000000000000000000000000000000000000000000000000000000000000000000000000000
00000000000000000000000000000000000000000000000000000000000000000000000000000000
00000000000000000000000000000000000000000000000000000000000000000000000000000000
00000000000000000000000000000000000000000000000000000000000000000000000000000000
00000000000000000000000000001000000000000000000000000000000000000000000000000000
00000000000000010000000000001000000000000000000000000000000000000000000000000000
00000000000000010000011000001000000000000000000000000000000000000000000000000000
00000000000000100000001100001100000000000000000000000000000000000000000000000000
00000000000001110000000110000100000000000000000000000000000000000000000000000000
00000000000110010000000011000100000000000000000000000000000000000000000000000000
00000000011100010000000000000100000000000000000000000000000000000000000000000000
00000000000000010000111000000100000000000000000000000000000000000000000000000000
00000000000001111111101110000100000111100000000000000000000000000000000000000000
00000000001111010000000010000101111000000000000000000000000000000000000000000000
00011111110000011000000000011110000000000000000000000000000000000000000000000000
00000000000000011000000011100100000000000000000000000000000000000000000000000000
00000000000000111101111110000100000000000000000000000000000000000000000000000000
00000000000000101011000000000100000000000000000000000000000000000000000000000000
00000000000011001001100000000100000000000000000000000000000000000000000000000000
00000000000110001000110000000100000000000000000000000000000000000000000000000000
00000000000100001000000000000100000000000000000000000000000000000000000000000000
00000000001000001000000000000010000000000000000000000000000000000000000000000000
00000000011000001000000000000010000000000000000000000000000000000000000000000000
00000000100000001000000000000010000000000000000000000000000000000000000000000000
00000011000000001000000000000010000000000000000000000000000000000000000000000000
00000000000000001000000000000010000000000000000000000000000000000000000000000000
00000000000000001000000000000010000000000000000000000000000000000000000000000000
00000000000000001000000000000010000000000000000000000000000000000000000000000000
00000000000000001000000000000010000000000000000000000000000000000000000000000000
00000000000000001000000000000010000000000000000000000000000000000000000000000000
00000000000000000000000000000010000000000000000000000000000000000000000000000000
00000000000000000000000000000010000000000000000000000000000000000000000000000000
00000000000000000000000000000010000000000000000000000000000000000000000000000000
00000000000000000000000000000010000000000000000000000000000000000000000000000000
00000000000000000000000000000010000000000000000000000000000000000000000000000000
00000000000000000000000000000000000000000000000000000000000000000000000000000000
00000000000000000000000000000000000000000000000000000000000000000000000000000000
