00000000000000000000000000000000000000000000000000000000000000000000000000000000
00000000000000000000000000000000000000000000000000000000000000000000000000000000
00000000000000000000000000000000000000000000000000000000000000000000000000000000
00000000000000000000000000000000000000000000000000000000000000000000000000000000
00000000000000000000000000000000000000000000000000000000000000000000000000000000
00000000000000000000000000000000000000000000000000000000000000000000000000000000
00000000000000000000000000000000000000000000000000000000000000000000000000000000
00000000000000000000000000000000000000000000000000000000000000000000000000000000
00000000000000000000000000000000000000000000000000000000000000000000000000000000
00000000000000000000000000000000000000000000000000000000000000000000000000000000
00000000000000000000000000000000000000000000000000000000000000000000000000000000
00000000000000000000000000000000000000000000000000000000000000000000000000000000
00000000000000000000000000000000000000000000000000000000000000000000000000000000
00000000000000000000000000000000000000000000000000000000000000000000000000000000
00000000000000000000000000000000000000000000000000000000000000000000000000000000
00000000000000000000000000000000000000000000000000000000000000000000000000000000
00000000000000000000000000000000000000000000000000000000000000000000000000000000
00000000000000000000000000000000000000000000000000000000000000000000000000000000
00000000000000000000000000000000000000000000000000000000000000000000000000000000
00000000000000000000000000000000000000000000000000000000000000000000000000000000
00000000000000000000000000000000000000000000000000000000000000000000000000000000
00000000000000000000000000000000000000000000000000000000000000000000000000000000
00000000000000000000000000000000000000000000000000000000000000000000000000000000
00000000000000000000000000000000000000000000000000000000000000000000000000000000
00000000000000000000000000000000000000000000000000000000000000000000000000000000
00000000000000000000000000000000000000000000000000000000000000000000000000000000
00000000000000000000000000000000000000000000000000000000000000000000000000000000
00000000000000000000001000000000000000000000000000000000000000000000000000000000
00000000000000000000011000000000100000000000000000000000000000000000000000000000
00000000000000000000010000000000100000000000000000000000000000000000000000000000
00000000000000000000110000000000100000000000000000000000000000000000000000000000
00000000000000000001100000010000100000000000000000000000000000000000000000000000
00000000000000000111100000010000100000000000000000000000000000000000000000000000
00000000000000011100100000001000100000000000000000000000000000000000000000000000
00000000000001110000100000001100100000000000000000000000000000000000000000000000
00000000000000000000100000000100100000000000000000000000000000000000000000000000
00000000000000000000100000010000100000000000000000000000000000000000000000000000
00000000000000000111111111111000100000000000000000000000000000000000000000000000
00000000000000011101010000001100100000000000000000000000000000000000000000000000
00000000011111100001011000000000101111100000000000000000000000000000000000000000
00000000000000000011011000001111111000110000000000000000000000000000000000000000
00000000000000000010010111111000100000000000000000000000000000000000000000000000
00000000000000000010010110000000100000000000000000000000000000000000000000000000
00000000000000000100010011000000100000000000000000000000000000000000000000000000
00000000000000000100010001100000100000000000000000000000000000000000000000000000
00000000000000001000010000000000100000000000000000000000000000000000000000000000
00000000000000011000010000000000100000000000000000000000000000000000000000000000
00000000000000110000010000000000100000000000000000000000000000000000000000000000
00000000000001100000010000000000100000000000000000000000000000000000000000000000
00000000000000000000010000000000100000000000000000000000000000000000000000000000
00000000000000000000010000000000100000000000000000000000000000000000000000000000
00000000000000000000010000000000100000000000000000000000000000000000000000000000
00000000000000000000010000000000100000000000000000000000000000000000000000000000
00000000000000000000010000000000100000000000000000000000000000000000000000000000
00000000000000000000010000000000100000000000000000000000000000000000000000000000
00000000000000000000100000000000100000000000000000000000000000000000000000000000
00000000000000000000000000000000100000000000000000000000000000000000000000000000
00000000000000000000000000000000110000000000000000000000000000000000000000000000
00000000000000000000000000000000000000000000000000000000000000000000000000000000
00000000000000000000000000000000000000000000000000000000000000000000000000000000
