00000000000000000000000000000000000000000000000000000000000000000000000000000000
00000000000000000000000000000000000000000000000000000000000000000000000000000000
00000000000000000000000000000000000000000000000000000000000000000000000000000000
00000000000000000000000000000000000000000000000000000000000000000000000000000000
00000000000000000000000000000000000000000000000000000000000000000000000000000000
00000000000000000000000000000000000000000000000000000000000000000000000000000000
00000000000000000000000000000000000000000000000000000000000000000000000000000000
00000000000000000000000000000000000000000000000000000000000000000000000000000000
00000000000000000000000000000000000000000000000000000000000000000000000000000000
00000000000000000000000000000000000000000000000000000000000000000000000000000000
00000000000000000000000000000000000000000000000000000000000000000000000000000000
00000000000000000000000000000000000000000000000000000000000000000000000000000000
00000000000000000000000000000000000000000000000000000000000000000000000000000000
00000000000000000000000000000000000000000000000000000000000000000000000000000000
00000000000000000000000000000000000000000000000000000000000000000000000000000000
00000000000000000000000000000000000000000000000000000000000000000000000000000000
00000000000000000000000000000000000000000000000000000000000000000000000000000000
00000000000000000000000000000000000000000000000000000000000000000000001000000000
00000000000000000000000000000000000000000000000000000000000000000000001000000000
00000000000000000000000000000000000000000000000000000000000000000000001000000000
00000000000000000000000000000000000000000000000000000000000000001100001000000000
00000000000000000000000000000000000000000000000000000000100000000100001000000000
00000000000000000000000000000000000000000000000000000001100000000110001000000000
00000000000000000000000000000000000000000000000000000011000000000011001000000000
00000000000000000000000000000000000000000000000000000110000000000001001000000000
00000000000000000000000000000000000000000000000000111010000000000000001000000000
00000000000000000000000000000000000000000000000111100011000000010000001000000000
00000000000000000000000000000000000000000000000000000001000001111100001000000000
00000000000000000000000000000000000000000000000000000001000111001110001000000000
00000000000000000000000000000000000000000000000000000000111100001011001011111100
00000000000000000000000000000000000000000000000000000001111000000000011110000000
00000000000000000000000000000000000000000000000000001111111000000011101000000000
00000000000000000000000000000000000000000000000101100001110001111100001000000000
00000000000000000000000000000000000000000000010000000000111000000000001000000000
00000000000000000000000000000000000000000000011100000000000111100000000001000000
00000000000000000000000000000000000000000001100000000000001110110000000001000000
00000000000000000000000000000000000000000000000000000000001010001100000001000000
00000000000000000000000000000000000000000000000000000000010010000110000001000000
00000000000000000000000000000000000000000000000000000000110010000000000001000000
00000000000000000000000000000000000000000000000000000000100010000000000001000000
00000000000000000000000000000000000000000000000000000001100010000000000001000000
00000000000000000000000000000000000000000000000000000000000010000000000001000000
00000000000000000000000000000000000000000000000000000000000010000000000001000000
00000000000000000000000000000000000000000000000000000000000010000000000001000000
00000000000000000000000000000000000000000000000000000000000010000000000001000000
00000000000000000000000000000000000000000000000000000000000010000000000001000000
00000000000000000000000000000000000000000000000000000000000010000000000001000000
00000000000000000000000000000000000000000000000000000000000010000000000001000000
00000000000000000000000000000000000000000000000000000000000010000000000001000000
00000000000000000000000000000000000000000000000000000000000010000000000001000000
00000000000000000000000000000000000000000000000000000000000010000000000001000000
00000000000000000000000000000000000000000000000000000000000110000000000001000000
00000000000000000000000000000000000000000000000000000000000110000000000001000000
00000000000000000000000000000000000000000000000000000000000110000000000001100000
00000000000000000000000000000000000000000000000000000000000000000000000000100000
00000000000000000000000000000000000000000000000000000000000000000000000000100000
00000000000000000000000000000000000000000000000000000000000000000000000000100000
00000000000000000000000000000000000000000000000000000000000000000000000000100000
00000000000000000000000000000000000000000000000000000000000000000000000000000000
00000000000000000000000000000000000000000000000000000000000000000000000000000000
