00000000000000000000000000000000000000000000000000000000000000000000000000000000
00000000000000000000000000000000000000000000000000000000000000000000000000000000
00000000000000000000000000000000000000000000000000000000000000000000000000000000
00000000000000000000000000000000000000000000000000000000000000000000000000000000
00000000000000000000000000000000000000000000000000000000000000000000000000000000
00000000000000000000000000000000000000000000000000000000000000000000000000000000
00000000000000000000000000000000000000000000000000000000000000000000000000000000
00000000000000000000000000000000000000000000000000000000000000000000000000000000
00000000000000000000000000000000000000000000000000000000000000000000000000000000
00000000000000000000000000000000000000000000000000000000000000000000000000000000
00000000000000000000000000000000000000000000000000000000000000000000000000000000
00000000000000000000000000000000001000000000000000000000000000000000000000000000
00000000000000000000000000000000011000000000000000000000000000000000000000000000
00000000000000000000000000000000010000000111100000000000000000000000000000000000
00000000000000000000000000000000100011111100100000000000000000000000000000000000
00000000000000000000000000000001000000000000100000000000000000000000000000000000
00000000000000000000000000000110001010000000100000000000000000000000000000000000
00000000000000000000000000011000001010000000100000000000000000000000000000000000
00000000000000000000000011100000011010011111100000000000000000000000000000000000
00000000000000000001111100000000110010110000100000000000000000000000000000000000
00000000000000000000000000000001100010000000100000000000000000000000000000000000
00000000000000000000000000000011000010000001100000000000000000000000000000000000
00000000000000000000000000001111100010000111000000000000000000000000000000000000
00000000000000000000000011110000100011111100000000000000000000000000000000000000
00000000000000000000011100000000100010000000010000000000000000000000000000000000
00000000000000000000000000000000100010000000010000000000000000000000000000000000
00000000000000000000000000000000100010000000110000000000000000000000000000000000
00000000000000000000000000000000100011100111100000000000000000000000000000000000
00000000000000000000000000000000100010111100000000000000000000000000000000000000
00000000000000000000000000000000100010011000000000000000000000000000000000000000
00000000000000000000000000000000100011000110000000000000000000000000000000000000
00000000000000000000000000000000100001001001100000000000000000000000000000000000
00000000000000000000000000000000100001010000111110000000000000000000000000000000
00000000000000000000000000000000100001110000000011111111000000000000000000000000
00000000000000000000000000000000100001100000000000000000000000000000000000000000
00000000000000000000000000000000100000000000000000000000000000000000000000000000
00000000000000000000000000000000000000000000000000000000000000000000000000000000
00000000000000000000000000000000000000000000000000000000000000000000000000000000
00000000000000000000000000000000000000000000000000000000000000000000000000000000
00000000000000000000000000000000000000000000000000000000000000000000000000000000
00000000000000000000000000000000000000000000000000000000000000000000000000000000
00000000000000000000000000000000000000000000000000000000000000000000000000000000
00000000000000000000000000000000000000000000000000000000000000000000000000000000
00000000000000000000000000000000000000000000000000000000000000000000000000000000
00000000000000000000000000000000000000000000000000000000000000000000000000000000
00000000000000000000000000000000000000000000000000000000000000000000000000000000
00000000000000000000000000000000000000000000000000000000000000000000000000000000
00000000000000000000000000000000000000000000000000000000000000000000000000000000
00000000000000000000000000000000000000000000000000000000000000000000000000000000
00000000000000000000000000000000000000000000000000000000000000000000000000000000
00000000000000000000000000000000000000000000000000000000000000000000000000000000
00000000000000000000000000000000000000000000000000000000000000000000000000000000
00000000000000000000000000000000000000000000000000000000000000000000000000000000
00000000000000000000000000000000000000000000000000000000000000000000000000000000
00000000000000000000000000000000000000000000000000000000000000000000000000000000
00000000000000000000000000000000000000000000000000000000000000000000000000000000
00000000000000000000000000000000000000000000000000000000000000000000000000000000
00000000000000000000000000000000000000000000000000000000000000000000000000000000
00000000000000000000000000000000000000000000000000000000000000000000000000000000
00000000000000000000000000000000000000000000000000000000000000000000000000000000
