00000000000000000000000000000000000000000000000000000000000000000000000000000000
00000000000000000000000000000000000000000000000000000000000000000000000000000000
00000000000000000000000000000000000000000000000000000000000000000000000000000000
00000000000000000000000000000000000000000000000000000000000000000000000000000000
00000000000000000000000000000000000000000000000000000000000000000000000000000000
00000000000000000000000000000000000000000000000000000000000000000000000000000000
00000000000000000000000000000000000000000000000000000000000000000000000000000000
00000000000000000000000000000000000000000000000000000000000000000000000000000000
00000000000000000000000000000000000000000000000000000000000000000000000000000000
00000000000000000000000000000000000000000000000000000000000000000000000000000000
00000000000000000000000000000000000000000000000001000000000000000000000000000000
00000000000000000000000000000000010000000000011111100000000000000000000000000000
00000000000000000000000000000000010001111111100000100000000000000000000000000000
00000000000000000000000000000000110000000000000000100000000000000000000000000000
00000000000000000000000000000000100000000000000000100000000000000000000000000000
00000000000000000000000000000001100000000000000000100000000000000000000000000000
00000000000000000000000000000011000000001000000000100000000000000000000000000000
00000000000000000000000000000110000000001000001110100000000000000000000000000000
00000000000000000000000000001100000000001011111000100000000000000000000000000000
00000000000000000000000000110000000100001000000000100000000000000000000000000000
00000000000000000000000011100000001100001000000001100000000000000000000000000000
00000000000000000000001110000000011000011000000011000000000000000000000000000000
00000000000000000000000000000000010000010000011100000000000000000000000000000000
00000000000000000000000000000000100000010001100000000000000000000000000000000000
00000000000000000000000000000011000000010000000000000000000000000000000000000000
00000000000000000000000000000110000000010000000000000000000000000000000000000000
00000000000000000000000000011110000000010000000000000010000000000000000000000000
00000000000000000000000111110010000000010000000000000010000000000000000000000000
00000000000000000000000000000010000000010000000000000110000000000000000000000000
00000000000000000000000000000011000000100001000000001100000000000000000000000000
00000000000000000000000000000001000000100001100001111000000000000000000000000000
00000000000000000000000000000001000000100000111111000000000000000000000000000000
00000000000000000000000000000001000000100000010000000000000000000000000000000000
00000000000000000000000000000001000000100000001100000000000000000000000000000000
00000000000000000000000000000001000000100000000100000000000000000000000000000000
00000000000000000000000000000001000000100000000010000000000000000000000000000000
00000000000000000000000000000001000000100000000011000000000000000000000000000000
00000000000000000000000000000001000000110000000100100000000000000000000000000000
00000000000000000000000000000001000000010000001000010000000000000000000000000000
00000000000000000000000000000000000000010000110000001100000000000000000000000000
00000000000000000000000000000000000000011001000000000110000000000000000000000000
00000000000000000000000000000000000000001010000000000001111111110000000000000000
00000000000000000000000000000000000000001110000000000000000000000000000000000000
00000000000000000000000000000000000000000000000000000000000000000000000000000000
00000000000000000000000000000000000000000000000000000000000000000000000000000000
00000000000000000000000000000000000000000000000000000000000000000000000000000000
00000000000000000000000000000000000000000000000000000000000000000000000000000000
00000000000000000000000000000000000000000000000000000000000000000000000000000000
00000000000000000000000000000000000000000000000000000000000000000000000000000000
00000000000000000000000000000000000000000000000000000000000000000000000000000000
00000000000000000000000000000000000000000000000000000000000000000000000000000000
00000000000000000000000000000000000000000000000000000000000000000000000000000000
00000000000000000000000000000000000000000000000000000000000000000000000000000000
00000000000000000000000000000000000000000000000000000000000000000000000000000000
00000000000000000000000000000000000000000000000000000000000000000000000000000000
00000000000000000000000000000000000000000000000000000000000000000000000000000000
00000000000000000000000000000000000000000000000000000000000000000000000000000000
00000000000000000000000000000000000000000000000000000000000000000000000000000000
00000000000000000000000000000000000000000000000000000000000000000000000000000000
00000000000000000000000000000000000000000000000000000000000000000000000000000000
