00000000000000000000000000000000000000000000000000000000000000000000000000000000
00000000000000000000000000000000000000000000000000000000000000000000000000000000
00000000000000000000000000000000000000000000000000000000000000000000000000000000
00000000000000000000000000000000000000000000000000000000000000000000000000000000
00000000000000000000000000000000000000000000000000000000000000000000000000000000
00000000000000000000000000000000000000000000000000000000000000000000000000000000
00000000000000000000000000000000000000000000000000000000000000000000000000000000
00000000000000000000000000000000000000000000000000000000000000000000000000000000
00000000000000000000000000000000000000000000000000000000000000000000000000000000
00000000000000000000000000000000000000000000000000000000000000000000000000000000
00000000000000000000000000000000000000000000000000000000000000000000000000000000
00000000000000000000000000000000011000000000000000000000000000000000000000000000
00000000000000000000000000000000010000000000000000000000000000000000000000000000
00000000000000000000000000000000010000000000000000000000000000000000000000000000
00000000000000000000000000000000100000000000000000000000000000000000000000000000
00000000000000000000000000000001100000000000000000000000000000000000000000000000
00000000000000000000000000000001000000000000000000000000000000000000000000000000
00000000000000000000000000000110000000000000111000000000000000000000000000000000
00000000000000000000000000001100000001111111001000000000000000000000000000000000
00000000000000000000000000110000000000001000001000000000000000000000000000000000
00000000000000000000000011000000000000001000001000000000000000000000000000000000
00000000000000000000000000000000001110001011111000000000000000000000000000000000
00000000000000000000000000000111110000001100001000000000000000000000000000000000
00000000000000000000000011111001100000001000001000000000000000000000000000000000
00000000000000000000111110000000100000001000001111000000000000000000000000000000
00000000000000000000000000000000100000001111111000000000000000000000000000000000
00000000000000000000000000000000100000001000000000100000000000000000000000000000
00000000000000000000000000000000110000001000000000100000000000000000000000000000
00000000000000000000000000000000010000011000000001100000000000000000000000000000
00000000000000000000000000000000010000011000000011000000000000000000000000000000
00000000000000000000000000000000010000001110000110000000000000000000000000000000
00000000000000000000000000000000010000001011011100000000000000000000000000000000
00000000000000000000000000000000010000001001100000000000000000000000000000000000
00000000000000000000000000000000010000001000110000000000000000000000000000000000
00000000000000000000000000000000010000001000011000000000000000000000000000000000
00000000000000000000000000000000010000001000101110000000000000000000000000000000
00000000000000000000000000000000010000001101100011000000000000000000000000000000
00000000000000000000000000000000010000000111000001110000000000000000000000000000
00000000000000000000000000000000010000000110000000011111111111111011100000000000
00000000000000000000000000000000010000000000000000000000000000000000000000000000
00000000000000000000000000000000000000000000000000000000000000000000000000000000
00000000000000000000000000000000000000000000000000000000000000000000000000000000
00000000000000000000000000000000000000000000000000000000000000000000000000000000
00000000000000000000000000000000000000000000000000000000000000000000000000000000
00000000000000000000000000000000000000000000000000000000000000000000000000000000
00000000000000000000000000000000000000000000000000000000000000000000000000000000
00000000000000000000000000000000000000000000000000000000000000000000000000000000
00000000000000000000000000000000000000000000000000000000000000000000000000000000
00000000000000000000000000000000000000000000000000000000000000000000000000000000
00000000000000000000000000000000000000000000000000000000000000000000000000000000
00000000000000000000000000000000000000000000000000000000000000000000000000000000
00000000000000000000000000000000000000000000000000000000000000000000000000000000
00000000000000000000000000000000000000000000000000000000000000000000000000000000
00000000000000000000000000000000000000000000000000000000000000000000000000000000
00000000000000000000000000000000000000000000000000000000000000000000000000000000
00000000000000000000000000000000000000000000000000000000000000000000000000000000
00000000000000000000000000000000000000000000000000000000000000000000000000000000
00000000000000000000000000000000000000000000000000000000000000000000000000000000
00000000000000000000000000000000000000000000000000000000000000000000000000000000
00000000000000000000000000000000000000000000000000000000000000000000000000000000
