00000000000000000000000000000000000000000000000000000000000000000000000000000000
00000000000000000000000000000000000000000000000000000000000000000000000000000000
00000000000000000000000000000000000000000000000000000000000000000000000000000000
00000000000000000000000000000000000000000000000000000000000000000000000000000000
00000000000000000000000000000000000000000000000000000000000000000000000000000000
00000000000000000000000000000000000000000000000000000000000000000000000000000000
00000000000000000000000000000000000000000000000000000000000000000000000000000000
00000000000000000000000000000000000000000000000000000000000000000000000000000000
00000000000000000000000000000000000000000000000000000000000000000000000000000000
00000000000000000000000000000000000000000000000000000000000000000000000000000000
00000000000000000000000000000000000000000000000000000000000000000000000000000000
00000000000000000000000000000000000000000000000000000000000000000000000000000000
00000000000000000000000000000000000000000000000000000000000000000000000000000000
00000000000000000000000000000000000000100000000000000000000000000000000000000000
00000000000000000000000000000000000000100000000000000000000000000000000000000000
00000000000000000000000000000000000001100000000000000000000000000000000000000000
00000000000000000000000000000000000001000000000000000000000000000000000000000000
00000000000000000000000000000000000011000000000000000000000000000000000000000000
00000000000000000000000000000000000110000000011111111110000000000000000000000000
00000000000000000000000000000000001100001001110000000010000000000000000000000000
00000000000000000000000000000000011000001100000000000010000000000000000000000000
00000000000000000000000000000011100000011100000000000010000000000000000000000000
00000000000000000000000000000000000000010100000000000010000000000000000000000000
00000000000000000000000000000000000000110100000000111010000000000000000000000000
00000000000000000000000000000000000000100100111111000010000000000000000000000000
00000000000000000000000000000000000001000100000000000010000000000000000000000000
00000000000000000000000000000000000011000100000000000100000000000000000000000000
00000000000000000000000000000000000110000100000000001110000000000000000000000000
00000000000000000000000000000000000110000010000111110100000000000000000000000000
00000000000000000000000000000000011011000010011100000000000000000000000000000000
00000000000000000000000000000111100001000010000000000000000000000000000000000000
00000000000000000000000000000000000001000010000000000000000000000000000000000000
00000000000000000000000000000000000001000010100000000000011000000000000000000000
00000000000000000000000000000000000001000010011000000001110000000000000000000000
00000000000000000000000000000000000001000010001101111111000000000000000000000000
00000000000000000000000000000000000001000010000110000000000000000000000000000000
00000000000000000000000000000000000001000010000001000000000000000000000000000000
00000000000000000000000000000000000001000011000001100000000000000000000000000000
00000000000000000000000000000000000001000001000000011000000000000000000000000000
00000000000000000000000000000000000001000001000000101100000000000000000000000000
00000000000000000000000000000000000001000001100001100111000000000000000000000000
00000000000000000000000000000000000000000000111111000001100000000000000000000000
00000000000000000000000000000000000000000000000000000000111000000000000000000000
00000000000000000000000000000000000000000000000000000000000111111000000000000000
00000000000000000000000000000000000000000000000000000000000000000110000000000000
00000000000000000000000000000000000000000000000000000000000000000000000000000000
00000000000000000000000000000000000000000000000000000000000000000000000000000000
00000000000000000000000000000000000000000000000000000000000000000000000000000000
00000000000000000000000000000000000000000000000000000000000000000000000000000000
00000000000000000000000000000000000000000000000000000000000000000000000000000000
00000000000000000000000000000000000000000000000000000000000000000000000000000000
00000000000000000000000000000000000000000000000000000000000000000000000000000000
00000000000000000000000000000000000000000000000000000000000000000000000000000000
00000000000000000000000000000000000000000000000000000000000000000000000000000000
00000000000000000000000000000000000000000000000000000000000000000000000000000000
00000000000000000000000000000000000000000000000000000000000000000000000000000000
00000000000000000000000000000000000000000000000000000000000000000000000000000000
00000000000000000000000000000000000000000000000000000000000000000000000000000000
00000000000000000000000000000000000000000000000000000000000000000000000000000000
00000000000000000000000000000000000000000000000000000000000000000000000000000000
