00000000000000000000000000000000000000000000000000000000000000000000000000000000
00000000000000000000000000000000000000000000000000000000000000000000000000000000
00000000000000000000000000000000000000000000000000000000000000000000000000000000
00000000000000000000000000000000000000000000000000000000000000000000000000000000
00000000000000000000000000000000000000000000000000000000000000000000000000000000
00000000000000000000000000000000000000000000000000000000000000000000000000000000
00000000000000000000000000000000000000000000000000000000000000000000000000000000
00000000000000000000000000000000000000000000000000000000000000000000000000000000
00000000000000000000000000000000000000000000000000000000000000000000000000000000
00000000000000000000000000000000000000000000000000000000000000000000000000000000
00000000000000000000000000000000000000000000000000000000000000000000000000000000
00000000000000000000000000000000000001000000000000000000000000000000000000000000
00000000000000000000000000000000000001000000000000000000000000000000000000000000
00000000000000000000000000000000000011000000000000000000000000000000000000000000
00000000000000000000000000000000000110000000000000000000000000000000000000000000
00000000000000000000000000000000000100000000000001100000000000000000000000000000
00000000000000000000000000000000001000000001101110100000000000000000000000000000
00000000000000000000000000000000010000000100111000110000000000000000000000000000
00000000000000000000000000000000110000001100000000010000000000000000000000000000
00000000000000000000000000000001100000011000100000010000000000000000000000000000
00000000000000000000000000000111000000110000100000010000000000000000000000000000
00000000000000000000000000000000000001000000111111110000000000000000000000000000
00000000000000000000000000000000000011000000110000010000000000000000000000000000
00000000000000000000000000000000000101000001100000110000000000000000000000000000
00000000000000000000000000000000001001000001000000100000000000000000000000000000
00000000000000000000000000000000010001000001000001110000000000000000000000000000
00000000000000000000000000000001100001000001111111000000000000000000000000000000
00000000000000000000000000000011000000100001000000000000000000000000000000000000
00000000000000000000000001001100000000100001000000000100000000000000000000000000
00000000000000000000000001110000000000100001000000000100000000000000000000000000
00000000000000000000000000000000000000100001001000001100000000000000000000000000
00000000000000000000000000000000000000100001001100011000000000000000000000000000
00000000000000000000000000000000000000100001000111110000000000000000000000000000
00000000000000000000000000000000000000100001000001100000000000000000000000000000
00000000000000000000000000000000000000100001000000110000000000000000000000000000
00000000000000000000000000000000000000100001000011011100000000000000000000000000
00000000000000000000000000000000000000100001000010000111000000000000000000000000
00000000000000000000000000000000000000100000100110000001111110000000000000000000
00000000000000000000000000000000000000100000111100000000000000000000000000000000
00000000000000000000000000000000000000100000000000000000000000000000000000000000
00000000000000000000000000000000000000110000000000000000000000000000000000000000
00000000000000000000000000000000000000110000000000000000000000000000000000000000
00000000000000000000000000000000000000110000000000000000000000000000000000000000
00000000000000000000000000000000000000110000000000000000000000000000000000000000
00000000000000000000000000000000000000010000000000000000000000000000000000000000
00000000000000000000000000000000000000000000000000000000000000000000000000000000
00000000000000000000000000000000000000000000000000000000000000000000000000000000
00000000000000000000000000000000000000000000000000000000000000000000000000000000
00000000000000000000000000000000000000000000000000000000000000000000000000000000
00000000000000000000000000000000000000000000000000000000000000000000000000000000
00000000000000000000000000000000000000000000000000000000000000000000000000000000
00000000000000000000000000000000000000000000000000000000000000000000000000000000
00000000000000000000000000000000000000000000000000000000000000000000000000000000
00000000000000000000000000000000000000000000000000000000000000000000000000000000
00000000000000000000000000000000000000000000000000000000000000000000000000000000
00000000000000000000000000000000000000000000000000000000000000000000000000000000
00000000000000000000000000000000000000000000000000000000000000000000000000000000
00000000000000000000000000000000000000000000000000000000000000000000000000000000
00000000000000000000000000000000000000000000000000000000000000000000000000000000
00000000000000000000000000000000000000000000000000000000000000000000000000000000
