00000000000000000000000000000000000000000000000000000000000000000000000000000000
00000000000000000000000000000000000000000000000000000000000000000000000000000000
00000000000000000000000000000000000000000000000000000000000000000000000000000000
00000000000000000000000000000000000000000000000000000000000000000000000000000000
00000000000000000000000000000000000000000000000000000000000000000000000000000000
00000000000000000000000000000000000000000000000000000000000000000000000000000000
00000000000000000000000000000000000000000000000000000000000000000000000000000000
00000000000000000000000000000000000000000000000000000000000000000000000000000000
00000000000000000000000000000000000000000000000000000000000000000000000000000000
00000000000000000000000000000000000000000000000000000000000000000000000000000000
00000000000000000000000000000000000000000000000000000000000000000000000000000000
00000000000000000000000000000000000000000000000000000000000000000000000000000000
00000000000000000000000000000000000000000000000000000000000000000000000000000000
00000000000000000000000000000000000000000000000000000000000000000000000000000000
00000000000000000000000000000000000000001000000000000000000000000000000000000000
00000000000000000000000000000000000000001000000000000000000000000000000000000000
00000000000000000000000000000000000000010000000000000000000000000000000000000000
00000000000000000000000000000000000000110000000000010110000000000000000000000000
00000000000000000000000000000000000000100000110011100010000000000000000000000000
00000000000000000000000000000000000001000000011100000010000000000000000000000000
00000000000000000000000000000000000110000010000000000010000000000000000000000000
00000000000000000000000000000000001100000110010000000010000000000000000000000000
00000000000000000000000000000000110000000100010111111110000000000000000000000000
00000000000000000000000000000111100000001100010000000110000000000000000000000000
00000000000000000000000000000100000000011000010000000100000000000000000000000000
00000000000000000000000000000000000000010000010000000100000000000000000000000000
00000000000000000000000000000000000000110000010000001100000000000000000000000000
00000000000000000000000000000000000000100000010011111000000000000000000000000000
00000000000000000000000000000000000011100001111100000000000000000000000000000000
00000000000000000000000000000000000110100000010000000000100000000000000000000000
00000000000000000000000000000000011100110000010000000000100000000000000000000000
00000000000000000000000000000011110000010000010000000001000000000000000000000000
00000000000000000000000000000000000000010000010000000011000000000000000000000000
00000000000000000000000000000000000000010000011110000110000000000000000000000000
00000000000000000000000000000000000000010000010011011100000000000000000000000000
00000000000000000000000000000000000000010000010011100000000000000000000000000000
00000000000000000000000000000000000000010000010000110000000000000000000000000000
00000000000000000000000000000000000000010000010000011000000000000000000000000000
00000000000000000000000000000000000000010000010000110100000000000000000000000000
00000000000000000000000000000000000000010000001001100011000000000000000000000000
00000000000000000000000000000000000000010000001001000001100000000000000000000000
00000000000000000000000000000000000000010000001111000000110000000000000000000000
00000000000000000000000000000000000000010000000110000000001100000000000000000000
00000000000000000000000000000000000000010000000000000000000110000000000000000000
00000000000000000000000000000000000000010000000000000000000001110000000000000000
00000000000000000000000000000000000000000000000000000000000000011110000000000000
00000000000000000000000000000000000000000000000000000000000000000001000000000000
00000000000000000000000000000000000000000000000000000000000000000000000000000000
00000000000000000000000000000000000000000000000000000000000000000000000000000000
00000000000000000000000000000000000000000000000000000000000000000000000000000000
00000000000000000000000000000000000000000000000000000000000000000000000000000000
00000000000000000000000000000000000000000000000000000000000000000000000000000000
00000000000000000000000000000000000000000000000000000000000000000000000000000000
00000000000000000000000000000000000000000000000000000000000000000000000000000000
00000000000000000000000000000000000000000000000000000000000000000000000000000000
00000000000000000000000000000000000000000000000000000000000000000000000000000000
00000000000000000000000000000000000000000000000000000000000000000000000000000000
00000000000000000000000000000000000000000000000000000000000000000000000000000000
00000000000000000000000000000000000000000000000000000000000000000000000000000000
00000000000000000000000000000000000000000000000000000000000000000000000000000000
