00000000000000000000000000000000000000000000000000000000000000000000000000000000
00000000000000000000000000000000000000000000000000000000000000000000000000000000
00000000000000000000000000000000000000000000000000000000000000000000000000000000
00000000000000000000000000000000000000000000000000000000000000000000000000000000
00000000000000000000000000000000000000000000000000000000000000000000000000000000
00000000000000000000000000000000000000000000000000000000000000000000000000000000
00000000000000000000000000000000000000000000000000000000000000000000000000000000
00000000000000000000000000000000000000000000000000000000000000000000000000000000
00000000000000000000000000000000000000000000000000000000000000000000000000000000
00000000000000000000000000000000000000000000000000000000000000000000000000000000
00000000000000000000000000000000000000000000000000000000000000000000000000000000
00000000000000000000000000000000000000000000000000000000000000000000000000000000
00000000000000000000000000000001000000000000000000000000000000000000000000000000
00000000000000000000000000000001000000001111100000000000000000000000000000000000
00000000000000000000000000000010000111110000100000000000000000000000000000000000
00000000000000000000000000000110000001000000100000000000000000000000000000000000
00000000000000000000000000011000100001000000100000000000000000000000000000000000
00000000000000000000000000010000100001100111100000000000000000000000000000000000
00000000000000000000000001100001100000111100100000000000000000000000000000000000
00000000000000000000001110000011000000100000100000000000000000000000000000000000
00000000000000000000011000000110000000100001100000000000000000000000000000000000
00000000000000000000000000001110000000111111000000000000000000000000000000000000
00000000000000000000000001110010000011110000000000000000000000000000000000000000
00000000000000000000111110000010000000100000000000000000000000000000000000000000
00000000000000000000000000000010000000100000001000000000000000000000000000000000
00000000000000000000000000000010000000100000001000000000000000000000000000000000
00000000000000000000000000000010000000100000011000000000000000000000000000000000
00000000000000000000000000000011000000111001110000000000000000000000000000000000
00000000000000000000000000000001000000111111000000000000000000000000000000000000
00000000000000000000000000000001000001000011100000000000000000000000000000000000
00000000000000000000000000000001000001000010110000000000000000000000000000000000
00000000000000000000000000000001000001000010011000000000000000000000000000000000
00000000000000000000000000000001000001000110001110000000000000000000000000000000
00000000000000000000000000000001000001001100000011100000000000000000000000000000
00000000000000000000000000000001000001001000000000111111111000000000000000000000
00000000000000000000000000000001000001011000000000000000000000000000000000000000
00000000000000000000000000000001000001110000000000000000000000000000000000000000
00000000000000000000000000000000000000000000000000000000000000000000000000000000
00000000000000000000000000000000000000000000000000000000000000000000000000000000
00000000000000000000000000000000000000000000000000000000000000000000000000000000
00000000000000000000000000000000000000000000000000000000000000000000000000000000
00000000000000000000000000000000000000000000000000000000000000000000000000000000
00000000000000000000000000000000000000000000000000000000000000000000000000000000
00000000000000000000000000000000000000000000000000000000000000000000000000000000
00000000000000000000000000000000000000000000000000000000000000000000000000000000
00000000000000000000000000000000000000000000000000000000000000000000000000000000
00000000000000000000000000000000000000000000000000000000000000000000000000000000
00000000000000000000000000000000000000000000000000000000000000000000000000000000
00000000000000000000000000000000000000000000000000000000000000000000000000000000
00000000000000000000000000000000000000000000000000000000000000000000000000000000
00000000000000000000000000000000000000000000000000000000000000000000000000000000
00000000000000000000000000000000000000000000000000000000000000000000000000000000
00000000000000000000000000000000000000000000000000000000000000000000000000000000
00000000000000000000000000000000000000000000000000000000000000000000000000000000
00000000000000000000000000000000000000000000000000000000000000000000000000000000
00000000000000000000000000000000000000000000000000000000000000000000000000000000
00000000000000000000000000000000000000000000000000000000000000000000000000000000
00000000000000000000000000000000000000000000000000000000000000000000000000000000
00000000000000000000000000000000000000000000000000000000000000000000000000000000
00000000000000000000000000000000000000000000000000000000000000000000000000000000
