00000000000000000000000000000000000000000000000000000000000000000000000000000000
00000000000000000000000000000000000000000000000000000000000000000000000000000000
00000000000000000000000000000000000000000000000000000000000000000000000000000000
00000000000000000000000000000000000000000000000000000000000000000000000000000000
00000000000000000000000000000000000000000000000000000000000000000000000000000000
00000000000000000000000000000000000000000000000000000000000000000000000000000000
00000000000000000000000000000000000000000000000000000000000000000000000000000000
00000000000000000000000000000000000000000000000000000000000000000000000000000000
00000000000000000000000000000000000000000000000000000000000000000000000000000000
00000000000000000000000000000000000000000000000000000000000000000000000000000000
00000000000000000000000000000000000000000000000000000000000000000000000000000000
00000000000000000000000000000000000000000000000000000000000000000000000000000000
00000000000000000000000000000000000000000000000000000000000000000000000000000000
00000000000000000000000000000000000000000000000000000000000000000000000000000000
00000000000000000000000000000000000000000000000000000000000000000000000000000000
00000000000000000000000000000000000000000000000000000000000000000000000000000000
00000000000000000000000000000000010000000000000000000000000000000000000000000000
00000000000000000000000000000000010000000000000000000000000000000000000000000000
00000000000000000000000000000000010000000000000000000000000000000000000000000000
00000000000000000000000000000000110000000000001110000000000000000000000000000000
00000000000000000000000000000001100000000011110010000000000000000000000000000000
00000000000000000000000000000011000000101110000010000000000000000000000000000000
00000000000000000000000000000110000100110000000010000000000000000000000000000000
00000000000000000000000000011100000100001000000010000000000000000000000000000000
00000000000000000000000001100000000100001000000010000000000000000000000000000000
00000000000000000000000000000000001000001011111110000000000000000000000000000000
00000000000000000000000000000000011000001110000010000000000000000000000000000000
00000000000000000000000000000000010000001000000010000000000000000000000000000000
00000000000000000000000000000000110000001000000010000000000000000000000000000000
00000000000000000000000000000001110000001011111110000000000000000000000000000000
00000000000000000000000000000011010000001110000000000000000000000000000000000000
00000000000000000000000000011110010000001000000000010000000000000000000000000000
00000000000000000000000000000000001000001000000000010000000000000000000000000000
00000000000000000000000000000000001000001010000000110000000000000000000000000000
00000000000000000000000000000000001000001011000000100000000000000000000000000000
00000000000000000000000000000000001000001000110011100000000000000000000000000000
00000000000000000000000000000000001000000100011110000000000000000000000000000000
00000000000000000000000000000000001000000100001110000000000000000000000000000000
00000000000000000000000000000000000100000100011001100000000000000000000000000000
00000000000000000000000000000000000100000100010000111000000000000000000000000000
00000000000000000000000000000000000100000111100000001110000000000000000000000000
00000000000000000000000000000000000100000011000000000011100000000000000000000000
00000000000000000000000000000000000100000000000000000000111111100000000000000000
00000000000000000000000000000000000100000000000000000000000000000000000000000000
00000000000000000000000000000000000100000000000000000000000000000000000000000000
00000000000000000000000000000000000100000000000000000000000000000000000000000000
00000000000000000000000000000000000100000000000000000000000000000000000000000000
00000000000000000000000000000000000000000000000000000000000000000000000000000000
00000000000000000000000000000000000000000000000000000000000000000000000000000000
00000000000000000000000000000000000000000000000000000000000000000000000000000000
00000000000000000000000000000000000000000000000000000000000000000000000000000000
00000000000000000000000000000000000000000000000000000000000000000000000000000000
00000000000000000000000000000000000000000000000000000000000000000000000000000000
00000000000000000000000000000000000000000000000000000000000000000000000000000000
00000000000000000000000000000000000000000000000000000000000000000000000000000000
00000000000000000000000000000000000000000000000000000000000000000000000000000000
00000000000000000000000000000000000000000000000000000000000000000000000000000000
00000000000000000000000000000000000000000000000000000000000000000000000000000000
00000000000000000000000000000000000000000000000000000000000000000000000000000000
00000000000000000000000000000000000000000000000000000000000000000000000000000000
