00000000000000000000000000000000000000000000000000000000000000000000000000000000
00000000000000000000000000000000000000000000000000000000000000000000000000000000
00000000000000000000000000000000000000000000000000000000000000000000000000000000
00000000000000000000000000000000000000000000000000000000000000000000000000000000
00000000000000000000000000000000000000000000000000000000000000000000000000000000
00000000000000000000000000000000000000000000000000000000000000000000000000000000
00000000000000000000000000000000000000000000000000000000000000000000000000000000
00000000000000000000000000000000000000000000000000000000000000000000000000000000
00000000000000000000000000000000000000000000000000000000000000000000000000000000
00000000000000000000000000000000000000000000000000000000000000000000000000000000
00000000000000000000000000000000010000000000000000000000000000000000000000000000
00000000000000000000000000000000010000000000000000000000000000000000000000000000
00000000000000000000000000000000100000000111100000000000000000000000000000000000
00000000000000000000000000000001100001111000100000000000000000000000000000000000
00000000000000000000000000000010000111000000100000000000000000000000000000000000
00000000000000000000000000001100000100000000100000000000000000000000000000000000
00000000000000000000000000011000000100000000100000000000000000000000000000000000
00000000000000000000011111100000010100000111100000000000000000000000000000000000
00000000000000000000110000000000010101111001100000000000000000000000000000000000
00000000000000000000000000000000110100000001000000000000000000000000000000000000
00000000000000000000000000000001100100000001000000000000000000000000000000000000
00000000000000000000000000000001000100000011000000000000000000000000000000000000
00000000000000000000000000000110000100001111000000000000000000000000000000000000
00000000000000000000000000001100000111111000000000000000000000000000000000000000
00000000000000000000000001110100000100000000000000000000000000000000000000000000
00000000000000000000001111000100001011000000010000000000000000000000000000000000
00000000000000000000000000000100001001000000010000000000000000000000000000000000
00000000000000000000000000000100001000110000110000000000000000000000000000000000
00000000000000000000000000000100001000111111000000000000000000000000000000000000
00000000000000000000000000000100001000001100000000000000000000000000000000000000
00000000000000000000000000000100001000000110000000000000000000000000000000000000
00000000000000000000000000000100001000001001000000000000000000000000000000000000
00000000000000000000000000000100001000011000110000000000000000000000000000000000
00000000000000000000000000000100001000010000011000000000000000000000000000000000
00000000000000000000000000000100001000110000001110000000000000000000000000000000
00000000000000000000000000000100000101100000000011111111100000000000000000000000
00000000000000000000000000000100000111000000000000000000000000000000000000000000
00000000000000000000000000001100000000000000000000000000000000000000000000000000
00000000000000000000000000001100000000000000000000000000000000000000000000000000
00000000000000000000000000001100000000000000000000000000000000000000000000000000
00000000000000000000000000000000000000000000000000000000000000000000000000000000
00000000000000000000000000000000000000000000000000000000000000000000000000000000
00000000000000000000000000000000000000000000000000000000000000000000000000000000
00000000000000000000000000000000000000000000000000000000000000000000000000000000
00000000000000000000000000000000000000000000000000000000000000000000000000000000
00000000000000000000000000000000000000000000000000000000000000000000000000000000
00000000000000000000000000000000000000000000000000000000000000000000000000000000
00000000000000000000000000000000000000000000000000000000000000000000000000000000
00000000000000000000000000000000000000000000000000000000000000000000000000000000
00000000000000000000000000000000000000000000000000000000000000000000000000000000
00000000000000000000000000000000000000000000000000000000000000000000000000000000
00000000000000000000000000000000000000000000000000000000000000000000000000000000
00000000000000000000000000000000000000000000000000000000000000000000000000000000
00000000000000000000000000000000000000000000000000000000000000000000000000000000
00000000000000000000000000000000000000000000000000000000000000000000000000000000
00000000000000000000000000000000000000000000000000000000000000000000000000000000
00000000000000000000000000000000000000000000000000000000000000000000000000000000
00000000000000000000000000000000000000000000000000000000000000000000000000000000
00000000000000000000000000000000000000000000000000000000000000000000000000000000
00000000000000000000000000000000000000000000000000000000000000000000000000000000
