00000000000000000000000000000000000000000000000000000000000000000000000000000000
00000000000000000000000000000000000000000000000000000000000000000000000000000000
00000000000000000000000000000000000000000000000000000000000000000000000000000000
00000000000000000000000000000000000000000000000000000000000000000000000000000000
00000000000000000000000000000000000000000000000000000000000000000000000000000000
00000000000000000000000000000000000000000000000000000000000000000000000000000000
00000000000000000000000000000000000000000000000000000000000000000000000000000000
00000000000000000000000000000000000000000000000000000000000000000000000000000000
00000000000000000000000000000000000000000000000000000000000000000000000000000000
00000000000000000000000000000000000000000000000000000000000000000000000000000000
00000000000000000000000000000000000000000000000000000000000000000000000000000000
00000000000000000000000000000000000000000000000000000000000000000000000000000000
00000000000000000000000000000000000000000000000000000000000000000000000000000000
00000000000000000000000000000000000010000000000001100000000000000000000000000000
00000000000000000000000000000000000010000000001111100000000000000000000000000000
00000000000000000000000000000000000010000001110000100000000000000000000000000000
00000000000000000000000000000000000101111111000000100000000000000000000000000000
00000000000000000000000000000000001100000010000000100000000000000000000000000000
00000000000000000000000000000000011000000010000000100000000000000000000000000000
00000000000000000000000000000000110010000010001111100000000000000000000000000000
00000000000000000000000000000011100010000010110000100000000000000000000000000000
00000000000000000000000000001110000110000110000000100000000000000000000000000000
00000000000000000000000000000000000100000100000011110000000000000000000000000000
00000000000000000000000000000000001100000100011101000000000000000000000000000000
00000000000000000000000000000000011100000100100000000000000000000000000000000000
00000000000000000000000000000000010100000100100000000000000000000000000000000000
00000000000000000000000000000001110100000100000000000100000000000000000000000000
00000000000000000000000000000111000100000100000000001100000000000000000000000000
00000000000000000000000000001100000100000101000000011000000000000000000000000000
00000000000000000000000000000000000100000101100111110000000000000000000000000000
00000000000000000000000000000000000100000100100000000000000000000000000000000000
00000000000000000000000000000000000100000100010000000000000000000000000000000000
00000000000000000000000000000000000100000100001000000000000000000000000000000000
00000000000000000000000000000000000100000100000101000000000000000000000000000000
00000000000000000000000000000000000100000110000011000000000000000000000000000000
00000000000000000000000000000000000100000010000111100000000000000000000000000000
00000000000000000000000000000000000100000010000100110000000000000000000000000000
00000000000000000000000000000000000100000001001000011100000000000000000000000000
00000000000000000000000000000000000000000001111000000110000000000000000000000000
00000000000000000000000000000000000000000000110000000011110000000000000000000000
00000000000000000000000000000000000000000000000000000000011100000000000000000000
00000000000000000000000000000000000000000000000000000000000000000000000000000000
00000000000000000000000000000000000000000000000000000000000000000000000000000000
00000000000000000000000000000000000000000000000000000000000000000000000000000000
00000000000000000000000000000000000000000000000000000000000000000000000000000000
00000000000000000000000000000000000000000000000000000000000000000000000000000000
00000000000000000000000000000000000000000000000000000000000000000000000000000000
00000000000000000000000000000000000000000000000000000000000000000000000000000000
00000000000000000000000000000000000000000000000000000000000000000000000000000000
00000000000000000000000000000000000000000000000000000000000000000000000000000000
00000000000000000000000000000000000000000000000000000000000000000000000000000000
00000000000000000000000000000000000000000000000000000000000000000000000000000000
00000000000000000000000000000000000000000000000000000000000000000000000000000000
00000000000000000000000000000000000000000000000000000000000000000000000000000000
00000000000000000000000000000000000000000000000000000000000000000000000000000000
00000000000000000000000000000000000000000000000000000000000000000000000000000000
00000000000000000000000000000000000000000000000000000000000000000000000000000000
00000000000000000000000000000000000000000000000000000000000000000000000000000000
00000000000000000000000000000000000000000000000000000000000000000000000000000000
00000000000000000000000000000000000000000000000000000000000000000000000000000000
