00000000000000000000000000000000000000000000000000000000000000000000000000000000
00000000000000000000000000000000000000000000000000000000000000000000000000000000
00000000000000000000000000000000000000000000000000000000000000000000000000000000
00000000000000000000000000000000000000000000000000000000000000000000000000000000
00000000000000000000000000000000000000000000000000000000000000000000000000000000
00000000000000000000000000000000000000000000000000000000000000000000000000000000
00000000000000000000000000000000000000000000000000000000000000000000000000000000
00000000000000000000000000000000000000000000000000000000000000000000000000000000
00000000000000000000000000000000000000000000000000000000000000000000000000000000
00000000000000000000000000000000000000000000000000000000000000000000000000000000
00000000000000000000000000000000000000000000000000000000000000000000000000000000
00000000000000000000000000000000000000000000000000000000000000000000000000000000
00000000000000000000000000000000010000000000000000000000000000000000000000000000
00000000000000000000000000000000010000000000000000000000000000000000000000000000
00000000000000000000000000000000010000000111100000000000000000000000000000000000
00000000000000000000000000000000110000011100100000000000000000000000000000000000
00000000000000000000000000000000100001100000010000000000000000000000000000000000
00000000000000000000000000000001100110000000010000000000000000000000000000000000
00000000000000000000000000000011000000000000010000000000000000000000000000000000
00000000000000000000000000000110000010000000010000000000000000000000000000000000
00000000000000000000000000001100001010000001110000000000000000000000000000000000
00000000000000000000000000111000001011011110010000000000000000000000000000000000
00000000000000000000000001100000011001110000010000000000000000000000000000000000
00000000000000000000000000000000010001000000110000000000000000000000000000000000
00000000000000000000000000000000100001000000100000000000000000000000000000000000
00000000000000000000000000000011100001000111110000000000000000000000000000000000
00000000000000000000000000000110110001011101000000000000000000000000000000000000
00000000000000000000000000001100010001010001000000000000000000000000000000000000
00000000000000000000000000111000010001000000000000100000000000000000000000000000
00000000000000000000000111100000010001100000000000100000000000000000000000000000
00000000000000000000000000000000010000110000000001000000000000000000000000000000
00000000000000000000000000000000010000111000000011000000000000000000000000000000
00000000000000000000000000000000001000100111111110000000000000000000000000000000
00000000000000000000000000000000001000100011100000000000000000000000000000000000
00000000000000000000000000000000001000100000110000000000000000000000000000000000
00000000000000000000000000000000001000100000101100000000000000000000000000000000
00000000000000000000000000000000001000100011000111000000000000000000000000000000
00000000000000000000000000000000001000110010000001110000000000000000000000000000
00000000000000000000000000000000001000010100000000011100000000000000000000000000
00000000000000000000000000000000001000011000000000000111000000000000000000000000
00000000000000000000000000000000000000011000000000000000111111110000000000000000
00000000000000000000000000000000000000000000000000000000000000000000000000000000
00000000000000000000000000000000000000000000000000000000000000000000000000000000
00000000000000000000000000000000000000000000000000000000000000000000000000000000
00000000000000000000000000000000000000000000000000000000000000000000000000000000
00000000000000000000000000000000000000000000000000000000000000000000000000000000
00000000000000000000000000000000000000000000000000000000000000000000000000000000
00000000000000000000000000000000000000000000000000000000000000000000000000000000
00000000000000000000000000000000000000000000000000000000000000000000000000000000
00000000000000000000000000000000000000000000000000000000000000000000000000000000
00000000000000000000000000000000000000000000000000000000000000000000000000000000
00000000000000000000000000000000000000000000000000000000000000000000000000000000
00000000000000000000000000000000000000000000000000000000000000000000000000000000
00000000000000000000000000000000000000000000000000000000000000000000000000000000
00000000000000000000000000000000000000000000000000000000000000000000000000000000
00000000000000000000000000000000000000000000000000000000000000000000000000000000
00000000000000000000000000000000000000000000000000000000000000000000000000000000
00000000000000000000000000000000000000000000000000000000000000000000000000000000
00000000000000000000000000000000000000000000000000000000000000000000000000000000
00000000000000000000000000000000000000000000000000000000000000000000000000000000
