00000000000000000000000000000000000000000000000000000000000000000000000000000000
00000000000000000000000000000000000000000000000000000000000000000000000000000000
00000000000000000000000000000000000000000000000000000000000000000000000000000000
00000000000000000000000000000000000000000000000000000000000000000000000000000000
00000000000000000000000000000000000000000000000000000000000000000000000000000000
00000000000000000000000000000000000000000000000000000000000000000000000000000000
00000000000000000000000000000000000000000000000000000000000000000000000000000000
00000000000000000000000000000000000000000000000000000000000000000000000000000000
00000000000000000000000000000000000000000000000000000000000000000000000000000000
00000000000000000000000000000000000000000000000000000000000000000000000000000000
00000000000000000000000000000000000000000000000000000000000000000000000000000000
00000000000000000000000000000000000001000000000000000000000000000000000000000000
00000000000000000000000000000000000011000000000000000000000000000000000000000000
00000000000000000000000000000000000010000000000000001100000000000000000000000000
00000000000000000000000000000000000100000000000100000100000000000000000000000000
00000000000000000000000000000000001100000000111000000100000000000000000000000000
00000000000000000000000000000000111010011111000000000100000000000000000000000000
00000000000000000000000000000011100010000010000000000100000000000000000000000000
00000000000000000000000000000000000010000011000000000100000000000000000000000000
00000000000000000000000000000000000010000001000000000100000000000000000000000000
00000000000000000000000000000000000010000001000001111100000000000000000000000000
00000000000000000000000000000000000100000001011110000100000000000000000000000000
00000000000000000000000000000000001100000001000000001000000000000000000000000000
00000000000000000000000000000000011000000001000000001000000000000000000000000000
00000000000000000000000000000000111000000001000000011000000000000000000000000000
00000000000000000000000000000011101000000001000111111000010000000000000000000000
00000000000000000000000000011110001000000001111000000000010000000000000000000000
00000000000000000000000000000000001000000001000000000000010000000000000000000000
00000000000000000000000000000000001000000001001100000000100000000000000000000000
00000000000000000000000000000000001000000001000110000001100000000000000000000000
00000000000000000000000000000000001000000001000011000001000000000000000000000000
00000000000000000000000000000000001000000001000001101110000000000000000000000000
00000000000000000000000000000000001000000000100000100000000000000000000000000000
00000000000000000000000000000000001000000000100000010000000000000000000000000000
00000000000000000000000000000000001000000000100000001100000000000000000000000000
00000000000000000000000000000000001000000000100010000110000000000000000000000000
00000000000000000000000000000000001000000000100100000001100000000000000000000000
00000000000000000000000000000000001000000000101100000000110000000000000000000000
00000000000000000000000000000000001000000000111000000000011000000000000000000000
00000000000000000000000000000000001000000000000000000000001110000000000000000000
00000000000000000000000000000000001000000000000000000000000011000000000000000000
00000000000000000000000000000000001000000000000000000000000001111111000000000000
00000000000000000000000000000000001000000000000000000000000000000000000000000000
00000000000000000000000000000000000000000000000000000000000000000000000000000000
00000000000000000000000000000000000000000000000000000000000000000000000000000000
00000000000000000000000000000000000000000000000000000000000000000000000000000000
00000000000000000000000000000000000000000000000000000000000000000000000000000000
00000000000000000000000000000000000000000000000000000000000000000000000000000000
00000000000000000000000000000000000000000000000000000000000000000000000000000000
00000000000000000000000000000000000000000000000000000000000000000000000000000000
00000000000000000000000000000000000000000000000000000000000000000000000000000000
00000000000000000000000000000000000000000000000000000000000000000000000000000000
00000000000000000000000000000000000000000000000000000000000000000000000000000000
00000000000000000000000000000000000000000000000000000000000000000000000000000000
00000000000000000000000000000000000000000000000000000000000000000000000000000000
00000000000000000000000000000000000000000000000000000000000000000000000000000000
00000000000000000000000000000000000000000000000000000000000000000000000000000000
00000000000000000000000000000000000000000000000000000000000000000000000000000000
00000000000000000000000000000000000000000000000000000000000000000000000000000000
00000000000000000000000000000000000000000000000000000000000000000000000000000000
