00000000000000000000000000000000000000000000000000000000000000000000000000000000
00000000000000000000000000000000000000000000000000000000000000000000000000000000
00000000000000000000000000000000000000000000000000000000000000000000000000000000
00000000000000000000000000000000000000000000000000000000000000000000000000000000
00000000000000000000000000000000000000000000000000000000000000000000000000000000
00000000000000000000000000000000000000000000000000000000000000000000000000000000
00000000000000000000000000000000000000000000000000000000000000000000000000000000
00000000000000000000000000000000000000000000000000000000000000000000000000000000
00000000000000000000000000000000000000000000000000000000000000000000000000000000
00000000000000000000000000000000000000000000000000000000000000000000000000000000
00000000000000000000000000000000000000000000000000000000000000000000000000000000
00000000000000000000000000000000000000000000000000000000000000000000000000000000
00000000000000000000000000000000000010000000000000000000000000000000000000000000
00000000000000000000000000000000000010000000000011000000000000000000000000000000
00000000000000000000000000000000000110000001111111000000000000000000000000000000
00000000000000000000000000000000001100001110000001000000000000000000000000000000
00000000000000000000000000000000011000000100000001000000000000000000000000000000
00000000000000000000000000000000110010000100000001000000000000000000000000000000
00000000000000000000000000000011000010001100001111000000000000000000000000000000
00000000000000000000000000001100000010001011111001000000000000000000000000000000
00000000000000000000000000000000000100001000000001000000000000000000000000000000
00000000000000000000000000000000001100001000000001000000000000000000000000000000
00000000000000000000000000000000001000001000000011100000000000000000000000000000
00000000000000000000000000000000011000001000011110000000000000000000000000000000
00000000000000000000000000000000101100001011110000000000000000000000000000000000
00000000000000000000000000000011000100001000000000000000000000000000000000000000
00000000000000000000000000001110000100001000000000001000000000000000000000000000
00000000000000000000000000000000000100001000000000011000000000000000000000000000
00000000000000000000000000000000000100001111000000110000000000000000000000000000
00000000000000000000000000000000000100001001111111100000000000000000000000000000
00000000000000000000000000000000000100001000011000000000000000000000000000000000
00000000000000000000000000000000000100001000001100000000000000000000000000000000
00000000000000000000000000000000000100001000000011000000000000000000000000000000
00000000000000000000000000000000000100001000000001110000000000000000000000000000
00000000000000000000000000000000000100001001100000011000000000000000000000000000
00000000000000000000000000000000000100001101000000000111100001100000000000000000
00000000000000000000000000000000000100000111000000000000111111000000000000000000
00000000000000000000000000000000000100000110000000000000000000000000000000000000
00000000000000000000000000000000000000000000000000000000000000000000000000000000
00000000000000000000000000000000000000000000000000000000000000000000000000000000
00000000000000000000000000000000000000000000000000000000000000000000000000000000
00000000000000000000000000000000000000000000000000000000000000000000000000000000
00000000000000000000000000000000000000000000000000000000000000000000000000000000
00000000000000000000000000000000000000000000000000000000000000000000000000000000
00000000000000000000000000000000000000000000000000000000000000000000000000000000
00000000000000000000000000000000000000000000000000000000000000000000000000000000
00000000000000000000000000000000000000000000000000000000000000000000000000000000
00000000000000000000000000000000000000000000000000000000000000000000000000000000
00000000000000000000000000000000000000000000000000000000000000000000000000000000
00000000000000000000000000000000000000000000000000000000000000000000000000000000
00000000000000000000000000000000000000000000000000000000000000000000000000000000
00000000000000000000000000000000000000000000000000000000000000000000000000000000
00000000000000000000000000000000000000000000000000000000000000000000000000000000
00000000000000000000000000000000000000000000000000000000000000000000000000000000
00000000000000000000000000000000000000000000000000000000000000000000000000000000
00000000000000000000000000000000000000000000000000000000000000000000000000000000
00000000000000000000000000000000000000000000000000000000000000000000000000000000
00000000000000000000000000000000000000000000000000000000000000000000000000000000
00000000000000000000000000000000000000000000000000000000000000000000000000000000
00000000000000000000000000000000000000000000000000000000000000000000000000000000
