00000000000000000000000000000000000000000000000000000000000000000000000000000000
00000000000000000000000000000000000000000000000000000000000000000000000000000000
00000000000000000000000000000000000000000000000000000000000000000000000000000000
00000000000000000000000000000000000000000000000000000000000000000000000000000000
00000000000000000000000000000000000000000000000000000000000000000000000000000000
00000000000000000000000000000000000000000000000000000000000000000000000000000000
00000000000000000000000000000000000000000000000000000000000000000000000000000000
00000000000000000000000000000000000000000000000000000000000000000000000000000000
00000000000000000000000000000000000000000000000000000000000000000000000000000000
00000000000000000000000000000000000000000000000000000000000000000000000000000000
00000000000000000000000000000000000000000000000000000000000000000000000000000000
00000000000000000000000000000000000000000000000000000000000000000000000000000000
00000000000000000000000000000000001000000000000111000000000000000000000000000000
00000000000000000000000000000000001000010001111101000000000000000000000000000000
00000000000000000000000000000000001000011110000001000000000000000000000000000000
00000000000000000000000000000000011000110000000001000000000000000000000000000000
00000000000000000000000000000000010000100000000001000000000000000000000000000000
00000000000000000000000000000000100000100111111101000000000000000000000000000000
00000000000000000000000000000011000000100000000011000000000000000000000000000000
00000000000000000000000000011110000100100000000010000000000000000000000000000000
00000000000000000000000000110000000100100000000110000000000000000000000000000000
00000000000000000000000000000000001100100000111111000000000000000000000000000000
00000000000000000000000000000000011000111111000000000000000000000000000000000000
00000000000000000000000000000000110000100000000000000000000000000000000000000000
00000000000000000000000000000011010000100000000000000000000000000000000000000000
00000000000000000000000000011100010000100000000000001000000000000000000000000000
00000000000000000000000000000000010000100110000000010000000000000000000000000000
00000000000000000000000000000000010000100010000001100000000000000000000000000000
00000000000000000000000000000000010000100001000111000000000000000000000000000000
00000000000000000000000000000000010000100000111100000000000000000000000000000000
00000000000000000000000000000000010000100000111000000000000000000000000000000000
00000000000000000000000000000000010000100000001000000000000000000000000000000000
00000000000000000000000000000000010000100000000110000000000000000000000000000000
00000000000000000000000000000000010000100000001011000000000000000000000000000000
00000000000000000000000000000000010000100000001000110000000000000000000000000000
00000000000000000000000000000000010000100000011000011100000000000000000000000000
00000000000000000000000000000000001000110000110000000111100000000000000000000000
00000000000000000000000000000000001000010011100000000000111110000000000000000000
00000000000000000000000000000000001000011110000000000000000000000000000000000000
00000000000000000000000000000000000000000000000000000000000000000000000000000000
00000000000000000000000000000000000000000000000000000000000000000000000000000000
00000000000000000000000000000000000000000000000000000000000000000000000000000000
00000000000000000000000000000000000000000000000000000000000000000000000000000000
00000000000000000000000000000000000000000000000000000000000000000000000000000000
00000000000000000000000000000000000000000000000000000000000000000000000000000000
00000000000000000000000000000000000000000000000000000000000000000000000000000000
00000000000000000000000000000000000000000000000000000000000000000000000000000000
00000000000000000000000000000000000000000000000000000000000000000000000000000000
00000000000000000000000000000000000000000000000000000000000000000000000000000000
00000000000000000000000000000000000000000000000000000000000000000000000000000000
00000000000000000000000000000000000000000000000000000000000000000000000000000000
00000000000000000000000000000000000000000000000000000000000000000000000000000000
00000000000000000000000000000000000000000000000000000000000000000000000000000000
00000000000000000000000000000000000000000000000000000000000000000000000000000000
00000000000000000000000000000000000000000000000000000000000000000000000000000000
00000000000000000000000000000000000000000000000000000000000000000000000000000000
00000000000000000000000000000000000000000000000000000000000000000000000000000000
00000000000000000000000000000000000000000000000000000000000000000000000000000000
00000000000000000000000000000000000000000000000000000000000000000000000000000000
00000000000000000000000000000000000000000000000000000000000000000000000000000000
