00000000000000000000000000000000000000000000000000000000000000000000000000000000
00000000000000000000000000000000000000000000000000000000000000000000000000000000
00000000000000000000000000000000000000000000000000000000000000000000000000000000
00000000000000000000000000000000000000000000000000000000000000000000000000000000
00000000000000000000000000000000000000000000000000000000000000000000000000000000
00000000000000000000000000000000000000000000000000000000000000000000000000000000
00000000000000000000000000000000000000000000000000000000000000000000000000000000
00000000000000000000000000000000000000000000000000000000000000000000000000000000
00000000000000000000000000000000000000000000000000000000000000000000000000000000
00000000000000000000000000000000000000000000000000000000000000000000000000000000
00000000000000000000000000000000000000000000000000000000000000000000000000000000
00000000000000000000000000000000000000000000000000000000000000000000000000000000
00000000000000000000000000000000000000000000000000000000000000000000000000000000
00000000000000000000000000000000100000000000000000000000000000000000000000000000
00000000000000000000000000000000100000000000000000000000000000000000000000000000
00000000000000000000000000000001100000000000000000000000000000000000000000000000
00000000000000000000000000000001000000000000001100000000000000000000000000000000
00000000000000000000000000000010000000111100000100000000000000000000000000000000
00000000000000000000000000000100000011100000000100000000000000000000000000000000
00000000000000000000000000011000001100000000000100000000000000000000000000000000
00000000000000000000000000110000011110000000000100000000000000000000000000000000
00000000000000000000000111100000010010000000001000000000000000000000000000000000
00000000000000000000001100000000110010111111101000000000000000000000000000000000
00000000000000000000000000000001100011100000011000000000000000000000000000000000
00000000000000000000000000000011000010000000010000000000000000000000000000000000
00000000000000000000000000000111000010000000010000000000000000000000000000000000
00000000000000000000000000001101000010001111110000000000000000000000000000000000
00000000000000000000000000111001100001111000000000000000000000000000000000000000
00000000000000000000000011100000100001000000000000000000000000000000000000000000
00000000000000000000000000000000100001000000000010000000000000000000000000000000
00000000000000000000000000000000100001000000000010000000000000000000000000000000
00000000000000000000000000000000100001000000000010000000000000000000000000000000
00000000000000000000000000000000100001110000000110000000000000000000000000000000
00000000000000000000000000000000100001011000001100000000000000000000000000000000
00000000000000000000000000000000100001001100011000000000000000000000000000000000
00000000000000000000000000000000100001000111100000000000000000000000000000000000
00000000000000000000000000000000100001000001100000000000000000000000000000000000
00000000000000000000000000000000100001000000110000000000000000000000000000000000
00000000000000000000000000000000100001100000011000000000000000000000000000000000
00000000000000000000000000000000100001100000001100000000000000000000000000000000
00000000000000000000000000000000100001000000000011000000000000000000000000000000
00000000000000000000000000000000100000000000000001111000000000000000000000000000
00000000000000000000000000000001100000000000000000001111100000000000000000000000
00000000000000000000000000000000000000000000000000000000110000000000000000000000
00000000000000000000000000000000000000000000000000000000000000000000000000000000
00000000000000000000000000000000000000000000000000000000000000000000000000000000
00000000000000000000000000000000000000000000000000000000000000000000000000000000
00000000000000000000000000000000000000000000000000000000000000000000000000000000
00000000000000000000000000000000000000000000000000000000000000000000000000000000
00000000000000000000000000000000000000000000000000000000000000000000000000000000
00000000000000000000000000000000000000000000000000000000000000000000000000000000
00000000000000000000000000000000000000000000000000000000000000000000000000000000
00000000000000000000000000000000000000000000000000000000000000000000000000000000
00000000000000000000000000000000000000000000000000000000000000000000000000000000
00000000000000000000000000000000000000000000000000000000000000000000000000000000
00000000000000000000000000000000000000000000000000000000000000000000000000000000
00000000000000000000000000000000000000000000000000000000000000000000000000000000
00000000000000000000000000000000000000000000000000000000000000000000000000000000
00000000000000000000000000000000000000000000000000000000000000000000000000000000
00000000000000000000000000000000000000000000000000000000000000000000000000000000
