00000000000000000000000000000000000000000000000000000000000000000000000000000000
00000000000000000000000000000000000000000000000000000000000000000000000000000000
00000000000000000000000000000000000000000000000000000000000000000000000000000000
00000000000000000000000000000000000000000000000000000000000000000000000000000000
00000000000000000000000000000000000000000000000000000000000000000000000000000000
00000000000000000000000000000000000000000000000000000000000000000000000000000000
00000000000000000000000000000000000000000000000000000000000000000000000000000000
00000000000000000000000000000000000000000000000000000000000000000000000000000000
00000000000000000000000000000000000000000000000000000000000000000000000000000000
00000000000000000000000000000000000000000000000000000000000000000000000000000000
00000000000000000000000000000000000000000000000000000000000000000000000000000000
00000000000000000000000000000000000000000000000000000000000000000000000000000000
00000000000000000000000000000000000010000000000000000000000000000000000000000000
00000000000000000000000000000000000010000000000000000000000000000000000000000000
00000000000000000000000000000000000100000000001110000000000000000000000000000000
00000000000000000000000000000000001100000011110010000000000000000000000000000000
00000000000000000000000000000000011000111110000010000000000000000000000000000000
00000000000000000000000000000000110000000000000010000000000000000000000000000000
00000000000000000000000000000011000100000100000010000000000000000000000000000000
00000000000000000000000000001110000100000100001110000000000000000000000000000000
00000000000000000000000000000000001100000111111010000000000000000000000000000000
00000000000000000000000000000000011000000100000010000000000000000000000000000000
00000000000000000000000000000000110000000100000010000000000000000000000000000000
00000000000000000000000000000001100000000100000110000000000000000000000000000000
00000000000000000000000000000011000000000100111100000000000000000000000000000000
00000000000000000000000000001111100000000111100000000000000000000000000000000000
00000000000000000000000000111000100000000100000000000000000000000000000000000000
00000000000000000000000011100000100000000100000000010000000000000000000000000000
00000000000000000000001110000000100000000100000000010000000000000000000000000000
00000000000000000000000000000000100000000100000000110000000000000000000000000000
00000000000000000000000000000000100000000101000011100000000000000000000000000000
00000000000000000000000000000000100000000101111110000000000000000000000000000000
00000000000000000000000000000000010000000100001000000000000000000000000000000000
00000000000000000000000000000000010000000100000100000000000000000000000000000000
00000000000000000000000000000000010000000100000010000000000000000000000000000000
00000000000000000000000000000000010000000100000001000000000000000000000000000000
00000000000000000000000000000000010000000100000001100000000000000000000000000000
00000000000000000000000000000000010000000100010000110000000000000000000000000000
00000000000000000000000000000000010000000100100000001100000000000000000000000000
00000000000000000000000000000000010000000101000000000110000000000000000000000000
00000000000000000000000000000000010000000111000000000011000000000000000000000000
00000000000000000000000000000000010000000000000000000001110000000000000000000000
00000000000000000000000000000000010000000000000000000000001111000000000000000000
00000000000000000000000000000000000000000000000000000000000000000000000000000000
00000000000000000000000000000000000000000000000000000000000000000000000000000000
00000000000000000000000000000000000000000000000000000000000000000000000000000000
00000000000000000000000000000000000000000000000000000000000000000000000000000000
00000000000000000000000000000000000000000000000000000000000000000000000000000000
00000000000000000000000000000000000000000000000000000000000000000000000000000000
00000000000000000000000000000000000000000000000000000000000000000000000000000000
00000000000000000000000000000000000000000000000000000000000000000000000000000000
00000000000000000000000000000000000000000000000000000000000000000000000000000000
00000000000000000000000000000000000000000000000000000000000000000000000000000000
00000000000000000000000000000000000000000000000000000000000000000000000000000000
00000000000000000000000000000000000000000000000000000000000000000000000000000000
00000000000000000000000000000000000000000000000000000000000000000000000000000000
00000000000000000000000000000000000000000000000000000000000000000000000000000000
00000000000000000000000000000000000000000000000000000000000000000000000000000000
00000000000000000000000000000000000000000000000000000000000000000000000000000000
00000000000000000000000000000000000000000000000000000000000000000000000000000000
