00000000000000000000000000000000000000000000000000000000000000000000000000000000
00000000000000000000000000000000000000000000000000000000000000000000000000000000
00000000000000000000000000000000000000000000000000000000000000000000000000000000
00000000000000000000000000000000000000000000000000000000000000000000000000000000
00000000000000000000000000000000000000000000000000000000000000000000000000000000
00000000000000000000000000000000000000000000000000000000000000000000000000000000
00000000000000000000000000000000000000000000000000000000000000000000000000000000
00000000000000000000000000000000000000000000000000000000000000000000000000000000
00000000000000000000000000000000000000000000000000000000000000000000000000000000
00000000000000000000000000000000000000000000000000000000000000000000000000000000
00000000000000000000000000000000000000000000000000000000000000000000000000000000
00000000000000000000000000000000000000000000000000000000000000000000000000000000
00000000000000000000000000000000000000000000000000000000000000000000000000000000
00000000000000000000000000000000000000000000000000000000000000000000000000000000
00000000000000000000000000000000000000000000000000000000000000000000000000000000
00000000000000000000000000000000000000001000000000000000000000000000000000000000
00000000000000000000000000000000000000011000000000000000000000000000000000000000
00000000000000000000000000000000000000110000000000111000000000000000000000000000
00000000000000000000000000000000000001100000000111101000000000000000000000000000
00000000000000000000000000000000000011000010011100001000000000000000000000000000
00000000000000000000000000000000001110000011100000001000000000000000000000000000
00000000000000000000000000000000111000000000000000001000000000000000000000000000
00000000000000000000000000000111100000000101000000001000000000000000000000000000
00000000000000000000000000111100000000001001000000111000000000000000000000000000
00000000000000000000000000000000000000010001001111101000000000000000000000000000
00000000000000000000000000000000000001100001000000001000000000000000000000000000
00000000000000000000000000000000000110000001000000001000000000000000000000000000
00000000000000000000000000000000111100000001000011110000000000000000000000000000
00000000000000000000000000011111000100000001001110010000000000000000000000000000
00000000000000000000000000000000000100000001111000010001000000000000000000000000
00000000000000000000000000000000000110000001000000000001000000000000000000000000
00000000000000000000000000000000000010000001000000000001000000000000000000000000
00000000000000000000000000000000000010000001001000000010000000000000000000000000
00000000000000000000000000000000000010000001001000000110000000000000000000000000
00000000000000000000000000000000000010000001000100001100000000000000000000000000
00000000000000000000000000000000000010000001000111111000000000000000000000000000
00000000000000000000000000000000000010000001000010000000000000000000000000000000
00000000000000000000000000000000000010000001000001000000000000000000000000000000
00000000000000000000000000000000000010000001000001100000000000000000000000000000
00000000000000000000000000000000000010000001001000110000000000000000000000000000
00000000000000000000000000000000000010000001010000010000000000000000000000000000
00000000000000000000000000000000000000000001110000001100000000000000000000000000
00000000000000000000000000000000000000000001100000000110000000000000000000000000
00000000000000000000000000000000000000000000000000000011111100000000000000000000
00000000000000000000000000000000000000000000000000000000000000000000000000000000
00000000000000000000000000000000000000000000000000000000000000000000000000000000
00000000000000000000000000000000000000000000000000000000000000000000000000000000
00000000000000000000000000000000000000000000000000000000000000000000000000000000
00000000000000000000000000000000000000000000000000000000000000000000000000000000
00000000000000000000000000000000000000000000000000000000000000000000000000000000
00000000000000000000000000000000000000000000000000000000000000000000000000000000
00000000000000000000000000000000000000000000000000000000000000000000000000000000
00000000000000000000000000000000000000000000000000000000000000000000000000000000
00000000000000000000000000000000000000000000000000000000000000000000000000000000
00000000000000000000000000000000000000000000000000000000000000000000000000000000
00000000000000000000000000000000000000000000000000000000000000000000000000000000
00000000000000000000000000000000000000000000000000000000000000000000000000000000
00000000000000000000000000000000000000000000000000000000000000000000000000000000
00000000000000000000000000000000000000000000000000000000000000000000000000000000
00000000000000000000000000000000000000000000000000000000000000000000000000000000
