00000000000000000000000000000000000000000000000000000000000000000000000000000000
00000000000000000000000000000000000000000000000000000000000000000000000000000000
00000000000000000000000000000000000000000000000000000000000000000000000000000000
00000000000000000000000000000000000000000000000000000000000000000000000000000000
00000000000000000000000000000000000000000000000000000000000000000000000000000000
00000000000000000000000000000000000000000000000000000000000000000000000000000000
00000000000000000000000000000000000000000000000000000000000000000000000000000000
00000000000000000000000000000000000000000000000000000000000000000000000000000000
00000000000000000000000000000000000000000000000000000000000000000000000000000000
00000000000000000000000000000000000000000000000000000000000000000000000000000000
00000000000000000000000000000000000000000000000000000000000000000000000000000000
00000000000000000000000000000000000000000000000000000000000000000000000000000000
00000000000000000000000000000000000000000000000000000000000000000000000000000000
00000000000000000000000000000000000000000000000000000000000000000000000000000000
00000000000000000000000000000000000000000000000000000000000000000000000000000000
00000000000000000000000000000000000000000000000000000000000000000000000000000000
00000000000000000000000000000000000000000000000000000000000000000000000000000000
00000000000000000000000000000000000000000000000000000000000000000000000000000000
00000000000000000000000000000000000010000000111111000000000000000000000000000000
00000000000000000000000000000000000110011111000001000000000000000000000000000000
00000000000000000000000000000000001100010000000001000000000000000000000000000000
00000000000000000000000000000000110010010000000011000000000000000000000000000000
00000000000000000000000000000011100110010000000010000000000000000000000000000000
00000000000000000000000000000100000100010111111110000000000000000000000000000000
00000000000000000000000000000000001000010000000100000000000000000000000000000000
00000000000000000000000000000000110000001000000100000000000000000000000000000000
00000000000000000000000000000011110000001000000100000000000000000000000000000000
00000000000000000000000000011110010000001111111110000000000000000000000000000000
00000000000000000000000000000000010000001000000000000000000000000000000000000000
00000000000000000000000000000000010000001010000000000000000000000000000000000000
00000000000000000000000000000000010000001011000000010000000000000000000000000000
00000000000000000000000000000000010000001001100000110000000000000000000000000000
00000000000000000000000000000000010000001000110111100000000000000000000000000000
00000000000000000000000000000000010000001000010000000000000000000000000000000000
00000000000000000000000000000000010000001000001100000000000000000000000000000000
00000000000000000000000000000000010000001000000110000000000000000000000000000000
00000000000000000000000000000000100000001001000011000000000000000000000000000000
00000000000000000000000000000000100000001011000001100000000000000000000000000000
00000000000000000000000000000000100000001010000000111000000000000000000000000000
00000000000000000000000000000000100000001110000000001110000000000000000000000000
00000000000000000000000000000000100000001100000000000011111100000000000000000000
00000000000000000000000000000000100000001100000000000000000011100000000000000000
00000000000000000000000000000000100000000000000000000000000000000000000000000000
00000000000000000000000000000000100000000000000000000000000000000000000000000000
00000000000000000000000000000000000000000000000000000000000000000000000000000000
00000000000000000000000000000000000000000000000000000000000000000000000000000000
00000000000000000000000000000000000000000000000000000000000000000000000000000000
00000000000000000000000000000000000000000000000000000000000000000000000000000000
00000000000000000000000000000000000000000000000000000000000000000000000000000000
00000000000000000000000000000000000000000000000000000000000000000000000000000000
00000000000000000000000000000000000000000000000000000000000000000000000000000000
00000000000000000000000000000000000000000000000000000000000000000000000000000000
00000000000000000000000000000000000000000000000000000000000000000000000000000000
00000000000000000000000000000000000000000000000000000000000000000000000000000000
00000000000000000000000000000000000000000000000000000000000000000000000000000000
00000000000000000000000000000000000000000000000000000000000000000000000000000000
00000000000000000000000000000000000000000000000000000000000000000000000000000000
00000000000000000000000000000000000000000000000000000000000000000000000000000000
00000000000000000000000000000000000000000000000000000000000000000000000000000000
00000000000000000000000000000000000000000000000000000000000000000000000000000000
