00000000000000000000000000000000000000000000000000000000000000000000000000000000
00000000000000000000000000000000000000000000000000000000000000000000000000000000
00000000000000000000000000000000000000000000000000000000000000000000000000000000
00000000000000000000000000000000000000000000000000000000000000000000000000000000
00000000000000000000000000000000000000000000000000000000000000000000000000000000
00000000000000000000000000000000000000000000000000000000000000000000000000000000
00000000000000000000000000000000000000000000000000000000000000000000000000000000
00000000000000000000000000000000000000000000000000000000000000000000000000000000
00000000000000000000000000000000000000000000000000000000000000000000000000000000
00000000000000000000000000000000000000000000000000000000000000000000000000000000
00000000000000000000000000000000000000000000000000000000000000000000000000000000
00000000000000000000000000000000000000000000000000000000000000000000000000000000
00000000000000000000000000000000000000000000000000000000000000000000000000000000
00000000000000000000000000000000000000000000000000000000000000000000000000000000
00000000000000000000000000000001000000000000000000000000000000000000000000000000
00000000000000000000000000000001000000000110000000000000000000000000000000000000
00000000000000000000000000000001000000110010000000000000000000000000000000000000
00000000000000000000000000000010001011100011000000000000000000000000000000000000
00000000000000000000000000000110001110000001000000000000000000000000000000000000
00000000000000000000000000001100000000000001000000000000000000000000000000000000
00000000000000000000000000111000000010000001000000000000000000000000000000000000
00000000000000000000000011100000000011111111000000000000000000000000000000000000
00000000000000000000000000000001000010000001000000000000000000000000000000000000
00000000000000000000000000000011000010000001000000000000000000000000000000000000
00000000000000000000000000000110000010000001000000000000000000000000000000000000
00000000000000000000000000011010000010000111000000000000000000000000000000000000
00000000000000000000000111110010000011111110000000000000000000000000000000000000
00000000000000000000001000000001000011000000000000000000000000000000000000000000
00000000000000000000000000000001000010000000010000000000000000000000000000000000
00000000000000000000000000000001000011000000110000000000000000000000000000000000
00000000000000000000000000000001000011100001100000000000000000000000000000000000
00000000000000000000000000000001000010111111000000000000000000000000000000000000
00000000000000000000000000000001000010001000000000000000000000000000000000000000
00000000000000000000000000000001000010001100000000000000000000000000000000000000
00000000000000000000000000000001000010000110000000000000000000000000000000000000
00000000000000000000000000000000100010000011000000000000000000000000000000000000
00000000000000000000000000000000100010000100110000000000000000000000000000000000
00000000000000000000000000000000100001001000011000000000000000000000000000000000
00000000000000000000000000000000100001010000001110000000000000000000000000000000
00000000000000000000000000000000100001100000000011111111110000000000000000000000
00000000000000000000000000000000000000000000000000000000000000000000000000000000
00000000000000000000000000000000000000000000000000000000000000000000000000000000
00000000000000000000000000000000000000000000000000000000000000000000000000000000
00000000000000000000000000000000000000000000000000000000000000000000000000000000
00000000000000000000000000000000000000000000000000000000000000000000000000000000
00000000000000000000000000000000000000000000000000000000000000000000000000000000
00000000000000000000000000000000000000000000000000000000000000000000000000000000
00000000000000000000000000000000000000000000000000000000000000000000000000000000
00000000000000000000000000000000000000000000000000000000000000000000000000000000
00000000000000000000000000000000000000000000000000000000000000000000000000000000
00000000000000000000000000000000000000000000000000000000000000000000000000000000
00000000000000000000000000000000000000000000000000000000000000000000000000000000
00000000000000000000000000000000000000000000000000000000000000000000000000000000
00000000000000000000000000000000000000000000000000000000000000000000000000000000
00000000000000000000000000000000000000000000000000000000000000000000000000000000
00000000000000000000000000000000000000000000000000000000000000000000000000000000
00000000000000000000000000000000000000000000000000000000000000000000000000000000
00000000000000000000000000000000000000000000000000000000000000000000000000000000
00000000000000000000000000000000000000000000000000000000000000000000000000000000
00000000000000000000000000000000000000000000000000000000000000000000000000000000
