00000000000000000000000000000000000000000000000000000000000000000000000000000000
00000000000000000000000000000000000000000000000000000000000000000000000000000000
00000000000000000000000000000000000000000000000000000000000000000000000000000000
00000000000000000000000000000000000000000000000000000000000000000000000000000000
00000000000000000000000000000000000000000000000000000000000000000000000000000000
00000000000000000000000000000000000000000000000000000000000000000000000000000000
00000000000000000000000000000000000000000000000000000000000000000000000000000000
00000000000000000000000000000000000000000000000000000000000000000000000000000000
00000000000000000000000000000000000000000000000000000000000000000000000000000000
00000000000000000000000000000000000000000000000000000000000000000000000000000000
00000000000000000000000000000000000000000000000000000000000000000000000000000000
00000000000000000000000000000000000000000000000000000000000000000000000000000000
00000000000000000000000000000000000000000000000000000000000000000000000000000000
00000000000000000000000000000000000000000000000000000000000000000000000000000000
00000000000000000000000000000000001000000000000000000000000000000000000000000000
00000000000000000000000000000000001000000000000000000000000000000000000000000000
00000000000000000000000000000000001000000000000000000000000000000000000000000000
00000000000000000000000000000000011000000000000111110000000000000000000000000000
00000000000000000000000000000000010001000000011100010000000000000000000000000000
00000000000000000000000000000000110001001111100000010000000000000000000000000000
00000000000000000000000000000000100001000000000000010000000000000000000000000000
00000000000000000000000000000001000001000100000000010000000000000000000000000000
00000000000000000000000000000110000001000100000000110000000000000000000000000000
00000000000000000000000000001100000001000010001111100000000000000000000000000000
00000000000000000000000000000000000010000011111000100000000000000000000000000000
00000000000000000000000000000000000010000010000000100000000000000000000000000000
00000000000000000000000000000000001100000010000001100000000000000000000000000000
00000000000000000000000000000000000100000010000001000000000000000000000000000000
00000000000000000000000000000000001100000010000001110000000000000000000000000000
00000000000000000000000000000000010010000011111110000000000000000000000000000000
00000000000000000000000000000001110010000010000000000000000000000000000000000000
00000000000000000000000000001111000010000010000000000000000000000000000000000000
00000000000000000000000000000000000010000010000000000001000000000000000000000000
00000000000000000000000000000000000010000010100000000001000000000000000000000000
00000000000000000000000000000000000010000010110000000011000000000000000000000000
00000000000000000000000000000000000010000010011000000010000000000000000000000000
00000000000000000000000000000000000010000010001100000100000000000000000000000000
00000000000000000000000000000000000010000010000110001100000000000000000000000000
00000000000000000000000000000000000010000010000011111000000000000000000000000000
00000000000000000000000000000000000010000010000001110000000000000000000000000000
00000000000000000000000000000000000010000010000100011000000000000000000000000000
00000000000000000000000000000000000010000010001000001100000000000000000000000000
00000000000000000000000000000000000010000010010000000111000000000000000000000000
00000000000000000000000000000000000000000010100000000001100000000000000000000000
00000000000000000000000000000000000000000011000000000000011100000000000000000000
00000000000000000000000000000000000000000011000000000000000111110000000000000000
00000000000000000000000000000000000000000000000000000000000000000000000000000000
00000000000000000000000000000000000000000000000000000000000000000000000000000000
00000000000000000000000000000000000000000000000000000000000000000000000000000000
00000000000000000000000000000000000000000000000000000000000000000000000000000000
00000000000000000000000000000000000000000000000000000000000000000000000000000000
00000000000000000000000000000000000000000000000000000000000000000000000000000000
00000000000000000000000000000000000000000000000000000000000000000000000000000000
00000000000000000000000000000000000000000000000000000000000000000000000000000000
00000000000000000000000000000000000000000000000000000000000000000000000000000000
00000000000000000000000000000000000000000000000000000000000000000000000000000000
00000000000000000000000000000000000000000000000000000000000000000000000000000000
00000000000000000000000000000000000000000000000000000000000000000000000000000000
00000000000000000000000000000000000000000000000000000000000000000000000000000000
00000000000000000000000000000000000000000000000000000000000000000000000000000000
