00000000000000000000000000000000000000000000000000000000000000000000000000000000
00000000000000000000000000000000000000000000000000000000000000000000000000000000
00000000000000000000000000000000000000000000000000000000000000000000000000000000
00000000000000000000000000000000000000000000000000000000000000000000000000000000
00000000000000000000000000000000000000000000000000000000000000000000000000000000
00000000000000000000000000000000000000000000000000000000000000000000000000000000
00000000000000000000000000000000000000000000000000000000000000000000000000000000
00000000000000000000000000000000000000000000000000000000000000000000000000000000
00000000000000000000000000000000000000000000000000000000000000000000000000000000
00000000000000000000000000000000000000000000000000000000000000000000000000000000
00000000000000000000000000000000000000000000000000000000000000000000000000000000
00000000000000000000000000000000000000000000000000000000000000000000000000000000
00000000000000000000000000000000000000000000000000000000000000000000000000000000
00000000000000000000000000000000000000110000000000000000000000000000000000000000
00000000000000000000000000000000000000100000000000000000000000000000000000000000
00000000000000000000000000000000000001100000000000000000000000000000000000000000
00000000000000000000000000000000000001000000000000000000000000000000000000000000
00000000000000000000000000000000000010000000000011000000000000000000000000000000
00000000000000000000000000000000000110000000001111100000000000000000000000000000
00000000000000000000000000000000001100000111111000100000000000000000000000000000
00000000000000000000000000000000011000010010000000100000000000000000000000000000
00000000000000000000000000000000110000010010000000110000000000000000000000000000
00000000000000000000000000000001100000010010000000010000000000000000000000000000
00000000000000000000000000000110000000110010000001110000000000000000000000000000
00000000000000000000000000001100000001100011111111010000000000000000000000000000
00000000000000000000000000000000000011000010000000100000000000000000000000000000
00000000000000000000000000000000000110000010000000100000000000000000000000000000
00000000000000000000000000000000000100000010000000100000000000000000000000000000
00000000000000000000000000000000011010000010001111100000000000000000000000000000
00000000000000000000000000000000110010000011110000000000000000000000000000000000
00000000000000000000000000011111000011000010000000000000000000000000000000000000
00000000000000000000000000000000000001000010000000010000000000000000000000000000
00000000000000000000000000000000000001000010000000010000000000000000000000000000
00000000000000000000000000000000000001000110000000110000000000000000000000000000
00000000000000000000000000000000000001000111000001100000000000000000000000000000
00000000000000000000000000000000000001100011111110000000000000000000000000000000
00000000000000000000000000000000000000100010111000000000000000000000000000000000
00000000000000000000000000000000000000100010001110000000000000000000000000000000
00000000000000000000000000000000000000100010001111000000000000000000000000000000
00000000000000000000000000000000000000100010011001110000000000000000000000000000
00000000000000000000000000000000000000100010110000011100000000000000000000000000
00000000000000000000000000000000000000100011100000000011000000000000000000000000
00000000000000000000000000000000000001100000000000000000111000000000000000000000
00000000000000000000000000000000000000000000000000000000001111111000000000000000
00000000000000000000000000000000000000000000000000000000000000000100000000000000
00000000000000000000000000000000000000000000000000000000000000000000000000000000
00000000000000000000000000000000000000000000000000000000000000000000000000000000
00000000000000000000000000000000000000000000000000000000000000000000000000000000
00000000000000000000000000000000000000000000000000000000000000000000000000000000
00000000000000000000000000000000000000000000000000000000000000000000000000000000
00000000000000000000000000000000000000000000000000000000000000000000000000000000
00000000000000000000000000000000000000000000000000000000000000000000000000000000
00000000000000000000000000000000000000000000000000000000000000000000000000000000
00000000000000000000000000000000000000000000000000000000000000000000000000000000
00000000000000000000000000000000000000000000000000000000000000000000000000000000
00000000000000000000000000000000000000000000000000000000000000000000000000000000
00000000000000000000000000000000000000000000000000000000000000000000000000000000
00000000000000000000000000000000000000000000000000000000000000000000000000000000
00000000000000000000000000000000000000000000000000000000000000000000000000000000
00000000000000000000000000000000000000000000000000000000000000000000000000000000
