00000000000000000000000000000000000000000000000000000000000000000000000000000000
00000000000000000000000000000000000000000000000000000000000000000000000000000000
00000000000000000000000000000000000000000000000000000000000000000000000000000000
00000000000000000000000000000000000000000000000000000000000000000000000000000000
00000000000000000000000000000000000000000000000000000000000000000000000000000000
00000000000000000000000000000000000000000000000000000000000000000000000000000000
00000000000000000000000000000000000000000000000000000000000000000000000000000000
00000000000000000000000000000000000000000000000000000000000000000000000000000000
00000000000000000000000000000000000000000000000000000000000000000000000000000000
00000000000000000000000000000000000000000000000000000000000000000000000000000000
00000000000000000000000000000000000000000000000000000000000000000000000000000000
00000000000000000000000000000000000000000000000000000000000000000000000000000000
00000000000000000000000000000000000000000000000000000000000000000000000000000000
00000000000000000000000000000000000000000000000000000000000000000000000000000000
00000000000000000000000000000000001000000000000000000000000000000000000000000000
00000000000000000000000000000000010000000000000000000000000000000000000000000000
00000000000000000000000000000000110000000000000000000000000000000000000000000000
00000000000000000000000000000000100000000111111000000000000000000000000000000000
00000000000000000000000000000001000000111100001000000000000000000000000000000000
00000000000000000000000000000110001001100000001000000000000000000000000000000000
00000000000000000000000000111100001000100000001000000000000000000000000000000000
00000000000000000000000111100000001000100000001000000000000000000000000000000000
00000000000000000000000000000000011000100000011000000000000000000000000000000000
00000000000000000000000000000000110000111111111000000000000000000000000000000000
00000000000000000000000000000011100000100000010000000000000000000000000000000000
00000000000000000000000000001111000000100000101110000000000000000000000000000000
00000000000000000000000011111001000000100111110000000000000000000000000000000000
00000000000000000000000000000001000000111101100000000000000000000000000000000000
00000000000000000000000000000001000000100000000000000000000000000000000000000000
00000000000000000000000000000001000000100000000001000000000000000000000000000000
00000000000000000000000000000001100001100000000001000000000000000000000000000000
00000000000000000000000000000000100001000100000001000000000000000000000000000000
00000000000000000000000000000000100001000010000011000000000000000000000000000000
00000000000000000000000000000000100001000001111100000000000000000000000000000000
00000000000000000000000000000000100001000000110000000000000000000000000000000000
00000000000000000000000000000000100001000000011100000000000000000000000000000000
00000000000000000000000000000000100001000110000110000000000000000000000000000000
00000000000000000000000000000000100001000100000011000000000000000000000000000000
00000000000000000000000000000000100001101100000000111000000000000000000000000000
00000000000000000000000000000000100000111000000000001111111000000000000000000000
00000000000000000000000000000000100000000000000000000000001000000000000000000000
00000000000000000000000000000000100000000000000000000000000000000000000000000000
00000000000000000000000000000000000000000000000000000000000000000000000000000000
00000000000000000000000000000000000000000000000000000000000000000000000000000000
00000000000000000000000000000000000000000000000000000000000000000000000000000000
00000000000000000000000000000000000000000000000000000000000000000000000000000000
00000000000000000000000000000000000000000000000000000000000000000000000000000000
00000000000000000000000000000000000000000000000000000000000000000000000000000000
00000000000000000000000000000000000000000000000000000000000000000000000000000000
00000000000000000000000000000000000000000000000000000000000000000000000000000000
00000000000000000000000000000000000000000000000000000000000000000000000000000000
00000000000000000000000000000000000000000000000000000000000000000000000000000000
00000000000000000000000000000000000000000000000000000000000000000000000000000000
00000000000000000000000000000000000000000000000000000000000000000000000000000000
00000000000000000000000000000000000000000000000000000000000000000000000000000000
00000000000000000000000000000000000000000000000000000000000000000000000000000000
00000000000000000000000000000000000000000000000000000000000000000000000000000000
00000000000000000000000000000000000000000000000000000000000000000000000000000000
00000000000000000000000000000000000000000000000000000000000000000000000000000000
00000000000000000000000000000000000000000000000000000000000000000000000000000000
