00000000000000000000000000000000000000000000000000000000000000000000000000000000
00000000000000000000000000000000000000000000000000000000000000000000000000000000
00000000000000000000000000000000000000000000000000000000000000000000000000000000
00000000000000000000000000000000000000000000000000000000000000000000000000000000
00000000000000000000000000000000000000000000000000000000000000000000000000000000
00000000000000000000000000000000000000000000000000000000000000000000000000000000
00000000000000000000000000000000000000000000000000000000000000000000000000000000
00000000000000000000000000000000000000000000000000000000000000000000000000000000
00000000000000000000000000000000000000000000000000000000000000000000000000000000
00000000000000000000000000000000000000000000000000000000000000000000000000000000
00000000000000000000000000000000000000000000000000000000000000000000000000000000
00000000000000000000000000000000000000000000000000000000000000000000000000000000
00000000000000000000000000000000000000000000000000000000000000000000000000000000
00000000000000000000000000000000000000000000000000000000000000000000000000000000
00000000000000000000000000000000000000000000000000000000000000000000000000000000
00000000000000000000000000000000000000000000000000000000000000000000000000000000
00000000000000000000000000000000000000000000000000000000000000000000000000000000
00000000000000000000000000000000000000000000000000000000000000000000000000000000
00000000000000000000000000000000000000001111000000000000000000000000000000000000
00000000000000000000000000001000000011111001000000000000000000000000000000000000
00000000000000000000000000011000000000000001000000000000000000000000000000000000
00000000000000000000000000010000000000000001000000000000000000000000000000000000
00000000000000000000000000100000000000000011000000000000000000000000000000000000
00000000000000000000000001000000000000000010000000000000000000000000000000000000
00000000000000000000000011000111000000000010000000000000000000000000000000000000
00000000000000000000001111111000000000000010000000000000000000000000000000000000
00000000000000001111110100000000100000000010000011111000000000000000000000000000
00000000000000001000000100000000100000000010111110000000000000000000000000000000
00000000000000000000000100000001100000001111100000000000000000000000000000000000
00000000000000000000000110000001000111111001100000000000000000000000000000000000
00000000000000000000000011000011001100000000110000000000000000000000000000000000
00000000000000000000000001100010000000000000011000000000000000000000000000000000
00000000000000000000000000011110000000000000001100000000000000000000000000000000
00000000000000000000000000001100000000000000000100000000000000000000000000000000
00000000000000000010000000011111000000000000000100000000000000000000000000000000
00000000000000000001000000110001100000001000001100000000000000000000000000000000
00000000000000000000111111100000111000001111111000000000000000000000000000000000
00000000000000000000000000000000001100000000000000000000000000000000000000000000
00000000000000000000000000000000000111000000000000000000000000000000000000000000
00000000000000000000000000000000000000000000000000000000000000000000000000000000
00000000000000000000000000000000000000000000000000000000000000000000000000000000
00000000000000000000000000000000000000000000000000000000000000000000000000000000
00000000000000000000000000000000000000000000000000000000000000000000000000000000
00000000000000000000000000000000000000000000000000000000000000000000000000000000
00000000000000000000000000000000000000000000000000000000000000000000000000000000
00000000000000000000000000000000000000000000000000000000000000000000000000000000
00000000000000000000000000000000000000000000000000000000000000000000000000000000
00000000000000000000000000000000000000000000000000000000000000000000000000000000
00000000000000000000000000000000000000000000000000000000000000000000000000000000
00000000000000000000000000000000000000000000000000000000000000000000000000000000
00000000000000000000000000000000000000000000000000000000000000000000000000000000
00000000000000000000000000000000000000000000000000000000000000000000000000000000
00000000000000000000000000000000000000000000000000000000000000000000000000000000
00000000000000000000000000000000000000000000000000000000000000000000000000000000
00000000000000000000000000000000000000000000000000000000000000000000000000000000
00000000000000000000000000000000000000000000000000000000000000000000000000000000
00000000000000000000000000000000000000000000000000000000000000000000000000000000
00000000000000000000000000000000000000000000000000000000000000000000000000000000
00000000000000000000000000000000000000000000000000000000000000000000000000000000
00000000000000000000000000000000000000000000000000000000000000000000000000000000
