00000000000000000000000000000000000000000000000000000000000000000000000000000000
00000000000000000000000000000000000000000000000000000000000000000000000000000000
00000000000000000000000000000000000000000000000000000000000000000000000000000000
00000000000000000000000000000000000000000000000000000000000000000000000000000000
00000000000000000000000000000000000000000000000000000000000000000000000000000000
00000000000000000000000000000000000000000000000000000000000000000000000000000000
00000000000000000000000000000000000000000000000000000000000000000000000000000000
00000000000000000000000000000000000000000000000000000000000000000000000000000000
00000000000000000000000000000000000000000000000000000000000000000000000000000000
00000000000000000000000000000000000000000000000000000000000000000000000000000000
00000000000000000000000000000000000000000000000000000000000000000000000000000000
00000000000000000000000000000000000000000000000000000000000000000000000000000000
00000000000000000000000000000000000000000000000000000000000000000000000000000000
00000000000000000000000000000000000000000000000000000000000000000000000000000000
00000000000000000000000000000000000000000000000000000000000000000000000000000000
00000000000000000000000000000000000000000000000000000000000000000000000000000000
00000000000000000000000000000000000000000000000000000000000000000000000000000000
00000000000000000000000000000000000000000000000000000000000000000000000000000000
00000000000000000000000000000000110000000000000001111000000000000000000000000000
00000000000000000000000000000000100000001111111111001000000000000000000000000000
00000000000000000000000000000000100000000000000000001000000000000000000000000000
00000000000000000000000000000000100000000000000000001000000000000000000000000000
00000000000000000000000000000001000000000000000000010000000000000000000000000000
00000000000000000000000000000001000000000000000000010000000000000000000000000000
00000000000000000000000000000001000000000000000000010000000000000000000000000000
00000000000000000000000111111111111111111100000000010000000000000000000000000000
00000000000000000000000100000010000000011000000000010000000000001100000000000000
00000000000000000000000000000010000000010000000000010000111111110000000000000000
00000000000000000000000000000010000000110000000000011111100000000000000000000000
00000000000000000000000000000100000000100000111111110000000000000000000000000000
00000000000000000000000000000100000001001111000000010000000000000000000000000000
00000000000000000000000000000100000001000000000000010000000000000000000000000000
00000000000000000000000000000100000010000000000000010000000000000000000000000000
00000000000000000000000000000110000010000000000000010000000000000000000000000000
00000000000000000000000000000011000100000000000000011000000000000000000000000000
00000000000000000000000000000000111100000000000000001000000000000000000000000000
00000000000000000000000000000000011000000000000000000100000000000000000000000000
00000000000000000000000000000000111100000000000000000011000000000000000000000000
00000000000000000000000000000000100010000100000000000001100000000000000000000000
00000000000000000000000000000001000001100011110000000000110000000000000000000000
00000000000000000000000000000011000000010000001111111111110000000000000000000000
00000000000000000000000000100010000000001100100000000000000000000000000000000000
00000000000000000000000000100110000000000011100000000000000000000000000000000000
00000000000000000000000000111100000000000001100000000000000000000000000000000000
00000000000000000000000000000000000000000000000000000000000000000000000000000000
00000000000000000000000000000000000000000000000000000000000000000000000000000000
00000000000000000000000000000000000000000000000000000000000000000000000000000000
00000000000000000000000000000000000000000000000000000000000000000000000000000000
00000000000000000000000000000000000000000000000000000000000000000000000000000000
00000000000000000000000000000000000000000000000000000000000000000000000000000000
00000000000000000000000000000000000000000000000000000000000000000000000000000000
00000000000000000000000000000000000000000000000000000000000000000000000000000000
00000000000000000000000000000000000000000000000000000000000000000000000000000000
00000000000000000000000000000000000000000000000000000000000000000000000000000000
00000000000000000000000000000000000000000000000000000000000000000000000000000000
00000000000000000000000000000000000000000000000000000000000000000000000000000000
00000000000000000000000000000000000000000000000000000000000000000000000000000000
00000000000000000000000000000000000000000000000000000000000000000000000000000000
00000000000000000000000000000000000000000000000000000000000000000000000000000000
00000000000000000000000000000000000000000000000000000000000000000000000000000000
