00000000000000000000000000000000000000000000000000000000000000000000000000000000
00000000000000000000000000000000000000000000000000000000000000000000000000000000
00000000000000000000000000000000000000000000000000000000000000000000000000000000
00000000000000000000000000000000000000000000000000000000000000000000000000000000
00000000000000000000000000000000000000000000000000000000000000000000000000000000
00000000000000000000000000000000000000000000000000000000000000000000000000000000
00000000000000000000000000000000000000000000000000000000000000000000000000000000
00000000000000000000000000000000000000000000000000000000000000000000000000000000
00000000000000000000000000000000000000000000000000000000000000000000000000000000
00000000000000000000000000000000000000000000000000000000000000000000000000000000
00000000000000000000000000000000000000000000000000000000000000000000000000000000
00000000000000000000000000000000000000000000000000000000000000000000000000000000
00000000000000000000000000000000000000000000000000000000000000000000000000000000
00000000000000000000000000000000000000000000000000000000000000000000000000000000
00000000000000000000000000000000000000000000000000000000000000000000000000000000
00000000000000000000000000000000000000000000000000000000000000000000000000000000
00000000000000000000000000000000000000000000000000000000000000000000000000000000
00000000000000000000000000000000000000000000000000000000000000000000000000000000
00000000000000000000000000000000100000000000000000000000000000000000000000000000
00000000000000000000000000000000100000000000000000000000000000000000000000000000
00000000000000000000000000000000100000000111110000000000000000000000000000000000
00000000000000000000000000000000100000111000010000000000000000000000000000000000
00000000000000000000000000000000100000000000010000000000000000000000000000000000
00000000000000000000000000000000100000000000110000000000000000000000000000000000
00000000000000000000000000000001100000000000100000000000000000000000000000000000
00000000000000000000000000000001000010000000100000000000000000000000000000000000
00000000000000000000000000000001000010000001100000000000000000000000000000000000
00000000000000000000000000000011001111110001000000000000000000000000000000000000
00000000000000000000000000011111110010000001000000000000000000000000000000000000
00000000000000000000000001110010000010000001000001111100000000000000000000000000
00000000000000000000000000000100000110000001111111000000000000000000000000000000
00000000000000000000000000000100000100111111100000000000000000000000000000000000
00000000000000000000000000000100000100000000010000000000000000000000000000000000
00000000000000000000000000000110000100000000011000000000000000000000000000000000
00000000000000000000000000000011001000000000001100000000000000000000000000000000
00000000000000000000000000000000101000000000000100000000000000000000000000000000
00000000000000000000000000000000011000000000000110000000000000000000000000000000
00000000000000000000000000000000011000000000000010000000000000000000000000000000
00000000000000000000000000100000110110000000000010000000000000000000000000000000
00000000000000000000000000110011100011100000100110000000000000000000000000000000
00000000000000000000000000011100000001100000010100000000000000000000000000000000
00000000000000000000000000000000000000000000001000000000000000000000000000000000
00000000000000000000000000000000000000000000000000000000000000000000000000000000
00000000000000000000000000000000000000000000000000000000000000000000000000000000
00000000000000000000000000000000000000000000000000000000000000000000000000000000
00000000000000000000000000000000000000000000000000000000000000000000000000000000
00000000000000000000000000000000000000000000000000000000000000000000000000000000
00000000000000000000000000000000000000000000000000000000000000000000000000000000
00000000000000000000000000000000000000000000000000000000000000000000000000000000
00000000000000000000000000000000000000000000000000000000000000000000000000000000
00000000000000000000000000000000000000000000000000000000000000000000000000000000
00000000000000000000000000000000000000000000000000000000000000000000000000000000
00000000000000000000000000000000000000000000000000000000000000000000000000000000
00000000000000000000000000000000000000000000000000000000000000000000000000000000
00000000000000000000000000000000000000000000000000000000000000000000000000000000
00000000000000000000000000000000000000000000000000000000000000000000000000000000
00000000000000000000000000000000000000000000000000000000000000000000000000000000
00000000000000000000000000000000000000000000000000000000000000000000000000000000
00000000000000000000000000000000000000000000000000000000000000000000000000000000
00000000000000000000000000000000000000000000000000000000000000000000000000000000
