00000000000000000000000000000000000000000000000000000000000000000000000000000000
00000000000000000000000000000000000000000000000000000000000000000000000000000000
00000000000000000000000000000000000000000000000000000000000000000000000000000000
00000000000000000000000000000000000000000000000000000000000000000000000000000000
00000000000000000000000000000000000000000000000000000000000000000000000000000000
00000000000000000000000000000000000000000000000000000000000000000000000000000000
00000000000000000000000000000000000000000000000000000000000000000000000000000000
00000000000000000000000000000000000000000000000000000000000000000000000000000000
00000000000000000000000010000000000000000000000000000000000000000000000000000000
00000000000000000000000010000000000000100000000000000000000000000000000000000000
00000000000000000000000010000000001111100000000000000000000000000000000000000000
00000000000000000000000010000000111000100000000000000000000000000000000000000000
00000000000000000000000010001111100000100000000000000000000000000000000000000000
00000000000000000000000010011000000000100000000000000000000000000000000000000000
00000000000000000000000100000000000000100000000000000000000000000000000000000000
00000000000000000000000100001000000001100000000000000000000000000000000000000000
00000000000000000000001011111000000001000000000000000000000000000000000000000000
00000000000000000000011110100000000010000000000000000000000000000000000000000000
00000000000000000111110000100000000010000000000000000000000000000000000000000000
00000000000000001100010000100000000010000000011000000000000000000000000000000000
00000000000000000000110000100000000011111111100000000000000000000000000000000000
00000000000000000000100001000000111111000000000000000000000000000000000000000000
00000000000000000000110001000011000001100000000000000000000000000000000000000000
00000000000000000000011011000000000000100000000000000000000000000000000000000000
00000000000000000000001110000000000000110000000000000000000000000000000000000000
00000000000000000000000111000000000000010000000000000000000000000000000000000000
00000000000000000000001101000000000000010000000000000000000000000000000000000000
00000000000000000010011000110000000000010000000000000000000000000000000000000000
00000000000000000011110000011000001111110000000000000000000000000000000000000000
00000000000000000000000000001111000000000000000000000000000000000000000000000000
00000000000000000000000000000011100000000000000000000000000000000000000000000000
00000000000000000000000000000000100000000000000000000000000000000000000000000000
00000000000000000000000000000000000000000000000000000000000000000000000000000000
00000000000000000000000000000000000000000000000000000000000000000000000000000000
00000000000000000000000000000000000000000000000000000000000000000000000000000000
00000000000000000000000000000000000000000000000000000000000000000000000000000000
00000000000000000000000000000000000000000000000000000000000000000000000000000000
00000000000000000000000000000000000000000000000000000000000000000000000000000000
00000000000000000000000000000000000000000000000000000000000000000000000000000000
00000000000000000000000000000000000000000000000000000000000000000000000000000000
00000000000000000000000000000000000000000000000000000000000000000000000000000000
00000000000000000000000000000000000000000000000000000000000000000000000000000000
00000000000000000000000000000000000000000000000000000000000000000000000000000000
00000000000000000000000000000000000000000000000000000000000000000000000000000000
00000000000000000000000000000000000000000000000000000000000000000000000000000000
00000000000000000000000000000000000000000000000000000000000000000000000000000000
00000000000000000000000000000000000000000000000000000000000000000000000000000000
00000000000000000000000000000000000000000000000000000000000000000000000000000000
00000000000000000000000000000000000000000000000000000000000000000000000000000000
00000000000000000000000000000000000000000000000000000000000000000000000000000000
00000000000000000000000000000000000000000000000000000000000000000000000000000000
00000000000000000000000000000000000000000000000000000000000000000000000000000000
00000000000000000000000000000000000000000000000000000000000000000000000000000000
00000000000000000000000000000000000000000000000000000000000000000000000000000000
00000000000000000000000000000000000000000000000000000000000000000000000000000000
00000000000000000000000000000000000000000000000000000000000000000000000000000000
00000000000000000000000000000000000000000000000000000000000000000000000000000000
00000000000000000000000000000000000000000000000000000000000000000000000000000000
00000000000000000000000000000000000000000000000000000000000000000000000000000000
00000000000000000000000000000000000000000000000000000000000000000000000000000000
