00000000000000000000000000000000000000000000000000000000000000000000000000000000
00000000000000000000000000000000000000000000000000000000000000000000000000000000
00000000000000000000000000000000000000000000000000000000000000000000000000000000
00000000000000000000000000000000000000000000000000000000000000000000000000000000
00000000000000000000000000000000000000000000000000000000000000000000000000000000
00000000000000000000000000000000000000000000000000000000000000000000000000000000
00000000000000000000000000000000000000000000000000000000000000000000000000000000
00000000000000000000000000000000000000000000000000000000000000000000000000000000
00000000000000000000000000000000000000000000000000000000000000000000000000000000
00000000000000000000000000000000000000000000000000000000000000000000000000000000
00000000000000000000000000000000000000000000000000000000000000000000000000000000
00000000000000000000000000000000000000000000000000000000000000000000000000000000
00000000000000000000000000000000000000000000000000000000000000000000000000000000
00000000000000000000000000000000000000000000000000000000000000000000000000000000
00000000000000000000000000000000000000000000000000000000000000000000000000000000
00000000000000000000000000000000000100000000000000000000000000000000000000000000
00000000000000000000000000000000000100000000000000000000000000000000000000000000
00000000000000000000000000000000000100000000000000000000000000000000000000000000
00000000000000000000000000000000000100000000000000011110000000000000000000000000
00000000000000000000000000000000000100000011111111100010000000000000000000000000
00000000000000000000000000000000000100000000000000000010000000000000000000000000
00000000000000000000000000000000001000000000000000000010000000000000000000000000
00000000000000000000000000000000001000000000000000000010000000000000000000000000
00000000000000000000000000000000001000000000000000000110000000000000000000000000
00000000000000000000000000000000010000100001000000000100000000000000000000000000
00000000000000000000000000000000010000111111000000000100000000000000000000000000
00000000000000000000000000000000111111100000000000000100000001000000000000000000
00000000000000000000000111111111100000100000000000000101111111000000000000000000
00000000000000000000000000000000100000100000000001111110000000000000000000000000
00000000000000000000000000000001100000100000111111000100000000000000000000000000
00000000000000000000000000000001000001000111100000000100000000000000000000000000
00000000000000000000000000000011000001000000000000000100000000000000000000000000
00000000000000000000000000000001100001000000000000000110000000000000000000000000
00000000000000000000000000000000110010000000000000000001000000000000000000000000
00000000000000000000000000000000001010000000000000000001100000000000000000000000
00000000000000000000000000000000000110000000000000000000110000000000000000000000
00000000000000000000000000000000000111000000000000000000011000000000000000000000
00000000000000000000000000000000001101100000000110000000001000000000000000000000
00000000000000000000000000000000001000010000000011111111111000000000000000000000
00000000000000000000000000000000010000001110000000000000000000000000000000000000
00000000000000000000000000011111110000000110000000000000000000000000000000000000
00000000000000000000000000000000000000000011000000000000000000000000000000000000
00000000000000000000000000000000000000000000000000000000000000000000000000000000
00000000000000000000000000000000000000000000000000000000000000000000000000000000
00000000000000000000000000000000000000000000000000000000000000000000000000000000
00000000000000000000000000000000000000000000000000000000000000000000000000000000
00000000000000000000000000000000000000000000000000000000000000000000000000000000
00000000000000000000000000000000000000000000000000000000000000000000000000000000
00000000000000000000000000000000000000000000000000000000000000000000000000000000
00000000000000000000000000000000000000000000000000000000000000000000000000000000
00000000000000000000000000000000000000000000000000000000000000000000000000000000
00000000000000000000000000000000000000000000000000000000000000000000000000000000
00000000000000000000000000000000000000000000000000000000000000000000000000000000
00000000000000000000000000000000000000000000000000000000000000000000000000000000
00000000000000000000000000000000000000000000000000000000000000000000000000000000
00000000000000000000000000000000000000000000000000000000000000000000000000000000
00000000000000000000000000000000000000000000000000000000000000000000000000000000
00000000000000000000000000000000000000000000000000000000000000000000000000000000
00000000000000000000000000000000000000000000000000000000000000000000000000000000
00000000000000000000000000000000000000000000000000000000000000000000000000000000
