00000000000000000000000000000000000000000000000000000000000000000000000000000000
00000000000000000000000000000000000000000000000000000000000000000000000000000000
00000000000000000000000000000000000000000000000000000000000000000000000000000000
00000000000000000000000000000000000000000000000000000000000000000000000000000000
00000000000000000000000000000000000000000000000000000000000000000000000000000000
00000000000000000000000000000000000000000000000000000000000000000000000000000000
00000000000000000000000000000000000000000000000000000000000000000000000000000000
00000000000000000000000000000000000000000000000000000000000000000000000000000000
00000000000000000000000000000000000000000000000000000000000000000000000000000000
00000000000000000000000000000000000000000000000000000000000000000000000000000000
00000000000000000000000000000000000000000000000000000000000000000000000000000000
00000000000000000000000000000000000000000000000000000000000000000000000000000000
00000000000000000000000000000000000000000000000000000000000000000000000000000000
00000000000000000000000000000000000000000000000000000000000000000000000000000000
00000000000000000000000000000000000000000000000000000000000000000000000000000000
00000000000000000000000000000000000000000000000000000000000000000000000000000000
00000000000000000000000001000000000000000000000000000000000000000000000000000000
00000000000000000000000001000000000000111110000000000000000000000000000000000000
00000000000000000000000001000001111111100010000000000000000000000000000000000000
00000000000000000000000001000000000000000010000000000000000000000000000000000000
00000000000000000000000011000000000000000010000000000000000000000000000000000000
00000000000000000000000010000000000000000010000000000000000000000000000000000000
00000000000000000000000010000000000000000110000000000000000000000000000000000000
00000000000000000000000110000000000000000100000000000000000000000000000000000000
00000000000000000000000100000000000000001100000000000000000000000000000000000000
00000000000000000011111111111111000000001000000000000000000000000000000000000000
00000000000000000000001000000100000000001000000000000000000000000000000000000000
00000000000000000000011000000100000000001100000000000000000000000000000000000000
00000000000000000000011000001100000000000100000000000000000000000000000000000000
00000000000000000000001100001000000000000111111111110000000000000000000000000000
00000000000000000000000100001000000000111111000000000000000000000000000000000000
00000000000000000000000010010000111111000010000000000000000000000000000000000000
00000000000000000000000011010001100000000001000000000000000000000000000000000000
00000000000000000000000001110000000000000001000000000000000000000000000000000000
00000000000000000000000000100000000000000001000000000000000000000000000000000000
00000000000000000000000001010000000000000011000000000000000000000000000000000000
00000000000000011000000011011000000000000110000000000000000000000000000000000000
00000000000000001100001110001100001100001100000000000000000000000000000000000000
00000000000000000111111000000110000110111000000000000000000000000000000000000000
00000000000000000000000000000011000011000000000000000000000000000000000000000000
00000000000000000000000000000000000000000000000000000000000000000000000000000000
00000000000000000000000000000000000000000000000000000000000000000000000000000000
00000000000000000000000000000000000000000000000000000000000000000000000000000000
00000000000000000000000000000000000000000000000000000000000000000000000000000000
00000000000000000000000000000000000000000000000000000000000000000000000000000000
00000000000000000000000000000000000000000000000000000000000000000000000000000000
00000000000000000000000000000000000000000000000000000000000000000000000000000000
00000000000000000000000000000000000000000000000000000000000000000000000000000000
00000000000000000000000000000000000000000000000000000000000000000000000000000000
00000000000000000000000000000000000000000000000000000000000000000000000000000000
00000000000000000000000000000000000000000000000000000000000000000000000000000000
00000000000000000000000000000000000000000000000000000000000000000000000000000000
00000000000000000000000000000000000000000000000000000000000000000000000000000000
00000000000000000000000000000000000000000000000000000000000000000000000000000000
00000000000000000000000000000000000000000000000000000000000000000000000000000000
00000000000000000000000000000000000000000000000000000000000000000000000000000000
00000000000000000000000000000000000000000000000000000000000000000000000000000000
00000000000000000000000000000000000000000000000000000000000000000000000000000000
00000000000000000000000000000000000000000000000000000000000000000000000000000000
00000000000000000000000000000000000000000000000000000000000000000000000000000000
