00000000000000000000000000000000000000000000000000000000000000000000000000000000
00000000000000000000000000000000000000000000000000000000000000000000000000000000
00000000000000000000000000000000000000000000000000000000000000000000000000000000
00000000000000000000000000000000000000000000000000000000000000000000000000000000
00000000000000000000000000000000000000000000000000000000000000000000000000000000
00000000000000000000000000000000000000000000000000000000000000000000000000000000
00000000000000000000000000000000000000000000000000000000000000000000000000000000
00000000000000000000000000000000000000000000000000000000000000000000000000000000
00000000000000000000000000000000000000000000000000000000000000000000000000000000
00000000000000000000000000000000000000000000000000000000000000000000000000000000
00000000000000000000000000000000000000000000000000000000000000000000000000000000
00000000000000000000000000000000000000000000000000000000000000000000000000000000
00000000000000000000000000000000000000000000000000000000000000000000000000000000
00000000000000000000000000000000000000000000000000000000000000000000000000000000
00000000000000000000000000000000010000000000000000000000000000000000000000000000
00000000000000000000000000000000010000000000000000000000000000000000000000000000
00000000000000000000000000000000010000000000000000011100000000000000000000000000
00000000000000000000000000000000010000000000000111110100000000000000000000000000
00000000000000000000000000000000010000011111111100000100000000000000000000000000
00000000000000000000000000000000010000000000000000000100000000000000000000000000
00000000000000000000000000000000010000000000000000001000000000000000000000000000
00000000000000000000000000000000100000000000000000001000000000000000000000000000
00000000000000000000000000000000100000000000000000011000000000000000000000000000
00000000000000000000000000000000100000000000000000010000000000000000000000000000
00000000000000000000000000000001100000000000000000010000000000000000000000000000
00000000000000000000000000000001000000000000000000010000000000000000000000000000
00000000000000000000000000000001000000110000000000010000000000000000000000000000
00000000000000000000000000000011111111100000000000010000001111000000000000000000
00000000000000000000111111111111000001000000000000010011110000000000000000000000
00000000000000000000000000000010000001000000000000011100000000000000000000000000
00000000000000000000000000000100000001000000000011101100000000000000000000000000
00000000000000000000000000001100000001000000011100000110000000000000000000000000
00000000000000000000000000001000000011000011110000000010000000000000000000000000
00000000000000000000000000001000000010000010000000000001000000000000000000000000
00000000000000000000000000011000000010000000000000000001100000000000000000000000
00000000000000000000000000011100000010000000000000000000100000000000000000000000
00000000000000000000000000000110000010000000000000000000110000000000000000000000
00000000000000000000000000000001100010000000000000000000010000000000000000000000
00000000000000000000000000000000011010000000000000000000010000000000000000000000
00000000000000000000000000000000001100000000011000000000100000000000000000000000
00000000000000000000000000000000000111000000001110000001100000000000000000000000
00000000000000000000000000000000000101100000000011101111000000000000000000000000
00000000000000000000000000000000001000110000000000111000000000000000000000000000
00000000000000000000000000000000001000001100000000000000000000000000000000000000
00000000000000000000000000001000011000000111000000000000000000000000000000000000
00000000000000000000000000001110110000000001000000000000000000000000000000000000
00000000000000000000000000000011100000000000000000000000000000000000000000000000
00000000000000000000000000000000000000000000000000000000000000000000000000000000
00000000000000000000000000000000000000000000000000000000000000000000000000000000
00000000000000000000000000000000000000000000000000000000000000000000000000000000
00000000000000000000000000000000000000000000000000000000000000000000000000000000
00000000000000000000000000000000000000000000000000000000000000000000000000000000
00000000000000000000000000000000000000000000000000000000000000000000000000000000
00000000000000000000000000000000000000000000000000000000000000000000000000000000
00000000000000000000000000000000000000000000000000000000000000000000000000000000
00000000000000000000000000000000000000000000000000000000000000000000000000000000
00000000000000000000000000000000000000000000000000000000000000000000000000000000
00000000000000000000000000000000000000000000000000000000000000000000000000000000
00000000000000000000000000000000000000000000000000000000000000000000000000000000
00000000000000000000000000000000000000000000000000000000000000000000000000000000
