00000000000000000000000000000000000000000000000000000000000000000000000000000000
00000000000000000000000000000000000000000000000000000000000000000000000000000000
00000000000000000000000000000000000000000000000000000000000000000000000000000000
00000000000000000000000000000000000000000000000000000000000000000000000000000000
00000000000000000000000000000000000000000000000000000000000000000000000000000000
00000000000000000000000000000000000000000000000000000000000000000000000000000000
00000000000000000000000000000000000000000000000000000000000000000000000000000000
00000000000000000000000000000000000000000000000000000000000000000000000000000000
00000000000000000000000000000000000000000000000000000000000000000000000000000000
00000000000000000000000000000000000000000000000000000000000000000000000000000000
00000000000000000000000000000000000000000000000000000000000000000000000000000000
00000000000000000000000000000000000000000000000000000000000000000000000000000000
00000000000000000000000000000000000000000000000000000000000000000000000000000000
00000000000000000000000000000001000000000000000000000000000000000000000000000000
00000000000000000000000000000001000000000000000000000000000000000000000000000000
00000000000000000000000000000001000000000000000000000000000000000000000000000000
00000000000000000000000000000001000000000000000000000000000000000000000000000000
00000000000000000000000000000001000000000000000110000000000000000000000000000000
00000000000000000000000000000001000000000000110010000000000000000000000000000000
00000000000000000000000000000001000000000011100010000000000000000000000000000000
00000000000000000000000000000001000000111100000010000000000000000000000000000000
00000000000000000000000000000001000000000000000010000000000000000000000000000000
00000000000000000000000000000001000000000000000010000000000000000000000000000000
00000000000000000000000000000001000000000000000010000000000000000000000000000000
00000000000000000000000000000001000000000000000010000000000000000000000000000000
00000000000000000000000000000001000001000000000010000000110000000000000000000000
00000000000000000000000000000001000011100000000010001111100000000000000000000000
00000000000000000000000000000001111111000000000111111000000000000000000000000000
00000000000000000000000000001111100001000001111001000000000000000000000000000000
00000000000000000000000011111010000001001110000000100000000000000000000000000000
00000000000000000000000100000010000001000000000000110000000000000000000000000000
00000000000000000000000000000110000001000000000000011000000000000000000000000000
00000000000000000000000000000100000011000000000000001100000000000000000000000000
00000000000000000000000000000110000010000000000000000100000000000000000000000000
00000000000000000000000000000011100010000000000000000010000000000000000000000000
00000000000000000000000000000000110100000000000000000010000000000000000000000000
00000000000000000000000000000000001100000000000000000010000000000000000000000000
00000000000000000000000000000000001010000000000000000010000000000000000000000000
00000000000000000000000000000000011001000000000000000010000000000000000000000000
00000000000000000000000001000000110000110001000000001100000000000000000000000000
00000000000000000000000001100011100000011001000011110000000000000000000000000000
00000000000000000000000000111110000000001100111100000000000000000000000000000000
00000000000000000000000000000000000000000111100000000000000000000000000000000000
00000000000000000000000000000000000000000001100000000000000000000000000000000000
00000000000000000000000000000000000000000000000000000000000000000000000000000000
00000000000000000000000000000000000000000000000000000000000000000000000000000000
00000000000000000000000000000000000000000000000000000000000000000000000000000000
00000000000000000000000000000000000000000000000000000000000000000000000000000000
00000000000000000000000000000000000000000000000000000000000000000000000000000000
00000000000000000000000000000000000000000000000000000000000000000000000000000000
00000000000000000000000000000000000000000000000000000000000000000000000000000000
00000000000000000000000000000000000000000000000000000000000000000000000000000000
00000000000000000000000000000000000000000000000000000000000000000000000000000000
00000000000000000000000000000000000000000000000000000000000000000000000000000000
00000000000000000000000000000000000000000000000000000000000000000000000000000000
00000000000000000000000000000000000000000000000000000000000000000000000000000000
00000000000000000000000000000000000000000000000000000000000000000000000000000000
00000000000000000000000000000000000000000000000000000000000000000000000000000000
00000000000000000000000000000000000000000000000000000000000000000000000000000000
00000000000000000000000000000000000000000000000000000000000000000000000000000000
