00000000000000000000000000000000000000000000000000000000000000000000000000000000
00000000000000000000000000000000000000000000000000000000000000000000000000000000
00000000000000000000000000000000000000000000000000000000000000000000000000000000
00000000000000000000000000000000000000000000000000000000000000000000000000000000
00000000000000000000000000000000000000000000000000000000000000000000000000000000
00000000000000000000000000000000000000000000000000000000000000000000000000000000
00000000000000000000000000000000000000000000000000000000000000000000000000000000
00000000000000000000000000000000000000000000000000000000000000000000000000000000
00000000000000000000000000000000000000000000000000000000000000000000000000000000
00000000000000000000000000000000000000000000000000000000000000000000000000000000
00000000000000000000000000000000000000000000000000000000000000000000000000000000
00000000000000000000000000000000000000000000000000000000000000000000000000000000
00000000000000000000000000000000000000000000000000000000000000000000000000000000
00000000000000000000000000000000000010000000000000000000000000000000000000000000
00000000000000000000000000000000000010000000000000000000000000000000000000000000
00000000000000000000000000000000000010000000000000000000000000000000000000000000
00000000000000000000000000000000000010000000000001100000000000000000000000000000
00000000000000000000000000000000000010000000011111110000000000000000000000000000
00000000000000000000000000000000000010000000110000010000000000000000000000000000
00000000000000000000000000000000000010000001100000010000000000000000000000000000
00000000000000000000000000000000000010000000000000010000000000000000000000000000
00000000000000000000000000000000000010000000000000100000000000000000000000000000
00000000000000000000000000000000000010000000000000100000000000000000000000000000
00000000000000000000000000000000000010000000000000100000000000000000000000000000
00000000000000000000000000000000000010001110000000100000000000000000000000000000
00000000000000000000000001111111111111111000100000100000000100000000000000000000
00000000000000000000000000000000000110000000100000110000111100000000000000000000
00000000000000000000000000000000000100000001100000011111100000000000000000000000
00000000000000000000000000000000001100000001000111101100000000000000000000000000
00000000000000000000000000000000001000000001111000000110000000000000000000000000
00000000000000000000000000000000001100000011000000000011000000000000000000000000
00000000000000000000000000000000000100000010000000000001100000000000000000000000
00000000000000000000000000000000000110000100000000000000110000000000000000000000
00000000000000000000000000000000000011000100000000000000010000000000000000000000
00000000000000000000000000000000000001101000000000000000010000000000000000000000
00000000000000000000000000000000000000111000000000000000010000000000000000000000
00000000000000000000000000000000000000011000000000000000010000000000000000000000
00000000000000000000000000000100000000110100000100000000010000000000000000000000
00000000000000000000000000000011000000100010000011000000100000000000000000000000
00000000000000000000000000000001111111000001000000111001100000000000000000000000
00000000000000000000000000000000000000000000100000001110000000000000000000000000
00000000000000000000000000000000000000000000011000000000000000000000000000000000
00000000000000000000000000000000000000000000001110000000000000000000000000000000
00000000000000000000000000000000000000000000000110000000000000000000000000000000
00000000000000000000000000000000000000000000000000000000000000000000000000000000
00000000000000000000000000000000000000000000000000000000000000000000000000000000
00000000000000000000000000000000000000000000000000000000000000000000000000000000
00000000000000000000000000000000000000000000000000000000000000000000000000000000
00000000000000000000000000000000000000000000000000000000000000000000000000000000
00000000000000000000000000000000000000000000000000000000000000000000000000000000
00000000000000000000000000000000000000000000000000000000000000000000000000000000
00000000000000000000000000000000000000000000000000000000000000000000000000000000
00000000000000000000000000000000000000000000000000000000000000000000000000000000
00000000000000000000000000000000000000000000000000000000000000000000000000000000
00000000000000000000000000000000000000000000000000000000000000000000000000000000
00000000000000000000000000000000000000000000000000000000000000000000000000000000
00000000000000000000000000000000000000000000000000000000000000000000000000000000
00000000000000000000000000000000000000000000000000000000000000000000000000000000
00000000000000000000000000000000000000000000000000000000000000000000000000000000
00000000000000000000000000000000000000000000000000000000000000000000000000000000
