00000000000000000000000000000000000000000000000000000000000000000000000000000000
00000000000000000000000000000000000000000000000000000000000000000000000000000000
00000000000000000000000000000000000000000000000000000000000000000000000000000000
00000000000000000000000000000000000000000000000000000000000000000000000000000000
00000000000000000000000000000000000000000000000000000000000000000000000000000000
00000000000000000000000000000000000000000000000000000000000000000000000000000000
00000000000000000000000000000000000000000000000000000000000000000000000000000000
00000000000000000000000000000000000000000000000000000000000000000000000000000000
00000000000000000000000000000000000000000000000000000000000000000000000000000000
00000000000000000000000000000000000000000000000000000000000000000000000000000000
00000000000000000000000000000000000000000000000000000000000000000000000000000000
00000000000000000000000000000000000000000000000000000000000000000000000000000000
00000000000000000000000000000000000000000000000000000000000000000000000000000000
00000000000000000000000000000000000000000000000000000000000000000000000000000000
00000000000000000000000000000000000000000000000010000000000000000000000000000000
00000000000000000000000000000000000000000000000010000000000000000000000000000000
00000000000000000000000000000000000000000000000010000000000000000000000000000000
00000000000000000000000000000000000000000000000010000000000000000000000000000000
00000000000000000000000000000000000000000000000010000000000000000000000000000000
00000000000000000000000000000000000000000000000010000000001111100000000000000000
00000000000000000000000000000000000000000000000010000011111000110000000000000000
00000000000000000000000000000000000000000000000010000000000000010000000000000000
00000000000000000000000000000000000000000000000010000000000000010000000000000000
00000000000000000000000000000000000000000000000100000000000000010000000000000000
00000000000000000000000000000000000000000000000100000000000000010000000000000000
00000000000000000000000000000000000000000000000100000000000000010000000000000000
00000000000000000000000000000000000000000000001000001001110000110000000000000000
00000000000000000000000000000000000000000000001011111111000000100000000000000000
00000000000000000000000000000000000000000111111110001000000000100011111110000000
00000000000000000000000000000000000000011100010000001001111111111110000000000000
00000000000000000000000000000000000000000000010000001000000000100000000000000000
00000000000000000000000000000000000000000000110000001000000000110000000000000000
00000000000000000000000000000000000000000000110000001000000000010000000000000000
00000000000000000000000000000000000000000000011000011000000000011000000000000000
00000000000000000000000000000000000000000000001100010000000000001000000000000000
00000000000000000000000000000000000000000000000110110000000000000100000000000000
00000000000000000000000000000000000000000000000001100000000000000110000000000000
00000000000000000000000000000000000000001000000001110000100000000011000000000000
00000000000000000000000000000000000000001100000011011010110000000001100000000000
00000000000000000000000000000000000000000100001100000111010000000011100000000000
00000000000000000000000000000000000000000111111000000011010000011110000000000000
00000000000000000000000000000000000000000000000000000001101111100000000000000000
00000000000000000000000000000000000000000000000000000000000000000000000000000000
00000000000000000000000000000000000000000000000000000000000000000000000000000000
00000000000000000000000000000000000000000000000000000000000000000000000000000000
00000000000000000000000000000000000000000000000000000000000000000000000000000000
00000000000000000000000000000000000000000000000000000000000000000000000000000000
00000000000000000000000000000000000000000000000000000000000000000000000000000000
00000000000000000000000000000000000000000000000000000000000000000000000000000000
00000000000000000000000000000000000000000000000000000000000000000000000000000000
00000000000000000000000000000000000000000000000000000000000000000000000000000000
00000000000000000000000000000000000000000000000000000000000000000000000000000000
00000000000000000000000000000000000000000000000000000000000000000000000000000000
00000000000000000000000000000000000000000000000000000000000000000000000000000000
00000000000000000000000000000000000000000000000000000000000000000000000000000000
00000000000000000000000000000000000000000000000000000000000000000000000000000000
00000000000000000000000000000000000000000000000000000000000000000000000000000000
00000000000000000000000000000000000000000000000000000000000000000000000000000000
00000000000000000000000000000000000000000000000000000000000000000000000000000000
00000000000000000000000000000000000000000000000000000000000000000000000000000000
