00000000000000000000000000000000000000000000000000000000000000000000000000000000
00000000000000000000000000000000000000000000000000000000000000000000000000000000
00000000000000000000000000000000000000000000000000000000000000000000000000000000
00000000000000000000000000000000000000000000000000000000000000000000000000000000
00000000000000000000000000000000000000000000000000000000000000000000000000000000
00000000000000000000000000000000000000000000000000000000000000000000000000000000
00000000000000000000000000000000000000000000000000000000000000000000000000000000
00000000000000000000000000000000000000000000000000000000000000000000000000000000
00000000000000000000000000000000000000000000000000000000000000000000000000000000
00000000000000000000000000000000000000000000000000000000000000000000000000000000
00000000000000000000000000000000000000000000000000000000000000000000000000000000
00000000000000000000000000000000000000000000000000000000000000000000000000000000
00000000000000000000000000000000000000000000000000000000000000000000000000000000
00000000000000000000000000000000000000000000000000000000000000000000000000000000
00000000000000000000000000000000000000000000000000000000000000000000000000000000
00000000000000000000000000000000000000000000000000000000000000000000000000000000
00000000000000000000000000000000000000000000000000000000000000000000000000000000
00000000000000000000000000000100000000000000000000000000000000000000000000000000
00000000000000000000000000000100000000000000000000000000000000000000000000000000
00000000000000000000000000000100000000000000000000000000000000000000000000000000
00000000000000000000000000001100000000000000001110000000000000000000000000000000
00000000000000000000000000001000001100000001111010000000000000000000000000000000
00000000000000000000000000001000000111111110000010000000000000000000000000000000
00000000000000000000000000001000000000000000000010000000000000000000000000000000
00000000000000000000000000001000000000000000000010000000000000000000000000000000
00000000000000000000000000010000000000000000000010000000000000000000000000000000
00000000000000000000000000010000000000000000000100000000000000000000000000000000
00000000000000000000000000010000000000000000000100000000000000000000000000000000
00000000000000000000000000100000000000000000000100000000000000000000000000000000
00000000000000000000000000100001111100000000000100000000000000000000000000000000
00000000000000000001111111111110000000000000000100000000000000000000000000000000
00000000000000000000000001000000000000000000000100000000011100000000000000000000
00000000000000000000000011000000000000000000000011111111100000000000000000000000
00000000000000000000000011000000001000000001111111000000000000000000000000000000
00000000000000000000000001100000011000111110000001000000000000000000000000000000
00000000000000000000000000110000010000100000000000100000000000000000000000000000
00000000000000000000000000011000010000000000000000110000000000000000000000000000
00000000000000000000000000001000110000000000000000011000000000000000000000000000
00000000000000000000000000000110100000000000000000001000000000000000000000000000
00000000000000000000000000000011100000000000000000001100000000000000000000000000
00000000000000000000000000000001100000000000000000000100000000000000000000000000
00000000000000000000000000000001110000000000000000000100000000000000000000000000
00000000000000000000000000000001001000000110000000111100000000000000000000000000
00000000000000000000000000000010000000100011111111000000000000000000000000000000
00000000000000000000000000000110000010110000000000000000000000000000000000000000
00000000000000000000000000000100000001010000000000000000000000000000000000000000
00000000000000000000000000001100000000110000000000000000000000000000000000000000
00000000000000000000000100001000000000010000000000000000000000000000000000000000
00000000000000000000000110011000000000000000000000000000000000000000000000000000
00000000000000000000000011110000000000000000000000000000000000000000000000000000
00000000000000000000000000000000000000000000000000000000000000000000000000000000
00000000000000000000000000000000000000000000000000000000000000000000000000000000
00000000000000000000000000000000000000000000000000000000000000000000000000000000
00000000000000000000000000000000000000000000000000000000000000000000000000000000
00000000000000000000000000000000000000000000000000000000000000000000000000000000
00000000000000000000000000000000000000000000000000000000000000000000000000000000
00000000000000000000000000000000000000000000000000000000000000000000000000000000
00000000000000000000000000000000000000000000000000000000000000000000000000000000
00000000000000000000000000000000000000000000000000000000000000000000000000000000
00000000000000000000000000000000000000000000000000000000000000000000000000000000
