00000000000000000000000000000000000000000000000000000000000000000000000000000000
00000000000000000000000000000000000000000000000000000000000000000000000000000000
00000000000000000000000000000000000000000000000000000000000000000000000000000000
00000000000000000000000000000000000000000000000000000000000000000000000000000000
00000000000000000000000000000000000000000000000000000000000000000000000000000000
00000000000000000000000000000000000000000000000000000000000000000000000000000000
00000000000000000000000000000000000000000000000000000000000000000000000000000000
00000000000000000000000000000000000000000000000000000000000000000000000000000000
00000000000000000000000000000000000000000000000000000000000000000000000000000000
00000000000000000000000000000000000000000000000000000000000000000000000000000000
00000000000000000000000000000000000000000000000000000000000000000000000000000000
00000000000000000000000000000000000000000000000000000000000000000000000000000000
00000000000000000000000000000000000000000000000000000000000000000000000000000000
00000000000000000000000000000001000000000000000000000000000000000000000000000000
00000000000000000000000000000001000000000000000000000000000000000000000000000000
00000000000000000000000000000001000000000000000000000000000000000000000000000000
00000000000000000000000000000001000000000000000000000000000000000000000000000000
00000000000000000000000000000001000000000000011111000000000000000000000000000000
00000000000000000000000000000001000000011111100001000000000000000000000000000000
00000000000000000000000000000001000000000000000001000000000000000000000000000000
00000000000000000000000000000001000000000000000001000000000000000000000000000000
00000000000000000000000000000001000000000000000001000000000000000000000000000000
00000000000000000000000000000001000000000000000001000000000000000000000000000000
00000000000000000000000000000001000000000000000010000000000000000000000000000000
00000000000000000000000000000001000000001100000010000000000000000000000000000000
00000000000000000000000000000010001111111000000010000000000000000000000000000000
00000000000000000000000111111111110000100000000010000000001110000000000000000000
00000000000000000000000000000100000000100000000010001111111000000000000000000000
00000000000000000000000000000100000000100000000111110000000000000000000000000000
00000000000000000000000000000100000001000001111110000000000000000000000000000000
00000000000000000000000000000110000001001110000011000000000000000000000000000000
00000000000000000000000000000000000001000000000001000000000000000000000000000000
00000000000000000000000000000001000010000000000000100000000000000000000000000000
00000000000000000000000000000000100010000000000000100000000000000000000000000000
00000000000000000000000000000000110110000000000000010000000000000000000000000000
00000000000000000000000000000000011100000000000000011000000000000000000000000000
00000000000000000000000000000000001100000000000000001000000000000000000000000000
00000000000000000000000000000000001110000000000000001000000000000000000000000000
00000000000000000000000000001000011011000011000001111000000000000000000000000000
00000000000000000000000000001101110001100001111111000000000000000000000000000000
00000000000000000000000000000111000000110000000000000000000000000000000000000000
00000000000000000000000000000000000000010000000000000000000000000000000000000000
00000000000000000000000000000000000000001000000000000000000000000000000000000000
00000000000000000000000000000000000000001100000000000000000000000000000000000000
00000000000000000000000000000000000000000110000000000000000000000000000000000000
00000000000000000000000000000000000000000010000000000000000000000000000000000000
00000000000000000000000000000000000000000000000000000000000000000000000000000000
00000000000000000000000000000000000000000000000000000000000000000000000000000000
00000000000000000000000000000000000000000000000000000000000000000000000000000000
00000000000000000000000000000000000000000000000000000000000000000000000000000000
00000000000000000000000000000000000000000000000000000000000000000000000000000000
00000000000000000000000000000000000000000000000000000000000000000000000000000000
00000000000000000000000000000000000000000000000000000000000000000000000000000000
00000000000000000000000000000000000000000000000000000000000000000000000000000000
00000000000000000000000000000000000000000000000000000000000000000000000000000000
00000000000000000000000000000000000000000000000000000000000000000000000000000000
00000000000000000000000000000000000000000000000000000000000000000000000000000000
00000000000000000000000000000000000000000000000000000000000000000000000000000000
00000000000000000000000000000000000000000000000000000000000000000000000000000000
00000000000000000000000000000000000000000000000000000000000000000000000000000000
