00000000000000000000000000000000000000000000000000000000000000000000000000000000
00000000000000000000000000000000000000000000000000000000000000000000000000000000
00000000000000000000000000000000000000000000000000000000000000000000000000000000
00000000000000000000000000000000000000000000000000000000000000000000000000000000
00000000000000000000000000000000000000000000000000000000000000000000000000000000
00000000000000000000000000000000000000000000000000000000000000000000000000000000
00000000000000000000000000000000000000000000000000000000000000000000000000000000
00000000000000000000000000000000000000000000000000000000000000000000000000000000
00000000000000000000000000000000000000000000000000000000000000000000000000000000
00000000000000000000000000000000000000000000000000000000000000000000000000000000
00000000000000000000000000000000000000000000000000000000000000000000000000000000
00000000000000000000000000000000000000000000000000000000000000000000000000000000
00000000000000000000000000000000000100000000000000000000000000000000000000000000
00000000000000000000000000000000000100000000000000000000000000000000000000000000
00000000000000000000000000000000000100000000000000000000000000000000000000000000
00000000000000000000000000000000000100000000000000000000000000000000000000000000
00000000000000000000000000000000000100000000000000000000000000000000000000000000
00000000000000000000000000000000000100000000000000000000000000000000000000000000
00000000000000000000000000000000000100000000000000000000000000000000000000000000
00000000000000000000000000000000000100000000000001111000000000000000000000000000
00000000000000000000000000000000001000000000000111001100000000000000000000000000
00000000000000000000000000000000001000000011111100000100000000000000000000000000
00000000000000000000000000000000001000000000000000000100000000000000000000000000
00000000000000000000000000000000001000000000000000000100000000000000000000000000
00000000000000000000000000000000010000000000000000000100000000000000000000000000
00000000000000000000000000000000010000000000000000000100000000000000000000000000
00000000000000000000000000000000010000000000000000000100000000000000000000000000
00000000000000000000000000000000100000000011000000000100000000000000000000000000
00000000000000000000000000000000111111111100000000000100000000000000000000000000
00000000000000000000001111111111100000000000000000000100000000000000000000000000
00000000000000000000000000000001000000001000000000000100000000000000000000000000
00000000000000000000000000000011000000011000000000000100000000100000000000000000
00000000000000000000000000000010000000010000000000000100000011100000000000000000
00000000000000000000000000000110000000010000000000000111111110000000000000000000
00000000000000000000000000000100000000010000000011111110000000000000000000000000
00000000000000000000000000000110000000100001111110000010000000000000000000000000
00000000000000000000000000000011000000100000000000000001000000000000000000000000
00000000000000000000000000000000110001000000000000000001100000000000000000000000
00000000000000000000000000000000011001000000000000000000110000000000000000000000
00000000000000000000000000000000000110000000000000000000010000000000000000000000
00000000000000000000000000000000000011000000000000000000010000000000000000000000
00000000000000000000000000000000000110110000000000000000010000000000000000000000
00000000000000000000000000000000000100011000000000000000010000000000000000000000
00000000000000000000000000000000000100000101100000000000010000000000000000000000
00000000000000000000000010000000001000000011110000000001110000000000000000000000
00000000000000000000000010000000011000000000111111111111000000000000000000000000
00000000000000000000000001000000110000000000001100000000000000000000000000000000
00000000000000000000000000100001100000000000000100000000000000000000000000000000
00000000000000000000000000110011000000000000000000000000000000000000000000000000
00000000000000000000000000011110000000000000000000000000000000000000000000000000
00000000000000000000000000000000000000000000000000000000000000000000000000000000
00000000000000000000000000000000000000000000000000000000000000000000000000000000
00000000000000000000000000000000000000000000000000000000000000000000000000000000
00000000000000000000000000000000000000000000000000000000000000000000000000000000
00000000000000000000000000000000000000000000000000000000000000000000000000000000
00000000000000000000000000000000000000000000000000000000000000000000000000000000
00000000000000000000000000000000000000000000000000000000000000000000000000000000
00000000000000000000000000000000000000000000000000000000000000000000000000000000
00000000000000000000000000000000000000000000000000000000000000000000000000000000
00000000000000000000000000000000000000000000000000000000000000000000000000000000
