00000000000000000000000000000000000000000000000000000000000000000000000000000000
00000000000000000000000000000000000000000000000000000000000000000000000000000000
00000000000000000000000000000000000000000000000000000000000000000000000000000000
00000000000000000000000000000000000000000000000000000000000000000000000000000000
00000000000000000000000000000000000000000000000000000000000000000000000000000000
00000000000000000000000000000000000000000000000000000000000000000000000000000000
00000000000000000000000000000000000000000000000000000000000000000000000000000000
00000000000000000000000000000000000000000000000000000000000000000000000000000000
00000000000000000000000000000000000000000000000000000000000000000000000000000000
00000000000000000000000000000000000000000000000000000000000000000000000000000000
00000000000000000000000000000000000000000000000000000000000000000000000000000000
00000000000000000000000000000000000000000000000000000000000000000000000000000000
00000000000000000000000000000000000000000000000000000000000000000000000000000000
00000000000000000000000000000000000000000000000000000000000000000000000000000000
00000000000000000000000000000000000000000000000000000000000000000000000000000000
00000000000000000000000000000000010000000000000000000000000000000000000000000000
00000000000000000000000000000000010000000000000000000000000000000000000000000000
00000000000000000000000000000000010000000000000000000000000000000000000000000000
00000000000000000000000000000000010000000000000000000000000000000000000000000000
00000000000000000000000000000000010000000001111000000000000000000000000000000000
00000000000000000000000000000000110000001111001000000000000000000000000000000000
00000000000000000000000000000000100000000000001000000000000000000000000000000000
00000000000000000000000000000000100000000000001000000000000000000000000000000000
00000000000000000000000000000000100000000000001000000000000000000000000000000000
00000000000000000000000000000000100000000000001000000000000000000000000000000000
00000000000000000000000000000001100000000000001000000000000000000000000000000000
00000000000000000000000000000001000000100000001000000000000000000000000000000000
00000000000000000000000000000001000000100000001001111000000000000000000000000000
00000000000000000000000000000001000111100000001110000000000000000000000000000000
00000000000000000000000000000111111000100000111000000000000000000000000000000000
00000000000000000000000000111101000000100011101100000000000000000000000000000000
00000000000000000000000011100001000001100110000110000000000000000000000000000000
00000000000000000000000100000001100001000000000011000000000000000000000000000000
00000000000000000000000000000000011001000000000001100000000000000000000000000000
00000000000000000000000000000000001110000000000000110000000000000000000000000000
00000000000000000000000000000000000110000000000000011000000000000000000000000000
00000000000000000000000000000000000101100000000000001000000000000000000000000000
00000000000000000000000000000000001000111000000000011000000000000000000000000000
00000000000000000000000000000100110000001110111111100000000000000000000000000000
00000000000000000000000000000011100000000000000000000000000000000000000000000000
00000000000000000000000000000000000000000000000000000000000000000000000000000000
00000000000000000000000000000000000000000000000000000000000000000000000000000000
00000000000000000000000000000000000000000000000000000000000000000000000000000000
00000000000000000000000000000000000000000000000000000000000000000000000000000000
00000000000000000000000000000000000000000000000000000000000000000000000000000000
00000000000000000000000000000000000000000000000000000000000000000000000000000000
00000000000000000000000000000000000000000000000000000000000000000000000000000000
00000000000000000000000000000000000000000000000000000000000000000000000000000000
00000000000000000000000000000000000000000000000000000000000000000000000000000000
00000000000000000000000000000000000000000000000000000000000000000000000000000000
00000000000000000000000000000000000000000000000000000000000000000000000000000000
00000000000000000000000000000000000000000000000000000000000000000000000000000000
00000000000000000000000000000000000000000000000000000000000000000000000000000000
00000000000000000000000000000000000000000000000000000000000000000000000000000000
00000000000000000000000000000000000000000000000000000000000000000000000000000000
00000000000000000000000000000000000000000000000000000000000000000000000000000000
00000000000000000000000000000000000000000000000000000000000000000000000000000000
00000000000000000000000000000000000000000000000000000000000000000000000000000000
00000000000000000000000000000000000000000000000000000000000000000000000000000000
00000000000000000000000000000000000000000000000000000000000000000000000000000000
