00000000000000000000000000000000000000000000000000000000000000000000000000000000
00000000000000000000000000000000000000000000000000000000000000000000000000000000
00000000000000000000000000000000000000000000000000000000000000000000000000000000
00000000000000000000000000000000000000000000000000000000000000000000000000000000
00000000000000000000000000000000000000000000000000000000000000000000000000000000
00000000000000000000000000000000000000000000000000000000000000000000000000000000
00000000000000000000000000000000000000000000000000000000000000000000000000000000
00000000000000000000000000000000000000000000000000000000000000000000000000000000
00000000000000000000000000000000000000000000000000000000000000000000000000000000
00000000000000000000000000000000000000000000000000000000000000000000000000000000
00000000000000000000000000000000000000000000000000000000000000000000000000000000
00000000000000000000000000000000000000000000000000000000000000000000000000000000
00000000000000000000000000000000000000000000000000000000000000000000000000000000
00000000000000000000000000000000000000000000000000000000000000000000000000000000
00000000000000000000000000000000000100000000000000000000000000000000000000000000
00000000000000000000000000000000000100000000000000000000000000000000000000000000
00000000000000000000000000000000000100000000000000000000000000000000000000000000
00000000000000000000000000000000000100000000000001100000000000000000000000000000
00000000000000000000000000000000000100000000001110100000000000000000000000000000
00000000000000000000000000000000001000000000111000100000000000000000000000000000
00000000000000000000000000000000001000000001100000010000000000000000000000000000
00000000000000000000000000000000001000000000000000010000000000000000000000000000
00000000000000000000000000000000011000000000000000010000000000000000000000000000
00000000000000000000000000000000010000000000000000010000000001110000000000000000
00000000000000000000000000000000010000000000000000010000000111000000000000000000
00000000000000000000000000000000100000000000000000010000111000000000000000000000
00000000000000000000000000000000100000100000010000010011100000000000000000000000
00000000000000000000000000000001100000100111110000011100000000000000000000000000
00000000000000000000000000000001011111111000000001110000000000000000000000000000
00000000000000000000000001111111100000100000001110001000000000000000000000000000
00000000000000000000000110000011000000100000110000000100000000000000000000000000
00000000000000000000000000000011000000100000000000000110000000000000000000000000
00000000000000000000000000000001100001100000000000000011000000000000000000000000
00000000000000000000000000000000010001000000000000000001100000000000000000000000
00000000000000000000000000000000001101000000000000000000110000000000000000000000
00000000000000000000000000000000000110000000000000000000010000000000000000000000
00000000000000000000000000000000000011100000000000000000001000000000000000000000
00000000000000000000000000000000000100110000000000000000001100000000000000000000
00000000000000000000000000000000001000001100000000000000000100000000000000000000
00000000000000000000000000000000111000000111010110000000011100000000000000000000
00000000000000000000000000001111100000000001111001111111110000000000000000000000
00000000000000000000000000000000000000000000011000000000000000000000000000000000
00000000000000000000000000000000000000000000000000000000000000000000000000000000
00000000000000000000000000000000000000000000000000000000000000000000000000000000
00000000000000000000000000000000000000000000000000000000000000000000000000000000
00000000000000000000000000000000000000000000000000000000000000000000000000000000
00000000000000000000000000000000000000000000000000000000000000000000000000000000
00000000000000000000000000000000000000000000000000000000000000000000000000000000
00000000000000000000000000000000000000000000000000000000000000000000000000000000
00000000000000000000000000000000000000000000000000000000000000000000000000000000
00000000000000000000000000000000000000000000000000000000000000000000000000000000
00000000000000000000000000000000000000000000000000000000000000000000000000000000
00000000000000000000000000000000000000000000000000000000000000000000000000000000
00000000000000000000000000000000000000000000000000000000000000000000000000000000
00000000000000000000000000000000000000000000000000000000000000000000000000000000
00000000000000000000000000000000000000000000000000000000000000000000000000000000
00000000000000000000000000000000000000000000000000000000000000000000000000000000
00000000000000000000000000000000000000000000000000000000000000000000000000000000
00000000000000000000000000000000000000000000000000000000000000000000000000000000
00000000000000000000000000000000000000000000000000000000000000000000000000000000
