00000000000000000000000000000000000000000000000000000000000000000000000000000000
00000000000000000000000000000000000000000000000000000000000000000000000000000000
00000000000000000000000000000000000000000000000000000000000000000000000000000000
00000000000000000000000000000000000000000000000000000000000000000000000000000000
00000000000000000000000000000000000000000000000000000000000000000000000000000000
00000000000000000000000000000000000000000000000000000000000000000000000000000000
00000000000000000000000000000000000000000000000000000000000000000000000000000000
00000000000000000000000000000000000000000000000000000000000000000000000000000000
00000000000000000000000000000000000000000000000000000000000000000000000000000000
00000000000000000000000000000000000000000000000000000000000000000000000000000000
00000000000000000000000000000000000000000000000000000000000000000000000000000000
00000000000000000000000000000000000000000000000000000000000000000000000000000000
00000000000000000000000000000000000000000000000000000000000000000000000000000000
00000000000000000000000000000000000000000000000000000000000000000000000000000000
00000000000000000000000000000000000000000000000000000000000000000000000000000000
00000000000000000000000000000000001000000000000000000000000000000000000000000000
00000000000000000000000000000000001000000000000000000000000000000000000000000000
00000000000000000000000000000000001000000000000000000000000000000000000000000000
00000000000000000000000000000000001000000000000000000000000000000000000000000000
00000000000000000000000000000000001000000000000001111000000000000000000000000000
00000000000000000000000000000000001000000011111111001000000000000000000000000000
00000000000000000000000000000000001000000000000000001000000000000000000000000000
00000000000000000000000000000000001000000000000000001000000000000000000000000000
00000000000000000000000000000000001000000000000000001000000000000000000000000000
00000000000000000000000000000000001000000000000000001000000000000000000000000000
00000000000000000000000000000000001000000000000000001000000000000000000000000000
00000000000000000000000000000000011000000011000000001000000000000000000000000000
00000000000000000000000000000000010000111110000000001000000000000000000000000000
00000000000000000000000000000000011111100100000000001000000001100000000000000000
00000000000000000000000000000001110000000100000000001000001111000000000000000000
00000000000000000000000001111110100000000100000000001101110000000000000000000000
00000000000000000000000000000001100000000100000000011110000000000000000000000000
00000000000000000000000000000001000000000100000011110110000000000000000000000000
00000000000000000000000000000011000000001100011100000011000000000000000000000000
00000000000000000000000000000001100000001001110000000001100000000000000000000000
00000000000000000000000000000000011000001000000000000000110000000000000000000000
00000000000000000000000000000000000100001000000000000000011000000000000000000000
00000000000000000000000000000000000011001000000000000000001100000000000000000000
00000000000000000000000000000000000001111000000000000000000100000000000000000000
00000000000000000000000000000000000000011000000000000000000110000000000000000000
00000000000000000000000000000000000000011110011000000000000110000000000000000000
00000000000000000000000000000000000000010011000111111111111000000000000000000000
00000000000000000000000000000000000000110000110000000000000000000000000000000000
00000000000000000000000000000000000000100000011000000000000000000000000000000000
00000000000000000000000000000001000001100000000100000000000000000000000000000000
00000000000000000000000000000001111111000000000000000000000000000000000000000000
00000000000000000000000000000000000000000000000000000000000000000000000000000000
00000000000000000000000000000000000000000000000000000000000000000000000000000000
00000000000000000000000000000000000000000000000000000000000000000000000000000000
00000000000000000000000000000000000000000000000000000000000000000000000000000000
00000000000000000000000000000000000000000000000000000000000000000000000000000000
00000000000000000000000000000000000000000000000000000000000000000000000000000000
00000000000000000000000000000000000000000000000000000000000000000000000000000000
00000000000000000000000000000000000000000000000000000000000000000000000000000000
00000000000000000000000000000000000000000000000000000000000000000000000000000000
00000000000000000000000000000000000000000000000000000000000000000000000000000000
00000000000000000000000000000000000000000000000000000000000000000000000000000000
00000000000000000000000000000000000000000000000000000000000000000000000000000000
00000000000000000000000000000000000000000000000000000000000000000000000000000000
00000000000000000000000000000000000000000000000000000000000000000000000000000000
