00000000000000000000000000000000000000000000000000000000000000000000000000000000
00000000000000000000000000000000000000000000000000000000000000000000000000000000
00000000000000000000000000000000000000000000000000000000000000000000000000000000
00000000000000000000000000000000000000000000000000000000000000000000000000000000
00000000000000000000000000000000000000000000000000000000000000000000000000000000
00000000000000000000000000000000000000000000000000000000000000000000000000000000
00000000000000000000000000000000000000000000000000000000000000000000000000000000
00000000000000000000000000000000000000000000000000000000000000000000000000000000
00000000000000000000000000000000000000000000000000000000000000000000000000000000
00000000000000000000000000000000000000000000000000000000000000000000000000000000
00000000000000000000000000000000000000000000000000000000000000000000000000000000
00000000000000000000000000000000000000000000000000000000000000000000000000000000
00000000000000000000000000000000000000000000000000000000000000000000000000000000
00000000000000000000000000000000000000000000000000000000000000000000000000000000
00000000000000000000000000000000000000000000000000000000000000000000000000000000
00000000000000000000000000000000000000000000000000000000000000000000000000000000
00000000000000000000000000000000000000000000100000000000000000000000000000000000
00000000000000000000000000000000000000000000100000000000000000000000000000000000
00000000000000000000000000000000000000000000100000000000000000000000000000000000
00000000000000000000000000000000000000000000100000000000000000000000000000000000
00000000000000000000000000000000000000000000100000000000000111000000000000000000
00000000000000000000000000000000000000000000100001111111111001000000000000000000
00000000000000000000000000000000000000000000100000000000000001000000000000000000
00000000000000000000000000000000000000000001000000000000000011000000000000000000
00000000000000000000000000000000000000000001000000000000000010000000000000000000
00000000000000000000000000000000000000000011000000000000000110000000000000000000
00000000000000000000000000000000000000000010000000000000000100000000000000000000
00000000000000000000000000000000000000000100000001100000001000000000000000000000
00000000000000000000000000000000000000111111111111000000011000000000000000000000
00000000000000000000000000000000001111101000000010000000010000000000000000000000
00000000000000000000000000000000000000001000000010000000010000000000000000000000
00000000000000000000000000000000000000001000000010000000010011111000000000000000
00000000000000000000000000000000000000001000000110000001111110000000000000000000
00000000000000000000000000000000000000000100000100001111001000000000000000000000
00000000000000000000000000000000000000000110000100011000000100000000000000000000
00000000000000000000000000000000000000000010001000000000000110000000000000000000
00000000000000000000000000000000000000000001011000000000000010000000000000000000
00000000000000000000000000000000000000000001110000000000000011000000000000000000
00000000000000000000000000000000000000000000100000000000000001000000000000000000
00000000000000000000000000000000000000000001110000000000000001000000000000000000
00000000000000000000000000000000000000000001001000001100000001000000000000000000
00000000000000000000000000000000000000000010000100000111111110000000000000000000
00000000000000000000000000000000000010001100000110000000000000000000000000000000
00000000000000000000000000000000000001111000000011100000000000000000000000000000
00000000000000000000000000000000000000000000000001100000000000000000000000000000
00000000000000000000000000000000000000000000000000100000000000000000000000000000
00000000000000000000000000000000000000000000000000000000000000000000000000000000
00000000000000000000000000000000000000000000000000000000000000000000000000000000
00000000000000000000000000000000000000000000000000000000000000000000000000000000
00000000000000000000000000000000000000000000000000000000000000000000000000000000
00000000000000000000000000000000000000000000000000000000000000000000000000000000
00000000000000000000000000000000000000000000000000000000000000000000000000000000
00000000000000000000000000000000000000000000000000000000000000000000000000000000
00000000000000000000000000000000000000000000000000000000000000000000000000000000
00000000000000000000000000000000000000000000000000000000000000000000000000000000
00000000000000000000000000000000000000000000000000000000000000000000000000000000
00000000000000000000000000000000000000000000000000000000000000000000000000000000
00000000000000000000000000000000000000000000000000000000000000000000000000000000
00000000000000000000000000000000000000000000000000000000000000000000000000000000
00000000000000000000000000000000000000000000000000000000000000000000000000000000
