00000000000000000000000000000000000000000000000000000000000000000000000000000000
00000000000000000000000000000000000000000000000000000000000000000000000000000000
00000000000000000000000000000000000000000000000000000000000000000000000000000000
00000000000000000000000000000000000000000000000000000000000000000000000000000000
00000000000000000000000000000000000000000000000000000000000000000000000000000000
00000000000000000000000000000000000000000000000000000000000000000000000000000000
00000000000000000000000000000000000000000000000000000000000000000000000000000000
00000000000000000000000000000000000000000000000000000000000000000000000000000000
00000000000000000000000000000000000000000000000000000000000000000000000000000000
00000000000000000000000000000000000000000000000000000000000000000000000000000000
00000000000000000000000000000000000000000000000000000000000000000000000000000000
00000000000000000000000000000000000000000000000000000000000000000000000000000000
00000000000000000000000000000000000000000000000000000000000000000000000000000000
00000000000000000000000100000000000000000000000000000000000000000000000000000000
00000000000000000000000100000000000000000000000000000000000000000000000000000000
00000000000000000000000100000000000000000000000000000000000000000000000000000000
00000000000000000000000100000000000000000000000000000000000000000000000000000000
00000000000000000000000100001111111110000000000000000000000000000000000000000000
00000000000000000000001000000000000010000000000000000000000000000000000000000000
00000000000000000000001000000000000010000000000000000000000000000000000000000000
00000000000000000000001000000100000010000000000000000000000000000000000000000000
00000000000000000000011111111000000110000000000000000000000000000000000000000000
00000000000111011111110000000000000100000000000000000000000000000000000000000000
00000000111100000000100000010000000100000000000000000000000000000000000000000000
00000000000000000001000000010000000100000000000000000000000000000000000000000000
00000000000000000011000000010000000100111111110000000000000000000000000000000000
00000000000000000011000000100111111111000000000000000000000000000000000000000000
00000000000000000001000000100000000110000000000000000000000000000000000000000000
00000000000000000001100001100000000011000000000000000000000000000000000000000000
00000000000000000000100001000000000001000000000000000000000000000000000000000000
00000000000000000000010011000000000000100000000000000000000000000000000000000000
00000000000000000000011010000000000000010000000000000000000000000000000000000000
00000000000000000000001100000000000000010000000000000000000000000000000000000000
00000000000000000000000100000000000000011000000000000000000000000000000000000000
00000000000000000000001010000000000000001000000000000000000000000000000000000000
00000000000000000000010001000000000000001000000000000000000000000000000000000000
00000000000001000000010000100001111111111000000000000000000000000000000000000000
00000000000001100000100000110000000000000000000000000000000000000000000000000000
00000000000000110001100000001000000000000000000000000000000000000000000000000000
00000000000000011110000000001110000000000000000000000000000000000000000000000000
00000000000000000000000000000110000000000000000000000000000000000000000000000000
00000000000000000000000000000000000000000000000000000000000000000000000000000000
00000000000000000000000000000000000000000000000000000000000000000000000000000000
00000000000000000000000000000000000000000000000000000000000000000000000000000000
00000000000000000000000000000000000000000000000000000000000000000000000000000000
00000000000000000000000000000000000000000000000000000000000000000000000000000000
00000000000000000000000000000000000000000000000000000000000000000000000000000000
00000000000000000000000000000000000000000000000000000000000000000000000000000000
00000000000000000000000000000000000000000000000000000000000000000000000000000000
00000000000000000000000000000000000000000000000000000000000000000000000000000000
00000000000000000000000000000000000000000000000000000000000000000000000000000000
00000000000000000000000000000000000000000000000000000000000000000000000000000000
00000000000000000000000000000000000000000000000000000000000000000000000000000000
00000000000000000000000000000000000000000000000000000000000000000000000000000000
00000000000000000000000000000000000000000000000000000000000000000000000000000000
00000000000000000000000000000000000000000000000000000000000000000000000000000000
00000000000000000000000000000000000000000000000000000000000000000000000000000000
00000000000000000000000000000000000000000000000000000000000000000000000000000000
00000000000000000000000000000000000000000000000000000000000000000000000000000000
00000000000000000000000000000000000000000000000000000000000000000000000000000000
