00000000000000000000000000000000000000000000000000000000000000000000000000000000
00000000000000000000000000000000000000000000000000000000000000000000000000000000
00000000000000000000000000000000000000000000000000000000000000000000000000000000
00000000000000000000000000000000000000000000000000000000000000000000000000000000
00000000000000000000000000000000000000000000000000000000000000000000000000000000
00000000000000000000000000000000000000000000000000000000000000000000000000000000
00000000000000000000000000000000000000000000000000000000000000000000000000000000
00000000000000000000000000000000000000000000000000000000000000000000000000000000
00000000000000000000000000000000000000000000000000000000000000000000000000000000
00000000000000000000000000000000000000000000000000000000000000000000000000000000
00000000000000000000000000000000000000000000000000000000000000000000000000000000
00000000000000000000000000000000000000000000000000000000000000000000000000000000
00000000000000000000000000000000000000000000000000000000000000000000000000000000
00000000000000000000000000000000001000000000000000000000000000000000000000000000
00000000000000000000000000000000001000000000000000000000000000000000000000000000
00000000000000000000000000000000001000000000000000000000000000000000000000000000
00000000000000000000000000000000001000000000000000111000000000000000000000000000
00000000000000000000000000000000001000000000000011101000000000000000000000000000
00000000000000000000000000000000001000000011111110001000000000000000000000000000
00000000000000000000000000000000001000000000000000001000000000000000000000000000
00000000000000000000000000000000001000000000000000001000000000000000000000000000
00000000000000000000000000000000001000000000000000001000000000000000000000000000
00000000000000000000000000000000001000000000000000001000000000000000000000000000
00000000000000000000000000000000001000000000000000001000000000000000000000000000
00000000000000000000000000000000011000000000000000001000000000000000000000000000
00000000000000000000000000000000010000011110000000011000000000000000000000000000
00000000000000000000000111111111111111110100000000010000111111000000000000000000
00000000000000000000000000000000010000000100000000011111100000000000000000000000
00000000000000000000000000000000110000000000111111101100000000000000000000000000
00000000000000000000000000000000100000000100000000000110000000000000000000000000
00000000000000000000000000000000100000001000000000000011000000000000000000000000
00000000000000000000000000000001000000001000000000000001000000000000000000000000
00000000000000000000000000000001000000011000000000000000100000000000000000000000
00000000000000000000000000000001110000010000000000000000110000000000000000000000
00000000000000000000000000000000011000010000000000000000010000000000000000000000
00000000000000000000000000000000001100110000000000000000001000000000000000000000
00000000000000000000000000000000000110100000000000000000001000000000000000000000
00000000000000000000000000000000000001100000000000000000011000000000000000000000
00000000000000000000000000000000000001100000000000000000010000000000000000000000
00000000000000000000000000000000000001011000000000000000100000000000000000000000
00000000000000000000000000000000000010000100000000000011000000000000000000000000
00000000000000000000000000000000000110000010010000111100000000000000000000000000
00000000000000000000000000000000001100000001011111100000000000000000000000000000
00000000000000000000000000000000001000000000110000000000000000000000000000000000
00000000000000000000000010000000010000000000001100000000000000000000000000000000
00000000000000000000000001000001100000000000000100000000000000000000000000000000
00000000000000000000000001111110000000000000000000000000000000000000000000000000
00000000000000000000000000000000000000000000000000000000000000000000000000000000
00000000000000000000000000000000000000000000000000000000000000000000000000000000
00000000000000000000000000000000000000000000000000000000000000000000000000000000
00000000000000000000000000000000000000000000000000000000000000000000000000000000
00000000000000000000000000000000000000000000000000000000000000000000000000000000
00000000000000000000000000000000000000000000000000000000000000000000000000000000
00000000000000000000000000000000000000000000000000000000000000000000000000000000
00000000000000000000000000000000000000000000000000000000000000000000000000000000
00000000000000000000000000000000000000000000000000000000000000000000000000000000
00000000000000000000000000000000000000000000000000000000000000000000000000000000
00000000000000000000000000000000000000000000000000000000000000000000000000000000
00000000000000000000000000000000000000000000000000000000000000000000000000000000
00000000000000000000000000000000000000000000000000000000000000000000000000000000
