00000000000000000000000000000000000000000000000000000000000000000000000000000000
00000000000000000000000000000000000000000000000000000000000000000000000000000000
00000000000000000000000000000000000000000000000000000000000000000000000000000000
00000000000000000000000000000000000000000000000000000000000000000000000000000000
00000000000000000000000000000000000000000000000000000000000000000000000000000000
00000000000000000000000000000000000000000000000000000000000000000000000000000000
00000000000000000000000000000000000000000000000000000000000000000000000000000000
00000000000000000000000000000000000000000000000000000000000000000000000000000000
00000000000000000000000000000000000000000000000000000000000000000000000000000000
00000000000000000000000000000000000000000000000000000000000000000000000000000000
00000000000000000000000000000000000000000000000000000000000000000000000000000000
00000000000000000000000000000000000000000000000000000000000000000000000000000000
00000000000000000000000000000000000000000000000000000000000000000000000000000000
00000000000000000000000000000000000000000000000000000000000000000000000000000000
00000000000000000000000000000000000000000000000000000000000000000000000000000000
00000000000000000000000000000000000000000000000000000000000000000000000000000000
00000000000000000000000000000000000000000000000000000000000000000000000000000000
00000000000000000000000000000000000000000000000000000000000000000000000000000000
00000000000000000000000000000000000000000000000000000000000000000000000000000000
00000000000000000000000000000000000000000000000000000000000000000000000000000000
00000000000000000000000000000100000000000000000000000000000000000000000000000000
00000000000000000000000000000100000000000000111111000000000000000000000000000000
00000000000000000000000000000100000111111111100001000000000000000000000000000000
00000000000000000000000000001000000000000000000001000000000000000000000000000000
00000000000000000000000000001000000000000000000010000000000000000000000000000000
00000000000000000000000000001000000000000000000100000000000000000000000000000000
00000000000000000000000000011000000000000000001000000000000000000000000000000000
00000000000000000000000000010000000000000000011000000000000000000000000000000000
00000000000000000000111111111111111100000000010000000000011111000000000000000000
00000000000000000000000000100000100000000000010000011111110000000000000000000000
00000000000000000000000000100000100000000000011111100000000000000000000000000000
00000000000000000000000000100000100000111111111100000000000000000000000000000000
00000000000000000000000001000000100000000000000100000000000000000000000000000000
00000000000000000000000001000001000000000000000011000000000000000000000000000000
00000000000000000000000010000001000000000000000001000000000000000000000000000000
00000000000000000000000010000001000000000000000000100000000000000000000000000000
00000000000000000000000001100001000000000000000000010000000000000000000000000000
00000000000000000000000000110010000000000000000000011000000000000000000000000000
00000000000000000000000000001110000000000000000000001000000000000000000000000000
00000000000000000000000000000010000000000010000000001000000000000000000000000000
00000000000000000000000000000101100000000001000000001000000000000000000000000000
00000000000000000000000000001100110000000000100000011000000000000000000000000000
00000000000000000000000100011000001110000000100000110000000000000000000000000000
00000000000000000000000111110000000110000000111111100000000000000000000000000000
00000000000000000000000000000000000010000000000000000000000000000000000000000000
00000000000000000000000000000000000000000000000000000000000000000000000000000000
00000000000000000000000000000000000000000000000000000000000000000000000000000000
00000000000000000000000000000000000000000000000000000000000000000000000000000000
00000000000000000000000000000000000000000000000000000000000000000000000000000000
00000000000000000000000000000000000000000000000000000000000000000000000000000000
00000000000000000000000000000000000000000000000000000000000000000000000000000000
00000000000000000000000000000000000000000000000000000000000000000000000000000000
00000000000000000000000000000000000000000000000000000000000000000000000000000000
00000000000000000000000000000000000000000000000000000000000000000000000000000000
00000000000000000000000000000000000000000000000000000000000000000000000000000000
00000000000000000000000000000000000000000000000000000000000000000000000000000000
00000000000000000000000000000000000000000000000000000000000000000000000000000000
00000000000000000000000000000000000000000000000000000000000000000000000000000000
00000000000000000000000000000000000000000000000000000000000000000000000000000000
00000000000000000000000000000000000000000000000000000000000000000000000000000000
