00000000000000000000000000000000000000000000000000000000000000000000000000000000
00000000000000000000000000000000000000000000000000000000000000000000000000000000
00000000000000000000000000000000000000000000000000000000000000000000000000000000
00000000000000000000000000000000000000000000000000000000000000000000000000000000
00000000000000000000000000000000000000000000000000000000000000000000000000000000
00000000000000000000000000000000000000000000000000000000000000000000000000000000
00000000000000000000000000000000000000000000000000000000000000000000000000000000
00000000000000000000000000000000000000000000000000000000000000000000000000000000
00000000000000000000000000000000000000000000000000000000000000000000000000000000
00000000000000000000000000000000000000000000000000000000000000000000000000000000
00000000000000000000000000000000000000000000000000000000000000000000000000000000
00000000000000000000000000000000000000000000000000000000000000000000000000000000
00000000000000000000000000000000000000000000000000000000000000000000000000000000
00000000000000000000000000000000000000000000000000000000000000000000000000000000
00000000000000000000000000000000000000000000000000000000000000000000000000000000
00000000000000000000000000000000000000000000000000000000000000000000000000000000
00000000000000000000000000000000000000000000000000000000000000000000000000000000
00000000000000000000000000000000000000000000000000000000000000000000000000000000
00000000000000000000000000000100000000000000000000000000000000000000000000000000
00000000000000000000000000000100000000000000000000000000000000000000000000000000
00000000000000000000000000000100000000000000000000000000000000000000000000000000
00000000000000000000000000000100000000000000000000000000000000000000000000000000
00000000000000000000000000000100000110000000011100000000000000000000000000000000
00000000000000000000000000000100000011111111110100000000000000000000000000000000
00000000000000000000000000000100000000000000000100000000000000000000000000000000
00000000000000000000000000000100000000000000000100000000000000000000000000000000
00000000000000000000000000000100000000000000001100000000000000000000000000000000
00000000000000000000000000001100000000000000001000000000000000000000000000000000
00000000000000000000000000001000000000000000001000000000000000000000000000000000
00000000000000000000000000001000000000000000001000000000000000000000000000000000
00000000000000000000000000001000000000000000001000000000000000000000000000000000
00000000000000000000000000001000000000000000001000000000000000000000000000000000
00000000000000000000111100001000000000000000001000000000000000000000000000000000
00000000000000000000000111111111111000000000011111111100000000000000000000000000
00000000000000000000000000010000100001111111110100000000000000000000000000000000
00000000000000000000000000010000100000000000000110000000000000000000000000000000
00000000000000000000000000010000100000000000000010000000000000000000000000000000
00000000000000000000000000011000100000000000000011000000000000000000000000000000
00000000000000000000000000000100100000000000000001000000000000000000000000000000
00000000000000000000000000000111100000000000000001100000000000000000000000000000
00000000000000000000000000000011000000000000000000100000000000000000000000000000
00000000000000000000000000000001100000000000000000100000000000000000000000000000
00000000000000000000000100000011110000001000000000100000000000000000000000000000
00000000000000000000000010000110011000000100000000100000000000000000000000000000
00000000000000000000000011111100001000000010000000100000000000000000000000000000
00000000000000000000000000000000001100000011000000100000000000000000000000000000
00000000000000000000000000000000000100000001100000100000000000000000000000000000
00000000000000000000000000000000000000000000110001100000000000000000000000000000
00000000000000000000000000000000000000000000011111000000000000000000000000000000
00000000000000000000000000000000000000000000000000000000000000000000000000000000
00000000000000000000000000000000000000000000000000000000000000000000000000000000
00000000000000000000000000000000000000000000000000000000000000000000000000000000
00000000000000000000000000000000000000000000000000000000000000000000000000000000
00000000000000000000000000000000000000000000000000000000000000000000000000000000
00000000000000000000000000000000000000000000000000000000000000000000000000000000
00000000000000000000000000000000000000000000000000000000000000000000000000000000
00000000000000000000000000000000000000000000000000000000000000000000000000000000
00000000000000000000000000000000000000000000000000000000000000000000000000000000
00000000000000000000000000000000000000000000000000000000000000000000000000000000
00000000000000000000000000000000000000000000000000000000000000000000000000000000
