00000000000000000000000000000000000000000000000000000000000000000000000000000000
00000000000000000000000000000000000000000000000000000000000000000000000000000000
00000000000000000000000000000000000000000000000000000000000000000000000000000000
00000000000000000000000000000000000000000000000000000000000000000000000000000000
00000000000000000000000000000000000000000000000000000000000000000000000000000000
00000000000000000000000000000000000000000000000000000000000000000000000000000000
00000000000000000000000000000000000000000000000000000000000000000000000000000000
00000000000000000000000000000000000000000000000000000000000000000000000000000000
00000000000000000000000000000000000000000000000000000000000000000000000000000000
00000000000000000000000000000000000000000000000000000000000000000000000000000000
00000000000000000000000000000000000000000000000000000000000000000000000000000000
00000000000000000000000000000000000000000000000000000000000000000000000000000000
00000000000000000000000000000100000000000000000000000000000000000000000000000000
00000000000000000000000000000100000000000000000000000000000000000000000000000000
00000000000000000000000000000100000000000000000000000000000000000000000000000000
00000000000000000000000000000100000000000000000000000000000000000000000000000000
00000000000000000000000000000100000000000000111000000000000000000000000000000000
00000000000000000000000000000100000000000011001000000000000000000000000000000000
00000000000000000000000000000100000111111100001000000000000000000000000000000000
00000000000000000000000000000100000000000000001000000000000000000000000000000000
00000000000000000000000000000100000000000000001000000000000000000000000000000000
00000000000000000000000000000100000000000000011000000000000000000000000000000000
00000000000000000000000000000100000000000000010000000000000000000000000000000000
00000000000000000000000000001100000000000000010000000000000000000000000000000000
00000000000000000000000000001000000000000000010000000000100000000000000000000000
00000000000000000000000000001000001110000000010000011111100000000000000000000000
00000000000000000000000000001111111100000000010111110000000000000000000000000000
00000000000000000000000001111000000100000001111000000000000000000000000000000000
00000000000000000000011110010000001000111110001100000000000000000000000000000000
00000000000000000000110000010000001011000000000110000000000000000000000000000000
00000000000000000000000000010000001000000000000011000000000000000000000000000000
00000000000000000000000000011000010000000000000001000000000000000000000000000000
00000000000000000000000000001100010000000000000000100000000000000000000000000000
00000000000000000000000000000110100000000000000000110000000000000000000000000000
00000000000000000000000000000011100000000000000000010000000000000000000000000000
00000000000000000000000000000001100000000000000000011000000000000000000000000000
00000000000000000000000000000011010000001100000000011000000000000000000000000000
00000000000000000000001000000110011000000111111111110000000000000000000000000000
00000000000000000000001100000100000100000000000000000000000000000000000000000000
00000000000000000000000100011000000010000000000000000000000000000000000000000000
00000000000000000000000011110000000011100000000000000000000000000000000000000000
00000000000000000000000000000000000001110000000000000000000000000000000000000000
00000000000000000000000000000000000000010000000000000000000000000000000000000000
00000000000000000000000000000000000000000000000000000000000000000000000000000000
00000000000000000000000000000000000000000000000000000000000000000000000000000000
00000000000000000000000000000000000000000000000000000000000000000000000000000000
00000000000000000000000000000000000000000000000000000000000000000000000000000000
00000000000000000000000000000000000000000000000000000000000000000000000000000000
00000000000000000000000000000000000000000000000000000000000000000000000000000000
00000000000000000000000000000000000000000000000000000000000000000000000000000000
00000000000000000000000000000000000000000000000000000000000000000000000000000000
00000000000000000000000000000000000000000000000000000000000000000000000000000000
00000000000000000000000000000000000000000000000000000000000000000000000000000000
00000000000000000000000000000000000000000000000000000000000000000000000000000000
00000000000000000000000000000000000000000000000000000000000000000000000000000000
00000000000000000000000000000000000000000000000000000000000000000000000000000000
00000000000000000000000000000000000000000000000000000000000000000000000000000000
00000000000000000000000000000000000000000000000000000000000000000000000000000000
00000000000000000000000000000000000000000000000000000000000000000000000000000000
00000000000000000000000000000000000000000000000000000000000000000000000000000000
