00000000000000000000000000000000000000000000000000000000000000000000000000000000
00000000000000000000000000000000000000000000000000000000000000000000000000000000
00000000000000000000000000000000000000000000000000000000000000000000000000000000
00000000000000000000000000000000000000000000000000000000000000000000000000000000
00000000000000000000000000000000000000000000000000000000000000000000000000000000
00000000000000000000000000000000000000000000000000000000000000000000000000000000
00000000000000000000000000000000000000000000000000000000000000000000000000000000
00000000000000000000000000000000000000000000000000000000000000000000000000000000
00000000000000000000000000000000000000000000000000000000000000000000000000000000
00000000000000000000000000000000000000000000000000000000000000000000000000000000
00000000000000000000000000000000000000000000000000000000000000000000000000000000
00000000000000000000000000000000000000000000000000000000000000000000000000000000
00000000000000000000000000000000000000000000000000000000000000000000000000000000
00000000000000000000000000000000000000000000000000000000000000000000000000000000
00000000000000000000000000000000000000000000000000000000000000000000000000000000
00000000000000000000000000000000000000000000000000000000000000000000000000000000
00000000000000000000000000000000000000000000000000000000000000000000000000000000
00000000000000000000000000000000100000000000000000000000000000000000000000000000
00000000000000000000000000000000100000000000000000000000000000000000000000000000
00000000000000000000000000000000100000000011111111111100000000000000000000000000
00000000000000000000000000000000100000000000000000000100000000000000000000000000
00000000000000000000000000000000100000000000000000001100000000000000000000000000
00000000000000000000000000000000100000000001000000001000000000000000000000000000
00000000000000000000000000000000100000010011000000011000000000000000000000000000
00000000000000000000000000111111111111111100000000010000000000000000000000000000
00000000000000000000000000000001000000010000000000010000000000000000000000000000
00000000000000000000000000000011000000010000000000010000000110000000000000000000
00000000000000000000000000000010000000010000000000010001111100000000000000000000
00000000000000000000000000000110000000100000000000011110000000000000000000000000
00000000000000000000000000000100000000100000000011111000000000000000000000000000
00000000000000000000000000000111000000100000011100001100000000000000000000000000
00000000000000000000000000000001100001000001100000000100000000000000000000000000
00000000000000000000000000000000011001000000000000000011000000000000000000000000
00000000000000000000000000000000000101000000000000000001000000000000000000000000
00000000000000000000000000000000000011000000000000000000100000000000000000000000
00000000000000000000000000000000000010110000000000000000010000000000000000000000
00000000000000000000000000000000000010001000000000000000011000000000000000000000
00000000000000000000000000000000000100000110000000000000001000000000000000000000
00000000000000000000000000000000000100000001100000010000001000000000000000000000
00000000000000000000000000000000001000000000111100001100001000000000000000000000
00000000000000000000000000000000011000000000001100000110001000000000000000000000
00000000000000000000000000000000010000000000000000000001111000000000000000000000
00000000000000000000000000000000110000000000000000000000000000000000000000000000
00000000000000000000000000100001000000000000000000000000000000000000000000000000
00000000000000000000000000010110000000000000000000000000000000000000000000000000
00000000000000000000000000011000000000000000000000000000000000000000000000000000
00000000000000000000000000000000000000000000000000000000000000000000000000000000
00000000000000000000000000000000000000000000000000000000000000000000000000000000
00000000000000000000000000000000000000000000000000000000000000000000000000000000
00000000000000000000000000000000000000000000000000000000000000000000000000000000
00000000000000000000000000000000000000000000000000000000000000000000000000000000
00000000000000000000000000000000000000000000000000000000000000000000000000000000
00000000000000000000000000000000000000000000000000000000000000000000000000000000
00000000000000000000000000000000000000000000000000000000000000000000000000000000
00000000000000000000000000000000000000000000000000000000000000000000000000000000
00000000000000000000000000000000000000000000000000000000000000000000000000000000
00000000000000000000000000000000000000000000000000000000000000000000000000000000
00000000000000000000000000000000000000000000000000000000000000000000000000000000
00000000000000000000000000000000000000000000000000000000000000000000000000000000
00000000000000000000000000000000000000000000000000000000000000000000000000000000
