00000000000000000000000000000000000000000000000000000000000000000000000000000000
00000000000000000000000000000000000000000000000000000000000000000000000000000000
00000000000000000000000000000000000000000000000000000000000000000000000000000000
00000000000000000000000000000000000000000000000000000000000000000000000000000000
00000000000000000000000000000000000000000000000000000000000000000000000000000000
00000000000000000000000000000000000000000000000000000000000000000000000000000000
00000000000000000000000000000000000000000000000000000000000000000000000000000000
00000000000000000000000000000000000000000000000000000000000000000000000000000000
00000000000000000000000000000000000000000000000000000000000000000000000000000000
00000000000000000000000000000000000000000000000000000000000000000000000000000000
00000000000000000000000000000000000000000000000000000000000000000000000000000000
00000000000000000000000000000000000000000000000000000000000000000000000000000000
00000000000000000000000000000000000000000000000000000000000000000000000000000000
00000000000000000000000000000000000000000000000000000000000000000000000000000000
00000000000000000000000000000000000001000000100000000000000000000000000000000000
00000000000000000000000000000000000001000001100000000000000000000000000000000000
00000000000000000000000000000000000001000001000000000000000000000000000000000000
00000000000000000000000000000000000001000001000000000000000000000000000000000000
00000000000000000000000000000000000001000011000000000000000000000000000000000000
00000000000000000000000000000000000001000010000111111100000000000000000000000000
00000000000000000000000000000000000010000111111000000010000000000000000000000000
00000000000000000000000000000000000010000110001000000110000000000000000000000000
00000000000000000000000000000000000100001000001000001100000000000000000000000000
00000000000000000000000000000000001100011000000100011000000000000000000000000000
00000000000000000000000000000000011100010000000100110000000000000000000000000000
00000000000000000000000000000000110100100000000101000000000000000000000000000000
00000000000000000000000000000000100011100000000100000000000000000000000000000000
00000000000000000000000000000001000011000000000100000000000000000000000000000000
00000000000000000000000000000010000010000001000010100000000000000000000000000000
00000000000000000000000000000100000010000001000010110000000000000000000000000000
00000000000000000000000000011000000010000011000010011000000000000000000000000000
00000000000000000000000000000000000010000010000010001100000000000000000000000000
00000000000000000000000000000000000010000110000010000110000000000000000000000000
00000000000000000000000000000000000010000100000010000011000000000000000000000000
00000000000000000000000000000000000010001100000010000001000000000000000000000000
00000000000000000000000000000000000010011010000010000000000000000000000000000000
00000000000000000000000000000000000010010001000010000000000000000000000000000000
00000000000000000000000000000000000010000001000010000000000000000000000000000000
00000000000000000000000000000000000010000000100010000000000000000000000000000000
00000000000000000000000000000000000010000000010010000000000000000000000000000000
00000000000000000000000000000000000010000000010010000000000000000000000000000000
00000000000000000000000000000000000010000000001010000000000000000000000000000000
00000000000000000000000000000000000000000000001110000000000000000000000000000000
00000000000000000000000000000000000000000000000000000000000000000000000000000000
00000000000000000000000000000000000000000000000000000000000000000000000000000000
00000000000000000000000000000000000000000000000000000000000000000000000000000000
00000000000000000000000000000000000000000000000000000000000000000000000000000000
00000000000000000000000000000000000000000000000000000000000000000000000000000000
00000000000000000000000000000000000000000000000000000000000000000000000000000000
00000000000000000000000000000000000000000000000000000000000000000000000000000000
00000000000000000000000000000000000000000000000000000000000000000000000000000000
00000000000000000000000000000000000000000000000000000000000000000000000000000000
00000000000000000000000000000000000000000000000000000000000000000000000000000000
00000000000000000000000000000000000000000000000000000000000000000000000000000000
00000000000000000000000000000000000000000000000000000000000000000000000000000000
00000000000000000000000000000000000000000000000000000000000000000000000000000000
00000000000000000000000000000000000000000000000000000000000000000000000000000000
00000000000000000000000000000000000000000000000000000000000000000000000000000000
00000000000000000000000000000000000000000000000000000000000000000000000000000000
00000000000000000000000000000000000000000000000000000000000000000000000000000000
