00000000000000000000000000000000000000000000000000000000000000000000000000000000
00000000000000000000000000000000000000000000000000000000000000000000000000000000
00000000000000000000000000000000000000000000000000000000000000000000000000000000
00000000000000000000000000000000000000000000000000000000000000000000000000000000
00000000000000000000000000000000000000000000000000000000000000000000000000000000
00000000000000000000000000000000000000000000000000000000000000000000000000000000
00000000000000000000000000000000000000000000000000000000000000000000000000000000
00000000000000000000000000000000000000000000000000000000000000000000000000000000
00000000000000000000000000000000000000000000000000000000000000000000000000000000
00000000000000000000000000000000000000000000000000000000000000000000000000000000
00000000000000000000000000000000000000000000000000000000000000000000000000000000
00000000000000000000000000000000000000000000000000000000000000000000000000000000
00000000000000000000000000000000000000000000000000000000000000000000000000000000
00000000000000000000000000000000100000000000000000000000000000000000000000000000
00000000000000000000000000000000100010000000000000000000000000000000000000000000
00000000000000000000000000000000100010000000000000000000000000000000000000000000
00000000000000000000000000000001000010000001111110000000000000000000000000000000
00000000000000000000000000000011000010011110000010000000000000000000000000000000
00000000000000000000000000000110000111110100001110000000000000000000000000000000
00000000000000000000000000001100000110000111110000000000000000000000000000000000
00000000000000000000000000011100001100000100000000000000000000000000000000000000
00000000000000000000000000110100011000000100000000000000000000000000000000000000
00000000000000000000000011000100110000000100000000000000000000000000000000000000
00000000000000000000011110000100000000000110000000000000000000000000000000000000
00000000000000000001100000000100000000010010010000000000000000000000000000000000
00000000000000000000000000000100000000010010011000000000000000000000000000000000
00000000000000000000000000000100000000010010000100000000000000000000000000000000
00000000000000000000000000000100000000110010000010000000000000000000000000000000
00000000000000000000000000000100000001100010000001100000000000000000000000000000
00000000000000000000000000000100000001000010000000110000000000000000000000000000
00000000000000000000000000000100000110000010000000011100000000000000000000000000
00000000000000000000000000000100001100001010000000000111000000000000000000000000
00000000000000000000000000000100011000001010000000000000000000000000000000000000
00000000000000000000000000000100000000001110000000000000000000000000000000000000
00000000000000000000000000000100000000000110000000000000000000000000000000000000
00000000000000000000000000000100000000000000000000000000000000000000000000000000
00000000000000000000000000000110000000000000000000000000000000000000000000000000
00000000000000000000000000000010000000000000000000000000000000000000000000000000
00000000000000000000000000000010000000000000000000000000000000000000000000000000
00000000000000000000000000000000000000000000000000000000000000000000000000000000
00000000000000000000000000000000000000000000000000000000000000000000000000000000
00000000000000000000000000000000000000000000000000000000000000000000000000000000
00000000000000000000000000000000000000000000000000000000000000000000000000000000
00000000000000000000000000000000000000000000000000000000000000000000000000000000
00000000000000000000000000000000000000000000000000000000000000000000000000000000
00000000000000000000000000000000000000000000000000000000000000000000000000000000
00000000000000000000000000000000000000000000000000000000000000000000000000000000
00000000000000000000000000000000000000000000000000000000000000000000000000000000
00000000000000000000000000000000000000000000000000000000000000000000000000000000
00000000000000000000000000000000000000000000000000000000000000000000000000000000
00000000000000000000000000000000000000000000000000000000000000000000000000000000
00000000000000000000000000000000000000000000000000000000000000000000000000000000
00000000000000000000000000000000000000000000000000000000000000000000000000000000
00000000000000000000000000000000000000000000000000000000000000000000000000000000
00000000000000000000000000000000000000000000000000000000000000000000000000000000
00000000000000000000000000000000000000000000000000000000000000000000000000000000
00000000000000000000000000000000000000000000000000000000000000000000000000000000
00000000000000000000000000000000000000000000000000000000000000000000000000000000
00000000000000000000000000000000000000000000000000000000000000000000000000000000
00000000000000000000000000000000000000000000000000000000000000000000000000000000
