00000000000000000000000000000000000000000000000000000000000000000000000000000000
00000000000000000000000000000000000000000000000000000000000000000000000000000000
00000000000000000000000000000000000000000000000000000000000000000000000000000000
00000000000000000000000000000000000000000000000000000000000000000000000000000000
00000000000000000000000000000000000000000000000000000000000000000000000000000000
00000000000000000000000000000000000000000000000000000000000000000000000000000000
00000000000000000000000000000000000000000000000000000000000000000000000000000000
00000000000000000000000000000000000000000000000000000000000000000000000000000000
00000000000000000000000000000000000000000000000000000000000000000000000000000000
00000000000000000000000000000000000000000000000000000000000000000000000000000000
00000000000000000000000000000000000000000000000000000000000000000000000000000000
00000000000000000000000000000000000010000010000000000000000000000000000000000000
00000000000000000000000000000000000010000110000000000000000000000000000000000000
00000000000000000000000000000000000010000100000000000000000000000000000000000000
00000000000000000000000000000000000110000100000111111100000000000000000000000000
00000000000000000000000000000000001100000111111100011100000000000000000000000000
00000000000000000000000000000000001000001000000000000000000000000000000000000000
00000000000000000000000000000000011100001000001100000000000000000000000000000000
00000000000000000000000000000000110100011000000100000000000000000000000000000000
00000000000000000000000000000001100100010000000010000000000000000000000000000000
00000000000000000000000000000010000100110000000010000000000000000000000000000000
00000000000000000000000000000000000100000000000001000000000000000000000000000000
00000000000000000000000000000000000100000000000001000100000000000000000000000000
00000000000000000000000000000000000100000000100001000111000000000000000000000000
00000000000000000000000000000000000100000001100001000001110000000000000000000000
00000000000000000000000000000000000100000001100000100000011000000000000000000000
00000000000000000000000000000000000100000001000000100000001110000000000000000000
00000000000000000000000000000000000110000110000000100000000001100000000000000000
00000000000000000000000000000000000010000100001100100000000000000000000000000000
00000000000000000000000000000000000010000000000110100000000000000000000000000000
00000000000000000000000000000000000010000000000011100000000000000000000000000000
00000000000000000000000000000000000000000000000000000000000000000000000000000000
00000000000000000000000000000000000000000000000000000000000000000000000000000000
00000000000000000000000000000000000000000000000000000000000000000000000000000000
00000000000000000000000000000000000000000000000000000000000000000000000000000000
00000000000000000000000000000000000000000000000000000000000000000000000000000000
00000000000000000000000000000000000000000000000000000000000000000000000000000000
00000000000000000000000000000000000000000000000000000000000000000000000000000000
00000000000000000000000000000000000000000000000000000000000000000000000000000000
00000000000000000000000000000000000000000000000000000000000000000000000000000000
00000000000000000000000000000000000000000000000000000000000000000000000000000000
00000000000000000000000000000000000000000000000000000000000000000000000000000000
00000000000000000000000000000000000000000000000000000000000000000000000000000000
00000000000000000000000000000000000000000000000000000000000000000000000000000000
00000000000000000000000000000000000000000000000000000000000000000000000000000000
00000000000000000000000000000000000000000000000000000000000000000000000000000000
00000000000000000000000000000000000000000000000000000000000000000000000000000000
00000000000000000000000000000000000000000000000000000000000000000000000000000000
00000000000000000000000000000000000000000000000000000000000000000000000000000000
00000000000000000000000000000000000000000000000000000000000000000000000000000000
00000000000000000000000000000000000000000000000000000000000000000000000000000000
00000000000000000000000000000000000000000000000000000000000000000000000000000000
00000000000000000000000000000000000000000000000000000000000000000000000000000000
00000000000000000000000000000000000000000000000000000000000000000000000000000000
00000000000000000000000000000000000000000000000000000000000000000000000000000000
00000000000000000000000000000000000000000000000000000000000000000000000000000000
00000000000000000000000000000000000000000000000000000000000000000000000000000000
00000000000000000000000000000000000000000000000000000000000000000000000000000000
00000000000000000000000000000000000000000000000000000000000000000000000000000000
00000000000000000000000000000000000000000000000000000000000000000000000000000000
