00000000000000000000000000000000000000000000000000000000000000000000000000000000
00000000000000000000000000000000000000000000000000000000000000000000000000000000
00000000000000000000000000000000000000000000000000000000000000000000000000000000
00000000000000000000000000000000000000000000000000000000000000000000000000000000
00000000000000000000000000000000000000000000000000000000000000000000000000000000
00000000000000000000000000000000000000000000000000000000000000000000000000000000
00000000000000000000000000000000000000000000000000000000000000000000000000000000
00000000000000000000000000000000000000000000000000000000000000000000000000000000
00000000000000000000000000000000000000000000000000000000000000000000000000000000
00000000000000000000000000000000000000000000000000000000000000000000000000000000
00000000000000000000000000000000000000000000000000000000000000000000000000000000
00000000000000000000000000000000000000000000000000000000000000000000000000000000
00000000000000000000000000000000000000000000000000000000000000000000000000000000
00000000000000000000000000000000000000000000000000000000000000000000000000000000
00000000000000000000000000001000000000000000000000000000000000000000000000000000
00000000000000000000000000001010000000000000000000000000000000000000000000000000
00000000000000000000000000001010000000000000000000000000000000000000000000000000
00000000000000000000000000010010000000000000000000000000000000000000000000000000
00000000000000000000000000010010000000001111100000000000000000000000000000000000
00000000000000000000000000110010000111111000100000000000000000000000000000000000
00000000000000000000000001100010111100000000100000000000000000000000000000000000
00000000000000000000000011000011100011000000100000000000000000000000000000000000
00000000000000000000000010000010000001000001100000000000000000000000000000000000
00000000000000000000000110000010000001000111000000000000000000000000000000000000
00000000000000000000011010000110000001000100000000000000000000000000000000000000
00000000000000000000110001000100000000100000000000000000000000000000000000000000
00000000000000000001100001001100000000100000000000000000000000000000000000000000
00000000000000000011000001011000000100110000000000000000000000000000000000000000
00000000000000000110000001000000000100111100000000000000000000000000000000000000
00000000000000001100000001000000000100100110000000000000000000000000000000000000
00000000000000000000000000100000001000100011000000000000000000000000000000000000
00000000000000000000000000100000011000110000110000000000000000000000000000000000
00000000000000000000000000100000010000010000001110000000000000000000000000000000
00000000000000000000000000100000111000010000000011000000000000000000000000000000
00000000000000000000000000100001101000010000000000000000000000000000000000000000
00000000000000000000000000100001001100010000000000000000000000000000000000000000
00000000000000000000000000100010000100010000000000000000000000000000000000000000
00000000000000000000000000100000000110010000000000000000000000000000000000000000
00000000000000000000000000100000000011010000000000000000000000000000000000000000
00000000000000000000000000100000000001110000000000000000000000000000000000000000
00000000000000000000000000100000000000000000000000000000000000000000000000000000
00000000000000000000000000100000000000000000000000000000000000000000000000000000
00000000000000000000000000000000000000000000000000000000000000000000000000000000
00000000000000000000000000000000000000000000000000000000000000000000000000000000
00000000000000000000000000000000000000000000000000000000000000000000000000000000
00000000000000000000000000000000000000000000000000000000000000000000000000000000
00000000000000000000000000000000000000000000000000000000000000000000000000000000
00000000000000000000000000000000000000000000000000000000000000000000000000000000
00000000000000000000000000000000000000000000000000000000000000000000000000000000
00000000000000000000000000000000000000000000000000000000000000000000000000000000
00000000000000000000000000000000000000000000000000000000000000000000000000000000
00000000000000000000000000000000000000000000000000000000000000000000000000000000
00000000000000000000000000000000000000000000000000000000000000000000000000000000
00000000000000000000000000000000000000000000000000000000000000000000000000000000
00000000000000000000000000000000000000000000000000000000000000000000000000000000
00000000000000000000000000000000000000000000000000000000000000000000000000000000
00000000000000000000000000000000000000000000000000000000000000000000000000000000
00000000000000000000000000000000000000000000000000000000000000000000000000000000
00000000000000000000000000000000000000000000000000000000000000000000000000000000
00000000000000000000000000000000000000000000000000000000000000000000000000000000
