00000000000000000000000000000000000000000000000000000000000000000000000000000000
00000000000000000000000000000000000000000000000000000000000000000000000000000000
00000000000000000000000000000000000000000000000000000000000000000000000000000000
00000000000000000000000000000000000000000000000000000000000000000000000000000000
00000000000000000000000000000000000000000000000000000000000000000000000000000000
00000000000000000000000000000000000000000000000000000000000000000000000000000000
00000000000000000000000000000000000000000000000000000000000000000000000000000000
00000000000000000000000000000000000000000000000000000000000000000000000000000000
00000000000000000000000000000000000000000000000000000000000000000000000000000000
00000000000000000000000000000000000000000000000000000000000000000000000000000000
00000000000000000000000000000000000000000000000000000000000000000000000000000000
00000000000000000000000000001100000000000000000000000000000000000000000000000000
00000000000000000000000000001001000000000000000000000000000000000000000000000000
00000000000000000000000000011001000000000000000000000000000000000000000000000000
00000000000000000000000000110001000000111111000000000000000000000000000000000000
00000000000000000000000001100001001111100001000000000000000000000000000000000000
00000000000000000000000011000001111000000001000000000000000000000000000000000000
00000000000000000000001100000011100001000110000000000000000000000000000000000000
00000000000000000000111000000010000001101100000000000000000000000000000000000000
00000000000000000011001100000110000000100000000000000000000000000000000000000000
00000000000001111100000100001100000000110000000000000000000000000000000000000000
00000000000000000000000100001000000000010000000000000000000000000000000000000000
00000000000000000000000110010000000000010000000000000000000000000000000000000000
00000000000000000000000010000000000000010110000000000000000000000000000000000000
00000000000000000000000010000000000010001011000000000000000000000000000000000000
00000000000000000000000010000000000110001001100000000000000000000000000000000000
00000000000000000000000001000000000100001000011000000000000000000000000000000000
00000000000000000000000001000000001100001000000110000000000000000000000000000000
00000000000000000000000001000000001000001000000011100000000000000000000000000000
00000000000000000000000001100000010000001000000000010000000000000000000000000000
00000000000000000000000000100000110000001000000000000000000000000000000000000000
00000000000000000000000000100001100001001000000000000000000000000000000000000000
00000000000000000000000000100001000001001000000000000000000000000000000000000000
00000000000000000000000000110000000001101000000000000000000000000000000000000000
00000000000000000000000000010000000000101000000000000000000000000000000000000000
00000000000000000000000000010000000000011000000000000000000000000000000000000000
00000000000000000000000000010000000000000000000000000000000000000000000000000000
00000000000000000000000000010000000000000000000000000000000000000000000000000000
00000000000000000000000000000000000000000000000000000000000000000000000000000000
00000000000000000000000000000000000000000000000000000000000000000000000000000000
00000000000000000000000000000000000000000000000000000000000000000000000000000000
00000000000000000000000000000000000000000000000000000000000000000000000000000000
00000000000000000000000000000000000000000000000000000000000000000000000000000000
00000000000000000000000000000000000000000000000000000000000000000000000000000000
00000000000000000000000000000000000000000000000000000000000000000000000000000000
00000000000000000000000000000000000000000000000000000000000000000000000000000000
00000000000000000000000000000000000000000000000000000000000000000000000000000000
00000000000000000000000000000000000000000000000000000000000000000000000000000000
00000000000000000000000000000000000000000000000000000000000000000000000000000000
00000000000000000000000000000000000000000000000000000000000000000000000000000000
00000000000000000000000000000000000000000000000000000000000000000000000000000000
00000000000000000000000000000000000000000000000000000000000000000000000000000000
00000000000000000000000000000000000000000000000000000000000000000000000000000000
00000000000000000000000000000000000000000000000000000000000000000000000000000000
00000000000000000000000000000000000000000000000000000000000000000000000000000000
00000000000000000000000000000000000000000000000000000000000000000000000000000000
00000000000000000000000000000000000000000000000000000000000000000000000000000000
00000000000000000000000000000000000000000000000000000000000000000000000000000000
00000000000000000000000000000000000000000000000000000000000000000000000000000000
00000000000000000000000000000000000000000000000000000000000000000000000000000000
