00000000000000000000000000000000000000000000000000000000000000000000000000000000
00000000000000000000000000000000000000000000000000000000000000000000000000000000
00000000000000000000000000000000000000000000000000000000000000000000000000000000
00000000000000000000000000000000000000000000000000000000000000000000000000000000
00000000000000000000000000000000000000000000000000000000000000000000000000000000
00000000000000000000000000000000000000000000000000000000000000000000000000000000
00000000000000000000000000000000000000000000000000000000000000000000000000000000
00000000000000000000000000000000000000000000000000000000000000000000000000000000
00000000000000000000000000000000000000000000000000000000000000000000000000000000
00000000000000000000000000000000000000000000000000000000000000000000000000000000
00000000000000000000000000000000000000000000000000000000000000000000000000000000
00000000000000000000000000000000000000000000000000000000000000000000000000000000
00000000000000000000000000000000000000000000000000000000000000000000000000000000
00000000000000000000000000000000000000000100000000000000000000000000000000000000
00000000000000000000000000000000000000000100001000000000000000000000000000000000
00000000000000000000000000000000000000000100001000000000000000000000000000000000
00000000000000000000000000000000000000000100001000000000000000000000000000000000
00000000000000000000000000000000000000000100001000000000000000000000000000000000
00000000000000000000000000000000000000000100001000000000000000000000000000000000
00000000000000000000000000000000000000001000001000011111111000000000000000000000
00000000000000000000000000000000000000011000011111110000001000000000000000000000
00000000000000000000000000000000000000110000011000000000001000000000000000000000
00000000000000000000000000000000000001110000010000000100000000000000000000000000
00000000000000000000000000000000000011010000010000000100000000000000000000000000
00000000000000000000000000000000001110010000100000000110000000000000000000000000
00000000000000000000000000000000110000010001100000000010000000000000000000000000
00000000000000000000000000000011100000010001000001000010010000000000000000000000
00000000000000000000000000000110000000010000000001000010011100000000000000000000
00000000000000000000000000000000000000001000000001000010000110000000000000000000
00000000000000000000000000000000000000001000000001000010000001100000000000000000
00000000000000000000000000000000000000001000000001000010000000111000000000000000
00000000000000000000000000000000000000001000000010000010000000001110000000000000
00000000000000000000000000000000000000001000000110000010000000000001000000000000
00000000000000000000000000000000000000001000000101100010000000000000000000000000
00000000000000000000000000000000000000000100001000100010000000000000000000000000
00000000000000000000000000000000000000000100011000110010000000000000000000000000
00000000000000000000000000000000000000000100000000011110000000000000000000000000
00000000000000000000000000000000000000000100000000000000000000000000000000000000
00000000000000000000000000000000000000000100000000000000000000000000000000000000
00000000000000000000000000000000000000000100000000000000000000000000000000000000
00000000000000000000000000000000000000000100000000000000000000000000000000000000
00000000000000000000000000000000000000000100000000000000000000000000000000000000
00000000000000000000000000000000000000000000000000000000000000000000000000000000
00000000000000000000000000000000000000000000000000000000000000000000000000000000
00000000000000000000000000000000000000000000000000000000000000000000000000000000
00000000000000000000000000000000000000000000000000000000000000000000000000000000
00000000000000000000000000000000000000000000000000000000000000000000000000000000
00000000000000000000000000000000000000000000000000000000000000000000000000000000
00000000000000000000000000000000000000000000000000000000000000000000000000000000
00000000000000000000000000000000000000000000000000000000000000000000000000000000
00000000000000000000000000000000000000000000000000000000000000000000000000000000
00000000000000000000000000000000000000000000000000000000000000000000000000000000
00000000000000000000000000000000000000000000000000000000000000000000000000000000
00000000000000000000000000000000000000000000000000000000000000000000000000000000
00000000000000000000000000000000000000000000000000000000000000000000000000000000
00000000000000000000000000000000000000000000000000000000000000000000000000000000
00000000000000000000000000000000000000000000000000000000000000000000000000000000
00000000000000000000000000000000000000000000000000000000000000000000000000000000
00000000000000000000000000000000000000000000000000000000000000000000000000000000
00000000000000000000000000000000000000000000000000000000000000000000000000000000
