00000000000000000000000000000000000000000000000000000000000000000000000000000000
00000000000000000000000000000000000000000000000000000000000000000000000000000000
00000000000000000000000000000000000000000000000000000000000000000000000000000000
00000000000000000000000000000000000000000000000000000000000000000000000000000000
00000000000000000000000000000000000000000000000000000000000000000000000000000000
00000000000000000000000000000000000000000000000000000000000000000000000000000000
00000000000000000000000000000000000000000000000000000000000000000000000000000000
00000000000000000000000000000000000000000000000000000000000000000000000000000000
00000000000000000000000000000000000000000000000000000000000000000000000000000000
00000000000000000000000000000000000000000000000000000000000000000000000000000000
00000000000000000000000000000000000000000000000000000000000000000000000000000000
00000000000000000000000000000000000000000000000000000000000000000000000000000000
00000000000000000000000000000000000000000000000000000000000000000000000000000000
00000000000000000000000000000000000000000000000000000000000000000000000000000000
00000000000000000000000000000000000000000000000000000000000000000000000000000000
00000000000000000000000000000000000000000000000000000000000000000000000000000000
00000000000000000000000000000000000000000000000000000000000000000000000000000000
00000000000000000000000000000000000000000000000000000000000000000000000000000000
00000000000000000000000000000000000000000000000000000000000000000000000000000000
00000000000000000000000000000000000000000000000000000000000000000000000000000000
00000000000000000000000000000000000000000000000000000000000000000000000000000000
00000000000000000000000000000000000000000000000000000000000000000000000000000000
00000000000000000000000000000000000000000000000000000000000000000000000000000000
00000000000000000000000000000000000001000000000000000000000000000000000000000000
00000000000000000000000000000000000010000100000000000000000000000000000000000000
00000000000000000000000000000000000110000100000000000000000000000000000000000000
00000000000000000000000000000000001100001100000000000000000000000000000000000000
00000000000000000000000000000000001000001000000000000000000000000000000000000000
00000000000000000000000000000000010000001000000011111111100000000000000000000000
00000000000000000000000000000000110000001001111100000000100000000000000000000000
00000000000000000000000000000001000000010111000000000000100000000000000000000000
00000000000000000000000000000011000000011100000010000001100000000000000000000000
00000000000000000000000000000110000000110000000010000011000000000000000000000000
00000000000000000000000000001110000000100000000010001110000000000000000000000000
00000000000000000000000000011010000001100000000010011000000000000000000000000000
00000000000000000000000000110010000001000000000011000000000000000000000000000000
00000000000000000000000011000001000000000000000001000000000000000000000000000000
00000000000000000000001110000001000000000000000001000000000000000000000000000000
00000000000000000000111000000001000000000000000001000000000000000000000000000000
00000000000000000000000000000001000000000001100001000100000000000000000000000000
00000000000000000000000000000001000000000001000001000110000000000000000000000000
00000000000000000000000000000001000000000011000001000011100000000000000000000000
00000000000000000000000000000001000000000110000001000000110000000000000000000000
00000000000000000000000000000001000000001100000001000000001100000000000000000000
00000000000000000000000000000000100000001000000001000000000011000000000000000000
00000000000000000000000000000000100000010000000001000000000001110000000000000000
00000000000000000000000000000000100000100000000001000000000000011000000000000000
00000000000000000000000000000000100011000000100001000000000000000000000000000000
00000000000000000000000000000000100000000000100001000000000000000000000000000000
00000000000000000000000000000001000000000000110001000000000000000000000000000000
00000000000000000000000000000001000000000000010001000000000000000000000000000000
00000000000000000000000000000001000000000000011001000000000000000000000000000000
00000000000000000000000000000001000000000000001101000000000000000000000000000000
00000000000000000000000000000000000000000000000111000000000000000000000000000000
00000000000000000000000000000000000000000000000000000000000000000000000000000000
00000000000000000000000000000000000000000000000000000000000000000000000000000000
00000000000000000000000000000000000000000000000000000000000000000000000000000000
00000000000000000000000000000000000000000000000000000000000000000000000000000000
00000000000000000000000000000000000000000000000000000000000000000000000000000000
00000000000000000000000000000000000000000000000000000000000000000000000000000000
