00000000000000000000000000000000000000000000000000000000000000000000000000000000
00000000000000000000000000000000000000000000000000000000000000000000000000000000
00000000000000000000000000000000000000000000000000000000000000000000000000000000
00000000000000000000000000000000000000000000000000000000000000000000000000000000
00000000000000000000000000000000000000000000000000000000000000000000000000000000
00000000000000000000000000000000000000000000000000000000000000000000000000000000
00000000000000000000000000000000000000000000000000000000000000000000000000000000
00000000000000000000000000000000000000000000000000000000000000000000000000000000
00000000000000000000000000000000000000000000000000000000000000000000000000000000
00000000000000000000000000000000000000000000000000000000000000000000000000000000
00000000000000000000000000000001000000000000000000000000000000000000000000000000
00000000000000000000000000000001000000000000000000000000000000000000000000000000
00000000000000000000000000000011000010000000000000000000000000000000000000000000
00000000000000000000000000000010000010000000000000000000000000000000000000000000
00000000000000000000000000000010000010000000000000000000000000000000000000000000
00000000000000000000000000000100000110000011111000000000000000000000000000000000
00000000000000000000000000000100000100111110000100000000000000000000000000000000
00000000000000000000000000001000001111100000000100000000000000000000000000000000
00000000000000000000000000011000001000100000001100000000000000000000000000000000
00000000000000000000000000111000001000010011111000000000000000000000000000000000
00000000000000000000000000101000010000010000000000000000000000000000000000000000
00000000000000000000000001001000110000011000000000000000000000000000000000000000
00000000000000000000000011001000100000001000000000000000000000000000000000000000
00000000000000000000000110001001000001001011000000000000000000000000000000000000
00000000000000000000001100001000000001001001100000000000000000000000000000000000
00000000000000000001110000001000000001001000111000000000000000000000000000000000
00000000000000000000000000001000000011001000001000000000000000000000000000000000
00000000000000000000000000001000000010001100000110000000000000000000000000000000
00000000000000000000000000001000000010000100000011000000000000000000000000000000
00000000000000000000000000001000000110000100000001110000000000000000000000000000
00000000000000000000000000001000000100000100000000011000000000000000000000000000
00000000000000000000000000001000001100000100000000000000000000000000000000000000
00000000000000000000000000001000001000100100000000000000000000000000000000000000
00000000000000000000000000001000000000110100000000000000000000000000000000000000
00000000000000000000000000001000000000010100000000000000000000000000000000000000
00000000000000000000000000001000000000011100000000000000000000000000000000000000
00000000000000000000000000001000000000001100000000000000000000000000000000000000
00000000000000000000000000001000000000000000000000000000000000000000000000000000
00000000000000000000000000000000000000000000000000000000000000000000000000000000
00000000000000000000000000000000000000000000000000000000000000000000000000000000
00000000000000000000000000000000000000000000000000000000000000000000000000000000
00000000000000000000000000000000000000000000000000000000000000000000000000000000
00000000000000000000000000000000000000000000000000000000000000000000000000000000
00000000000000000000000000000000000000000000000000000000000000000000000000000000
00000000000000000000000000000000000000000000000000000000000000000000000000000000
00000000000000000000000000000000000000000000000000000000000000000000000000000000
00000000000000000000000000000000000000000000000000000000000000000000000000000000
00000000000000000000000000000000000000000000000000000000000000000000000000000000
00000000000000000000000000000000000000000000000000000000000000000000000000000000
00000000000000000000000000000000000000000000000000000000000000000000000000000000
00000000000000000000000000000000000000000000000000000000000000000000000000000000
00000000000000000000000000000000000000000000000000000000000000000000000000000000
00000000000000000000000000000000000000000000000000000000000000000000000000000000
00000000000000000000000000000000000000000000000000000000000000000000000000000000
00000000000000000000000000000000000000000000000000000000000000000000000000000000
00000000000000000000000000000000000000000000000000000000000000000000000000000000
00000000000000000000000000000000000000000000000000000000000000000000000000000000
00000000000000000000000000000000000000000000000000000000000000000000000000000000
00000000000000000000000000000000000000000000000000000000000000000000000000000000
00000000000000000000000000000000000000000000000000000000000000000000000000000000
