00000000000000000000000000000000000000000000000000000000000000000000000000000000
00000000000000000000000000000000000000000000000000000000000000000000000000000000
00000000000000000000000000000000000000000000000000000000000000000000000000000000
00000000000000000000000000000000000000000000000000000000000000000000000000000000
00000000000000000000000000000000000000000000000000000000000000000000000000000000
00000000000000000000000000000000000000000000000000000000000000000000000000000000
00000000000000000000000000000000000000000000000000000000000000000000000000000000
00000000000000000000000000000000000000000000000000000000000000000000000000000000
00000000000000000000000000000000000000000000000000000000000000000000000000000000
00000000000000000000000000000000000000000000000000000000000000000000000000000000
00000000000000000000000000000000000000000000000000000000000000000000000000000000
00000000000000000000000000000000000000000000000000000000000000000000000000000000
00000000000000000000000000000000000000000000000000000000000000000000000000000000
00000000000000000000000000000000000000000000000000000000000000000000000000000000
00000000000000000000000000000000000000000000000000000000000000000000000000000000
00000000000000000000000000000000000000000000000000000000000000000000000000000000
00000000000000000000000000000000000000000000000000000000000000000000000000000000
00000000000000000000000000000000000000000000000000000000000000000000000000000000
00000000000000000000000000000000000000000000000000000000000000000000000000000000
00000000000000000000000000000000000000000000000000000000000000000000000000000000
00000000000000000000000000000000000000000000000000000000000000000000000000000000
00000000000000000000000000000000000000000000000000000000000000000000000000000000
00000000000000000000000000000000000000000000000000000000000000000000000000000000
00000000000000000000000000000000000000000000000000000000000000000000000000000000
00000000000000000000000000000000000000000000000000000000000000000000000000000000
00000000000000000000000000000000000000000000000000000000000000000000000000000000
00000000000000000000000000000000000000000000000000000000000000000000000000000000
00000000000000000000000000000000000000000000000000000000000000000000000000000000
00000000000000000000000000000000000000000000000000000000000000000000000000000000
00000000000000000000000000000000000000000000000000000000000000000000000000000000
00000000000000000000000000000000000000000000000000000000000000000000000000000000
00000000000000000000000000000000000000000000000000000000000000000000000000000000
00000000000000000000000000000000000000000000000000000000000000000000000000000000
00000000000000000000000000000000000000000000000000000000000000000000000000000000
00000000000000000000000000000000000000000000000000000000000000000000000000000000
00000000000000000000000000000000000000000000000000000000000000000000000000000000
00000000000000000000000000000000000000000000000000000000000000000000000000000000
00000000000000000000000000000000000000000000000000000000000000000000000000000000
00000000000000000000000000000000000000000000000000000000000000000000000000000000
00000000000000000000000000000000000000000000000000000000000000000000000000000000
00000000000000000000000000000000000000000000000000000000000000000000000000000000
00000000000000000000000000000001000010000000000000000000000000000000000000000000
00000000000000000000000000000001000010000000000000000000000000000000000000000000
00000000000000000000000000000001000010000000000000000000000000000000000000000000
00000000000000000000000000000001000010011111111000000000000000000000000000000000
00000000000000000000000000000011000111110000001000000000000000000000000000000000
00000000000000000000000000000010001110001100111000000000000000000000000000000000
00000000000000000000000000000110001100000101100000000000000000000000000000000000
00000000000000000000000000001110011000000100000000000000000000000000000000000000
00000000000000000000000000011010010000000010100000000000000000000000000000000000
00000000000000000000000000110010000000010010011000000000000000000000000000000000
00000000000000000000000001100001000000110010000110000000000000000000000000000000
00000000000000000000000000000001000000100010000011100000000000000000000000000000
00000000000000000000000000000001000001000010000000111000000000000000000000000000
00000000000000000000000000000001000011000010000000000000000000000000000000000000
00000000000000000000000000000001000110000010000000000000000000000000000000000000
00000000000000000000000000000001001100110010000000000000000000000000000000000000
00000000000000000000000000000001000000011110000000000000000000000000000000000000
00000000000000000000000000000011000000001100000000000000000000000000000000000000
00000000000000000000000000000000000000000000000000000000000000000000000000000000
