00000000000000000000000000000000000000000000000000000000000000000000000000000000
00000000000000000000000000000000000000000000000000000000000000000000000000000000
00000000000000000000000000000000000000000000000000000000000000000000000000000000
00000000000000000000000000000000000000000000000000000000000000000000000000000000
00000000000000000000000000000000000000000000000000000000000000000000000000000000
00000000000000000000000000000000000000000000000000000000000000000000000000000000
00000000000000000000000000000000000000000000000000000000000000000000000000000000
00000000000000000000000000000000000000000000000000000000000000000000000000000000
00000000000000000000000000000000000000000000000000000000000000000000000000000000
00000000000000000000000000000000000000000000000000000000000000000000000000000000
00000000000000000000000000000000000000000000000000000000000000000000000000000000
00000000000000000000000000000000000000000000000000000000000000000000000000000000
00000000000000000000000000000000000000000000000000000000000000000000000000000000
00000000000000000000000000000000000000000000000000000000000000000000000000000000
00000000000000000000000000000000000000000000000000000000000000000000000000000000
00000000000000000000000000000000000000000000010000000000000000000000000000000000
00000000000000000000000000000000000000000000010000000000000000000000000000000000
00000000000000000000000000000000000000000000010000000000000000000000000000000000
00000000000000000000000000000000000000000000110010000000000000000000000000000000
00000000000000000000000000000000000000000000100010000000000000000000000000000000
00000000000000000000000000000000000000000001100010000111111000000000000000000000
00000000000000000000000000000000000000000001000111111000001000000000000000000000
00000000000000000000000000000000000000000011000111000000011000000000000000000000
00000000000000000000000000000000000000000110000100011000110000000000000000000000
00000000000000000000000000000000000000001110001100001011000000000000000000000000
00000000000000000000000000000000000000011010011000001000000000000000000000000000
00000000000000000000000000000000000001100010010000000100000000000000000000000000
00000000000000000000000000000000001110000010110001000100000000000000000000000000
00000000000000000000000000000000001000000010000001000101100000000000000000000000
00000000000000000000000000000000000000000010000001000100011000000000000000000000
00000000000000000000000000000000000000000010000011000100001100000000000000000000
00000000000000000000000000000000000000000010000010000100000110000000000000000000
00000000000000000000000000000000000000000010000110000100000001100000000000000000
00000000000000000000000000000000000000000010001111000100000000110000000000000000
00000000000000000000000000000000000000000010001001100100000000000000000000000000
00000000000000000000000000000000000000000010011000100100000000000000000000000000
00000000000000000000000000000000000000000010000000010100000000000000000000000000
00000000000000000000000000000000000000000010000000011100000000000000000000000000
00000000000000000000000000000000000000000010000000001100000000000000000000000000
00000000000000000000000000000000000000000010000000000000000000000000000000000000
00000000000000000000000000000000000000000000000000000000000000000000000000000000
00000000000000000000000000000000000000000000000000000000000000000000000000000000
00000000000000000000000000000000000000000000000000000000000000000000000000000000
00000000000000000000000000000000000000000000000000000000000000000000000000000000
00000000000000000000000000000000000000000000000000000000000000000000000000000000
00000000000000000000000000000000000000000000000000000000000000000000000000000000
00000000000000000000000000000000000000000000000000000000000000000000000000000000
00000000000000000000000000000000000000000000000000000000000000000000000000000000
00000000000000000000000000000000000000000000000000000000000000000000000000000000
00000000000000000000000000000000000000000000000000000000000000000000000000000000
00000000000000000000000000000000000000000000000000000000000000000000000000000000
00000000000000000000000000000000000000000000000000000000000000000000000000000000
00000000000000000000000000000000000000000000000000000000000000000000000000000000
00000000000000000000000000000000000000000000000000000000000000000000000000000000
00000000000000000000000000000000000000000000000000000000000000000000000000000000
00000000000000000000000000000000000000000000000000000000000000000000000000000000
00000000000000000000000000000000000000000000000000000000000000000000000000000000
00000000000000000000000000000000000000000000000000000000000000000000000000000000
00000000000000000000000000000000000000000000000000000000000000000000000000000000
00000000000000000000000000000000000000000000000000000000000000000000000000000000
