00000000000000000000000000000000000000000000000000000000000000000000000000000000
00000000000000000000000000000000000000000000000000000000000000000000000000000000
00000000000000000000000000000000000000000000000000000000000000000000000000000000
00000000000000000000000000000000000000000000000000000000000000000000000000000000
00000000000000000000000000000000000000000000000000000000000000000000000000000000
00000000000000000000000000000000000000000000000000000000000000000000000000000000
00000000000000000000000000000000000000000000000000000000000000000000000000000000
00000000000000000000000000000000000000000000000000000000000000000000000000000000
00000000000000000000000000000000000000000000000000000000000000000000000000000000
00000000000000000000000000000000000000000000000000000000000000000000000000000000
00000000000000000000000000000000000000000000000000000000000000000000000000000000
00000000000000000000000000000000000000000000000000000000000000000000000000000000
00000000000000000000000000000000000000000000000000000000000000000000000000000000
00000000000000000000000000000100000000000000000000000000000000000000000000000000
00000000000000000000000000000100000000000000000000000000000000000000000000000000
00000000000000000000000000000100000000000000000000000000000000000000000000000000
00000000000000000000000000001100010000000000000000000000000000000000000000000000
00000000000000000000000000001000010000000000000000000000000000000000000000000000
00000000000000000000000000001000010000000111000000000000000000000000000000000000
00000000000000000000000000010000010001111101000000000000000000000000000000000000
00000000000000000000000000100000111111000000100000000000000000000000000000000000
00000000000000000000000001000000111000000000100000000000000000000000000000000000
00000000000000000000000010000000100000000000100000000000000000000000000000000000
00000000000000000000001100000001100000000000000000000000000000000000000000000000
00000000000000000000110001000001000000100000000000000000000000000000000000000000
00000000000000000011100001100011000100110000000000000000000000000000000000000000
00000000000000011110000000100010000100010011000000000000000000000000000000000000
00000000000000000000000000110110000100011001000000000000000000000000000000000000
00000000000000000000000000010000000100001000110000000000000000000000000000000000
00000000000000000000000000010000000100001000001000000000000000000000000000000000
00000000000000000000000000010000000100001000000110000000000000000000000000000000
00000000000000000000000000010000000100001000000001100000000000000000000000000000
00000000000000000000000000001000001000001000000000111000000000000000000000000000
00000000000000000000000000001000011000001000000000000000000000000000000000000000
00000000000000000000000000001000010010001000000000000000000000000000000000000000
00000000000000000000000000001000000001001000000000000000000000000000000000000000
00000000000000000000000000001000000001111000000000000000000000000000000000000000
00000000000000000000000000001000000000000000000000000000000000000000000000000000
00000000000000000000000000001000000000000000000000000000000000000000000000000000
00000000000000000000000000001000000000000000000000000000000000000000000000000000
00000000000000000000000000000000000000000000000000000000000000000000000000000000
00000000000000000000000000000000000000000000000000000000000000000000000000000000
00000000000000000000000000000000000000000000000000000000000000000000000000000000
00000000000000000000000000000000000000000000000000000000000000000000000000000000
00000000000000000000000000000000000000000000000000000000000000000000000000000000
00000000000000000000000000000000000000000000000000000000000000000000000000000000
00000000000000000000000000000000000000000000000000000000000000000000000000000000
00000000000000000000000000000000000000000000000000000000000000000000000000000000
00000000000000000000000000000000000000000000000000000000000000000000000000000000
00000000000000000000000000000000000000000000000000000000000000000000000000000000
00000000000000000000000000000000000000000000000000000000000000000000000000000000
00000000000000000000000000000000000000000000000000000000000000000000000000000000
00000000000000000000000000000000000000000000000000000000000000000000000000000000
00000000000000000000000000000000000000000000000000000000000000000000000000000000
00000000000000000000000000000000000000000000000000000000000000000000000000000000
00000000000000000000000000000000000000000000000000000000000000000000000000000000
00000000000000000000000000000000000000000000000000000000000000000000000000000000
00000000000000000000000000000000000000000000000000000000000000000000000000000000
00000000000000000000000000000000000000000000000000000000000000000000000000000000
00000000000000000000000000000000000000000000000000000000000000000000000000000000
