00000000000000000000000000000000000000000000000000000000000000000000000000000000
00000000000000000000000000000000000000000000000000000000000000000000000000000000
00000000000000000000000000000000000000000000000000000000000000000000000000000000
00000000000000000000000000000000000000000000000000000000000000000000000000000000
00000000000000000000000000000000000000000000000000000000000000000000000000000000
00000000000000000000000000000000000000000000000000000000000000000000000000000000
00000000000000000000000000000000000000000000000000000000000000000000000000000000
00000000000000000000000000000000000000000000000000000000000000000000000000000000
00000000000000000000000000000000000000000000000000000000000000000000000000000000
00000000000000000000000000000000000000000000000000000000000000000000000000000000
00000000000000000000000000000000000000000000000000000000000000000000000000000000
00000000000000000000000000000000000000000000000000000000000000000000000000000000
00000000000000000000000000000000000000000000000000000000000000000000000000000000
00000000000000000000000000000000000000000000000000000000000000000000000000000000
00000000000000000000000000000000000000000000000000000000000000000000000000000000
00000000000000000000000000000000110000000000000000000000000000000000000000000000
00000000000000000000000000000000100000000000000000000000000000000000000000000000
00000000000000000000000000000000100000000000000000000000000000000000000000000000
00000000000000000000000000000001100100000000000000000000000000000000000000000000
00000000000000000000000000000001001100000000000000000000000000000000000000000000
00000000000000000000000000000010001000000000000000000000000000000000000000000000
00000000000000000000000000000110001000000001111100000000000000000000000000000000
00000000000000000000000000000100001000111110000100000000000000000000000000000000
00000000000000000000000000001000001011100000001100000000000000000000000000000000
00000000000000000000000000011100011100010000011000000000000000000000000000000000
00000000000000000000000000100100010000011000110000000000000000000000000000000000
00000000000000000000000001000100010000001001100000000000000000000000000000000000
00000000000000000000000110000100100000001000000000000000000000000000000000000000
00000000000000000000001100000111100000001000000000000000000000000000000000000000
00000000000000000000110000000011000001000111000000000000000000000000000000000000
00000000000000000011000000000011000001000100110000000000000000000000000000000000
00000000000000001100000000000110000001000100011000000000000000000000000000000000
00000000000000000000000000000010000001000100001100000000000000000000000000000000
00000000000000000000000000000010000001000100000111000000000000000000000000000000
00000000000000000000000000000010000011100100000001100000000000000000000000000000
00000000000000000000000000000010000110100100000000000000000000000000000000000000
00000000000000000000000000000010000100100100000000000000000000000000000000000000
00000000000000000000000000000010000000100100000000000000000000000000000000000000
00000000000000000000000000000010000000010100000000000000000000000000000000000000
00000000000000000000000000000010000000011100000000000000000000000000000000000000
00000000000000000000000000000110000000000000000000000000000000000000000000000000
00000000000000000000000000000110000000000000000000000000000000000000000000000000
00000000000000000000000000000100000000000000000000000000000000000000000000000000
00000000000000000000000000000100000000000000000000000000000000000000000000000000
00000000000000000000000000000000000000000000000000000000000000000000000000000000
00000000000000000000000000000000000000000000000000000000000000000000000000000000
00000000000000000000000000000000000000000000000000000000000000000000000000000000
00000000000000000000000000000000000000000000000000000000000000000000000000000000
00000000000000000000000000000000000000000000000000000000000000000000000000000000
00000000000000000000000000000000000000000000000000000000000000000000000000000000
00000000000000000000000000000000000000000000000000000000000000000000000000000000
00000000000000000000000000000000000000000000000000000000000000000000000000000000
00000000000000000000000000000000000000000000000000000000000000000000000000000000
00000000000000000000000000000000000000000000000000000000000000000000000000000000
00000000000000000000000000000000000000000000000000000000000000000000000000000000
00000000000000000000000000000000000000000000000000000000000000000000000000000000
00000000000000000000000000000000000000000000000000000000000000000000000000000000
00000000000000000000000000000000000000000000000000000000000000000000000000000000
00000000000000000000000000000000000000000000000000000000000000000000000000000000
00000000000000000000000000000000000000000000000000000000000000000000000000000000
