00000000000000000000000000000000000000000000000000000000000000000000000000000000
00000000000000000000000000000000000000000000000000000000000000000000000000000000
00000000000000000000000000000000000000000000000000000000000000000000000000000000
00000000000000000000000000000000000000000000000000000000000000000000000000000000
00000000000000000000000000000000000000000000000000000000000000000000000000000000
00000000000000000000000000000000000000000000000000000000000000000000000000000000
00000000000000000000000000000000000000000000000000000000000000000000000000000000
00000000000000000000000000000000000000000000000000000000000000000000000000000000
00000000000000000000000000000000000000000000000000000000000000000000000000000000
00000000000000000000000001000001000000000000000000000000000000000000000000000000
00000000000000000000000001000001000000000000000000000000000000000000000000000000
00000000000000000000000001000010000000000000000000000000000000000000000000000000
00000000000000000000000001000010000000000000000000000000000000000000000000000000
00000000000000000000000001000010000000111110000000000000000000000000000000000000
00000000000000000000000011000111111111000010000000000000000000000000000000000000
00000000000000000000000010000100000000000010000000000000000000000000000000000000
00000000000000000000000010001100000010000000000000000000000000000000000000000000
00000000000000000000000100001000000011000000000000000000000000000000000000000000
00000000000000000000001100011000000001000000000000000000000000000000000000000000
00000000000000000000001100010000000001000000000000000000000000000000000000000000
00000000000000000000010100110000000001000000000000000000000000000000000000000000
00000000000000000000100101100000000101100000000000000000000000000000000000000000
00000000000000000001000100000000001000101110000000000000000000000000000000000000
00000000000000000011000100000000001000100011000000000000000000000000000000000000
00000000000000001100000100000000010000100000111000000000000000000000000000000000
00000000000000000000000100000000110000100000001111000000000000000000000000000000
00000000000000000000000100000000100000100000000001110000000000000000000000000000
00000000000000000000000100000001000000100000000000000000000000000000000000000000
00000000000000000000000100000011010000100000000000000000000000000000000000000000
00000000000000000000000100000110001000100000000000000000000000000000000000000000
00000000000000000000000100000000001100100000000000000000000000000000000000000000
00000000000000000000000100000000000100100000000000000000000000000000000000000000
00000000000000000000000100000000000011100000000000000000000000000000000000000000
00000000000000000000000100000000000000000000000000000000000000000000000000000000
00000000000000000000000100000000000000000000000000000000000000000000000000000000
00000000000000000000000100000000000000000000000000000000000000000000000000000000
00000000000000000000000100000000000000000000000000000000000000000000000000000000
00000000000000000000000000000000000000000000000000000000000000000000000000000000
00000000000000000000000000000000000000000000000000000000000000000000000000000000
00000000000000000000000000000000000000000000000000000000000000000000000000000000
00000000000000000000000000000000000000000000000000000000000000000000000000000000
00000000000000000000000000000000000000000000000000000000000000000000000000000000
00000000000000000000000000000000000000000000000000000000000000000000000000000000
00000000000000000000000000000000000000000000000000000000000000000000000000000000
00000000000000000000000000000000000000000000000000000000000000000000000000000000
00000000000000000000000000000000000000000000000000000000000000000000000000000000
00000000000000000000000000000000000000000000000000000000000000000000000000000000
00000000000000000000000000000000000000000000000000000000000000000000000000000000
00000000000000000000000000000000000000000000000000000000000000000000000000000000
00000000000000000000000000000000000000000000000000000000000000000000000000000000
00000000000000000000000000000000000000000000000000000000000000000000000000000000
00000000000000000000000000000000000000000000000000000000000000000000000000000000
00000000000000000000000000000000000000000000000000000000000000000000000000000000
00000000000000000000000000000000000000000000000000000000000000000000000000000000
00000000000000000000000000000000000000000000000000000000000000000000000000000000
00000000000000000000000000000000000000000000000000000000000000000000000000000000
00000000000000000000000000000000000000000000000000000000000000000000000000000000
00000000000000000000000000000000000000000000000000000000000000000000000000000000
00000000000000000000000000000000000000000000000000000000000000000000000000000000
00000000000000000000000000000000000000000000000000000000000000000000000000000000
