00000000000000000000000000000000000000000000000000000000000000000000000000000000
00000000000000000000000000000000000000000000000000000000000000000000000000000000
00000000000000000000000000000000000000000000000000000000000000000000000000000000
00000000000000000000000000000000000000000000000000000000000000000000000000000000
00000000000000000000000000000000000000000000000000000000000000000000000000000000
00000000000000000000000000000000000000000000000000000000000000000000000000000000
00000000000000000000000000000000000000000000000000000000000000000000000000000000
00000000000000000000000000000000000000000000000000000000000000000000000000000000
00000000000000000000000000000000000000000000000000000000000000000000000000000000
00000000000000000000000000000000000000000000000000000000000000000000000000000000
00000000000000000000000000000000000000000000000000000000000000000000000000000000
00000000000000000000000000000000000000000000000000000000000000000000000000000000
00000000000000000000000000000000000000000000000000000000000000000000000000000000
00000000000000000000000000000000000000000000000000000000000000000000000000000000
00000000000000000000000000000100000000000000000000000000000000000000000000000000
00000000000000000000000000000100001000000000000000000000000000000000000000000000
00000000000000000000000000000100001000000000000000000000000000000000000000000000
00000000000000000000000000000100001000000000000000000000000000000000000000000000
00000000000000000000000000001100011000000000001000000000000000000000000000000000
00000000000000000000000000001000010000001111111000000000000000000000000000000000
00000000000000000000000000010000010011110000001000000000000000000000000000000000
00000000000000000000000000111000011100100000011000000000000000000000000000000000
00000000000000000000000000101000010000100000100000000000000000000000000000000000
00000000000000000000000001001000010000110000000000000000000000000000000000000000
00000000000000000000000010001000100000010000000000000000000000000000000000000000
00000000000000000000000110001000100000011000000000000000000000000000000000000000
00000000000000000000011100001000100000001000000000000000000000000000000000000000
00000000000000000001110000001001100000001000000000000000000000000000000000000000
00000000000000000111000000000101000000001100100000000000000000000000000000000000
00000000000000000000000000000100000001000100010000000000000000000000000000000000
00000000000000000000000000000100000001000100011000000000000000000000000000000000
00000000000000000000000000000100000010000100001100000000000000000000000000000000
00000000000000000000000000000100000010000100000010000000000000000000000000000000
00000000000000000000000000000100000100000100000011000000000000000000000000000000
00000000000000000000000000000100001100000100000001000000000000000000000000000000
00000000000000000000000000000100001000000100000000110000000000000000000000000000
00000000000000000000000000000100110001000100000000011000000000000000000000000000
00000000000000000000000000000101100001100100000000001100000000000000000000000000
00000000000000000000000000000100000000111100000000000110000000000000000000000000
00000000000000000000000000000100000000011000000000000001000000000000000000000000
00000000000000000000000000000100000000000000000000000000000000000000000000000000
00000000000000000000000000000000000000000000000000000000000000000000000000000000
00000000000000000000000000000000000000000000000000000000000000000000000000000000
00000000000000000000000000000000000000000000000000000000000000000000000000000000
00000000000000000000000000000000000000000000000000000000000000000000000000000000
00000000000000000000000000000000000000000000000000000000000000000000000000000000
00000000000000000000000000000000000000000000000000000000000000000000000000000000
00000000000000000000000000000000000000000000000000000000000000000000000000000000
00000000000000000000000000000000000000000000000000000000000000000000000000000000
00000000000000000000000000000000000000000000000000000000000000000000000000000000
00000000000000000000000000000000000000000000000000000000000000000000000000000000
00000000000000000000000000000000000000000000000000000000000000000000000000000000
00000000000000000000000000000000000000000000000000000000000000000000000000000000
00000000000000000000000000000000000000000000000000000000000000000000000000000000
00000000000000000000000000000000000000000000000000000000000000000000000000000000
00000000000000000000000000000000000000000000000000000000000000000000000000000000
00000000000000000000000000000000000000000000000000000000000000000000000000000000
00000000000000000000000000000000000000000000000000000000000000000000000000000000
00000000000000000000000000000000000000000000000000000000000000000000000000000000
00000000000000000000000000000000000000000000000000000000000000000000000000000000
