00000000000000000000000000000000000000000000000000000000000000000000000000000000
00000000000000000000000000000000000000000000000000000000000000000000000000000000
00000000000000000000000000000000000000000000000000000000000000000000000000000000
00000000000000000000000000000000000000000000000000000000000000000000000000000000
00000000000000000000000000000000000000000000000000000000000000000000000000000000
00000000000000000000000000000000000000000000000000000000000000000000000000000000
00000000000000000000000000000000000000000000000000000000000000000000000000000000
00000000000000000000000000000000000000000000000000000000000000000000000000000000
00000000000000000000000000000000000000000000000000000000000000000000000000000000
00000000000000000000000000000000000000000000000000000000000000000000000000000000
00000000000000000000000000000000000000000000000000000000000000000000000000000000
00000000000000000000000000000000000000000000000000000000000000000000000000000000
00000000000000000000000000000000100100000000000000000000000000000000000000000000
00000000000000000000000000000000100100000000000000000000000000000000000000000000
00000000000000000000000000000000100100000000000000000000000000000000000000000000
00000000000000000000000000000001100100000000111000000000000000000000000000000000
00000000000000000000000000000011001100001111101000000000000000000000000000000000
00000000000000000000000000000110001111111000001000000000000000000000000000000000
00000000000000000000000000000100011100010000011000000000000000000000000000000000
00000000000000000000000000011100001000010001110000000000000000000000000000000000
00000000000000000000000000110100010000010000000000000000000000000000000000000000
00000000000000000000000011100100010000001000000000000000000000000000000000000000
00000000000000000000001110000100110000001000000000000000000000000000000000000000
00000000000000000000000000000100100000001000000000000000000000000000000000000000
00000000000000000000000000000100000000101000000000000000000000000000000000000000
00000000000000000000000000000100000000101100110000000000000000000000000000000000
00000000000000000000000000000100000001100100011000000000000000000000000000000000
00000000000000000000000000000100000001000100000110000000000000000000000000000000
00000000000000000000000000000100000001000100000011000000000000000000000000000000
00000000000000000000000000000100000011000100000000110000000000000000000000000000
00000000000000000000000000000100000010000100000000010000000000000000000000000000
00000000000000000000000000000100000110000010000000000000000000000000000000000000
00000000000000000000000000000100001100000010000000000000000000000000000000000000
00000000000000000000000000000100001000000010000000000000000000000000000000000000
00000000000000000000000000000100011000000010000000000000000000000000000000000000
00000000000000000000000000000100000000000010000000000000000000000000000000000000
00000000000000000000000000000100000000100010000000000000000000000000000000000000
00000000000000000000000000000000000000110010000000000000000000000000000000000000
00000000000000000000000000000000000000011110000000000000000000000000000000000000
00000000000000000000000000000000000000001100000000000000000000000000000000000000
00000000000000000000000000000000000000000000000000000000000000000000000000000000
00000000000000000000000000000000000000000000000000000000000000000000000000000000
00000000000000000000000000000000000000000000000000000000000000000000000000000000
00000000000000000000000000000000000000000000000000000000000000000000000000000000
00000000000000000000000000000000000000000000000000000000000000000000000000000000
00000000000000000000000000000000000000000000000000000000000000000000000000000000
00000000000000000000000000000000000000000000000000000000000000000000000000000000
00000000000000000000000000000000000000000000000000000000000000000000000000000000
00000000000000000000000000000000000000000000000000000000000000000000000000000000
00000000000000000000000000000000000000000000000000000000000000000000000000000000
00000000000000000000000000000000000000000000000000000000000000000000000000000000
00000000000000000000000000000000000000000000000000000000000000000000000000000000
00000000000000000000000000000000000000000000000000000000000000000000000000000000
00000000000000000000000000000000000000000000000000000000000000000000000000000000
00000000000000000000000000000000000000000000000000000000000000000000000000000000
00000000000000000000000000000000000000000000000000000000000000000000000000000000
00000000000000000000000000000000000000000000000000000000000000000000000000000000
00000000000000000000000000000000000000000000000000000000000000000000000000000000
00000000000000000000000000000000000000000000000000000000000000000000000000000000
00000000000000000000000000000000000000000000000000000000000000000000000000000000
