00000000000000000000000000000000000000000000000000000000000000000000000000000000
00000000000000000000000000000000000000000000000000000000000000000000000000000000
00000000000000000000000000000000000000000000000000000000000000000000000000000000
00000000000000000000000000000000000000000000000000000000000000000000000000000000
00000000000000000000000000000000000000000000000000000000000000000000000000000000
00000000000000000000000000000000000000000000000000000000000000000000000000000000
00000000000000000000000000000000000001000000000000000000000000000000000000000000
00000000000000000000000000000000000001000000000000000000000000000000000000000000
00000000000000000000000000000000000001000000000000000000000000000000000000000000
00000000000000000000000000000110000001000000000000000000000000000000000000000000
00000000000000000000000000001110000001000000000000000000000000000000000000000000
00000000000000000000000000001100000001000000000000000000000000000000000000000000
00000000000000000000000000011000000001000000000000000000000000000000000000000000
00000000000000000000000001110000000001000000000000000000000000000000000000000000
00000000000000000000000011000000000001000000000000000000000000000000000000000000
00000000000000000000001110000000000001000000000000000000000000000000000000000000
00000000000000000000111100000000000001000000000000000000000000000000000000000000
00000000000000000011110000000000000001000000000000000001111111110000000000000000
00000000000000000110000111000000000001001111111111111111100000010000000000000000
00000000000000111100000011000000000011111100000000000000000000010000000000000000
00000000000011110000000001000000000011000000000000000000000000110000000000000000
00000000000000000000000001000000000110000000010000000000001111110000000000000000
00000000000000000000000001000000001100000000011011111111111000000000000000000000
00000000000000000000000001000000111000000000001100000000000000000000000000000000
00000000000000000000000001000000110000000000000100000000000000000000000000000000
00000000000000000000000001000001100000000000000100000000000000000000000000000000
00000000000000000000000001000011000000000000000100000000000000000000000000000000
00000000000000000000000001000000000000000000000110000000000000000000000000000000
00000000000000000000000001000000000000110000000110000000000000000000000000000000
00000000000000000000000001000000000000010000000010000000000000000000000000000000
00000000000000000000000001000000000000010000000010000000000000000000000000000000
00000000000000000000000001000000000000010000000010000000000000000000000000000000
00000000000000000000000001000000000000010000000010000000000000000000000000000000
00000000000000000000000001000000000000110000000010000011111111111000000000000000
00000000000000000000000001000000000001110000000010000000000000011110000000000000
00000000000000000000000001000000000011000000000010000000000000000011100000000000
00000000000000000000000001000000000110000000000010000000000000000000110000000000
00000000000000000000000001000000001110000000000010000000000000000000111100000000
00000000000000000000000001000000001111000000000010000000000000000000000110000000
00000000000000000000000001000000111011000000000010000000000000000000000010000000
00000000000000000000000001000001110001100000000010000000000000000000000000000000
00000000000000000000000001000011100001100000000010000000000000000000000000000000
00000000000000000000000001000011000001110000000010000000000000000000000000000000
00000000000000000000000001001110000000110000000010000000000000000000000000000000
00000000000000000000000001011100000000111000000010000000000000000000000000000000
00000000000000000000000001110000000000011000000010000000000000000000000000000000
00000000000000000000000001000000000000001100000010000000000000000000000000000000
00000000000000000000000001000000000000001100000010000000000000000000000000000000
00000000000000000000000001000000000000001100000010000000000000000000000000000000
00000000000000000000000001000000000000000110001110000000000000000000000000000000
00000000000000000000000000000000000000000111111100000000000000000000000000000000
00000000000000000000000000000000000000000000000000000000000000000000000000000000
00000000000000000000000000000000000000000000000000000000000000000000000000000000
00000000000000000000000000000000000000000000000000000000000000000000000000000000
00000000000000000000000000000000000000000000000000000000000000000000000000000000
00000000000000000000000000000000000000000000000000000000000000000000000000000000
00000000000000000000000000000000000000000000000000000000000000000000000000000000
00000000000000000000000000000000000000000000000000000000000000000000000000000000
00000000000000000000000000000000000000000000000000000000000000000000000000000000
00000000000000000000000000000000000000000000000000000000000000000000000000000000
