00000000000000000000000000000000000000000000000000000000000000000000000000000000
00000000000000000000000000000000000000000000000000000000000000000000000000000000
00000000000000000000000000000000000000000000000000000000000000000000000000000000
00000000000000000000000000000000000000000000000000000000000000000000000000000000
00000000000000000000000000000000000000000000000000000000000000000000000000000000
00000000000000000000000000000000000000000000000000000000000000000000000000000000
00000000000000000000000000000000000000000000000000000000000000000000000000000000
00000000000000000000000000000000000000000000000000000000000000000000000000000000
00000000000000000000000000000000000000000000000000000000000000000000000000000000
00000000000000000000000000000000000000000000000000000000000000000000000000000000
00000000000000000000000000000000000000000000000000000000000000000000000000000000
00000000000000000000000000000000000000000000000000000000000000000000000000000000
00000000000000000000000000000000000000000000000000000000000000000000000000000000
00000000000000000000000000000000000000000000000000000000000000000000000000000000
00000000000000000000000000000000000000000000000000000000000000000000000000000000
00000000000000000000000000000000000000000000000000000000000000000000000000000000
00000000000000000000000000000000000000000000000000000000000000000000000000000000
00000000000000000000000000100000000000000000000000000000000000000000000000000000
00000000000000000000000000100000000000000000000000000000000000000000000000000000
00000000000000000000000001100000000000000000000000000000000000000000000000000000
00000000000000000000000001000000000000000000000000000000000000000000000000000000
00000000000000000000000010000000000000000000000000000000000000000000000000000000
00000000000000000000000100000001000000000000000000000000000000000000000000000000
00000000000000000000001100000001000000000000000000000000000000000000000000000000
00000000000000000000011000000001000000000000000000000000000000000000000000000000
00000000000000000000010000000001000000000000000000000000000000000000000000000000
00000000000000000000100000000001000000000000000000000000000000000000000000000000
00000000000000000011000000000001000000000000000000000000000000000000000000000000
00000000000000000010000000000011000000000000011100000000000000000000000000000000
00000000000000000100000000000010000000001111110100000000000000000000000000000000
00000000000000001100000000000010000001111000000100000000000000000000000000000000
00000000000000010110000000000010111110000000001100000000000000000000000000000000
00000000000000100010000000000111000100000000111000000000000000000000000000000000
00000000000011000011000000000100000110000001100000000000000000000000000000000000
00000000000110000001000000001000000011001110000000000000000000000000000000000000
00000000011000000001000000011000000001110000000000000000000000000000000000000000
00000000110000000000100000110000000001100000000000000000000000000000000000000000
00000011000000000000100000100000000000100000000000000000000000000000000000000000
00001100000000000000100001000000000000100000000000000000000000000000000000000000
00111000000000000000100000000000000000010000000000000000000000000000000000000000
00000000000000000000100000000000000000010011000000000000000000000000000000000000
00000000000000000000100000000000100000010000110000000000000000000000000000000000
00000000000000000000100000000000100000011000011000000000000000000000000000000000
00000000000000000000100000000000100000001000001100000000000000000000000000000000
00000000000000000000100000000001100000001000000011000000000000000000000000000000
00000000000000000000100000000001000000001000000001110000000000000000000000000000
00000000000000000000100000000011000000001000000000011100000000000000000000000000
00000000000000000000100000000111000000001000000000000110000000000000000000000000
00000000000000000000100000001001100000001000000000000000000000000000000000000000
00000000000000000000100000110000100000001000000000000000000000000000000000000000
00000000000000000000100001100000100000001000000000000000000000000000000000000000
00000000000000000000100111000000010000001000000000000000000000000000000000000000
00000000000000000000100000000000011000001000000000000000000000000000000000000000
00000000000000000000100000000000001000010000000000000000000000000000000000000000
00000000000000000000100000000000001100110000000000000000000000000000000000000000
00000000000000000000100000000000000110100000000000000000000000000000000000000000
00000000000000000000100000000000000011000000000000000000000000000000000000000000
00000000000000000000100000000000000000000000000000000000000000000000000000000000
00000000000000000000000000000000000000000000000000000000000000000000000000000000
00000000000000000000000000000000000000000000000000000000000000000000000000000000
