00000000000000000000000000000000000000000000000000000000000000000000000000000000
00000000000000000000000000000000000000000000000000000000000000000000000000000000
00000000000000000000000000000000000000000000000000000000000000000000000000000000
00000000000000000000000000000000000000000000000000000000000000000000000000000000
00000000000000000000000000000000000000000000000000000000000000000000000000000000
00000000000000000000000000000000000000000000000000000000000000000000000000000000
00000000000000000000000000000000000000000000000000000000000000000000000000000000
00000000000000000000000000000010000000000000000000000000000000000000000000000000
00000000000000000000000000000010000000000000000000000000000000000000000000000000
00000000000000000000000000000010000000001000000000000000000000000000000000000000
00000000000000000000000000000010000000001000000000000000000000000000000000000000
00000000000000000000000000000110000000011000000000000000000000000000000000000000
00000000000000000000000000000110000000110000000000000000000000000000000000000000
00000000000000000000000000000100000000100000000000000000000000000000000000000000
00000000000000000000000000001100000000100000000000000000000000000000000000000000
00000000000000000000000000011000000001100000000000000000000000000000000000000000
00000000000000000000000000111000000011000000000000111111111000000000000000000000
00000000000000000000000000110000000011000000011111110000011000000000000000000000
00000000000000000000000001100000000110001111110000000000110000000000000000000000
00000000000000000000000011000000001100011100000000000111110000000000000000000000
00000000000000000000000011110000011011111000000011111110000000000000000000000000
00000000000000000000001110010000110000011100001111000000000000000000000000000000
00000000000000000000011100010001110000001110000000000000000000000000000000000000
00000000000000000000111000010011100000000110000000000000000000000000000000000000
00000000000000000000110000011110000000000011000000000000000000000000000000000000
00000000000000000011100000011100000000000011000000000000000000000000000000000000
00000000000000000111000000011000000000000001100000000111100000000000000000000000
00000000000000001110000000010000000000000001100000000000110000000000000000000000
00000000000000011000000000010000000000000000100000000000011000000000000000000000
00000000000001111000000000010000000000010000100000000000011000000000000000000000
00000000000000000000000000010000000000010000110000000000001100000000000000000000
00000000000000000000000000010000000000010000011000000000000110000000000000000000
00000000000000000000000000010000000000010000011000000000000111000000000000000000
00000000000000000000000000010000000000110000001000000000000011000000000000000000
00000000000000000000000000010000000000110000001000000000000001100000000000000000
00000000000000000000000000010000000001100000001000000000000001110000000000000000
00000000000000000000000000010000000001000000001000000000000000011000000000000000
00000000000000000000000000010000000011000000001000000000000000011000000000000000
00000000000000000000000000010000000111000000001000000000000000001100000000000000
00000000000000000000000000010000001100000000001000000000000000000110000000000000
00000000000000000000000000010000001000000000001000000000000000000011000000000000
00000000000000000000000000010000111000000000001000000000000000000001100000000000
00000000000000000000000000010001110000000000001000000000000000000000100000000000
00000000000000000000000000010001100000000000001000000000000000000000000000000000
00000000000000000000000000010011000000000000001000000000000000000000000000000000
00000000000000000000000000010110000000000100001000000000000000000000000000000000
00000000000000000000000000010000000000000100001000000000000000000000000000000000
00000000000000000000000000010000000000000110001000000000000000000000000000000000
00000000000000000000000000010000000000000110001000000000000000000000000000000000
00000000000000000000000000010000000000000011001000000000000000000000000000000000
00000000000000000000000000010000000000000011111000000000000000000000000000000000
00000000000000000000000000010000000000000000000000000000000000000000000000000000
00000000000000000000000000010000000000000000000000000000000000000000000000000000
00000000000000000000000000010000000000000000000000000000000000000000000000000000
00000000000000000000000000010000000000000000000000000000000000000000000000000000
00000000000000000000000000010000000000000000000000000000000000000000000000000000
00000000000000000000000000000000000000000000000000000000000000000000000000000000
00000000000000000000000000000000000000000000000000000000000000000000000000000000
00000000000000000000000000000000000000000000000000000000000000000000000000000000
00000000000000000000000000000000000000000000000000000000000000000000000000000000
