00000000000000000000000000000000000000000000000000000000000000000000000000000000
00000000000000000000000000000000000000000000000000000000000000000000000000000000
00000000000000000000000000000000000000000000000000000000000000000000000000000000
00000000000000000000000000000000000000000000000000000000000000000000000000000000
00000000000000000000000000000000000000000000000000000000000000000000000000000000
00000000000000000000000000000000000000000000000000000000000000000000000000000000
00000000000000000000000000000000000000000000000000000000000000000000000000000000
00000000000000000000000000000000000000000000000000000000000000000000000000000000
00000000000000000000000000000000000000000000000000000000000000000000000000000000
00000000000000000000000000000000000000000000000000000000000000000000000000000000
00000000000000000000000000000000000000000000000000000000000000000000000000000000
00000000000000000000000000000000000000000000000000000000000000000000000000000000
00000000000000000000000000000000000000000000000000000000000000000000000000000000
00000000000000000000000000000000000011000000000000000000000000000000000000000000
00000000000000000000000000000000000001100000000000000000000000000000000000000000
00000000000000000000000000000000000000110000000000000000000000000000000000000000
00000000000000000000000000000000000000000000000000000000000000000000000000000000
00000000000000000000000000000000000000000011111111100000000000000000000000000000
00000000000000000000000000001000000001111110000000110000000000000000000000000000
00000000000000000000000000001011111110000000000000110000000000000000000000000000
00000000000000000000000000001110000000110000000001100000000000000000000000000000
00000000000000000000000000001000000000100000000011000000000000000000000000000000
00000000000000000000000000001000000000100000000000000000000000000000000000000000
00000000000000000000000000001000000001100110000000000000000000000000000000000000
00000000000000000000000000001000000001000011000000000000000000000000000000000000
00000000000000000000000000001000000010000001111000000000000000000000000000000000
00000000000000000000000000001000000110000000000111000000000000000000000000000000
00000000000000000000000000011000000100000000000001100000000000000000000000000000
00000000000000000000000000010000001000000000000000000000000000000000000000000000
00000000000000000000000000000000011001111111110000000000000000000000000000000000
00000000000000000000000000000000000011001000000000000000000000000000000000000000
00000000000000000000000000000000000000001000000000000000000000000000000000000000
00000000000000000000000000000000000000001000000000000000000000000000000000000000
00000000000000000000000000000000000000001000000000000000000000000000000000000000
00000000000000000000000000000000000000000100000000000000000000000000000000000000
00000000000000000000000000000000000000000100000000000000000000000000000000000000
00000000000000000000000000000000000000000100000000000000000000000000000000000000
00000000000000000000000000000000000000000111111111000000000000000000000000000000
00000000000000000000000000000001111111111100000000000000000000000000000000000000
00000000000000000000000000000000000000000000000000000000000000000000000000000000
00000000000000000000000000000000000000000000000000000000000000000000000000000000
00000000000000000000000000000000000000000000000000000000000000000000000000000000
00000000000000000000000000000000000000000000000000000000000000000000000000000000
00000000000000000000000000000000000000000000000000000000000000000000000000000000
00000000000000000000000000000000000000000000000000000000000000000000000000000000
00000000000000000000000000000000000000000000000000000000000000000000000000000000
00000000000000000000000000000000000000000000000000000000000000000000000000000000
00000000000000000000000000000000000000000000000000000000000000000000000000000000
00000000000000000000000000000000000000000000000000000000000000000000000000000000
00000000000000000000000000000000000000000000000000000000000000000000000000000000
00000000000000000000000000000000000000000000000000000000000000000000000000000000
00000000000000000000000000000000000000000000000000000000000000000000000000000000
00000000000000000000000000000000000000000000000000000000000000000000000000000000
00000000000000000000000000000000000000000000000000000000000000000000000000000000
00000000000000000000000000000000000000000000000000000000000000000000000000000000
00000000000000000000000000000000000000000000000000000000000000000000000000000000
00000000000000000000000000000000000000000000000000000000000000000000000000000000
00000000000000000000000000000000000000000000000000000000000000000000000000000000
00000000000000000000000000000000000000000000000000000000000000000000000000000000
00000000000000000000000000000000000000000000000000000000000000000000000000000000
