00000000000000000000000000000000000000000000000000000000000000000000000000000000
00000000000000000000000000000000000000000000000000000000000000000000000000000000
00000000000000000000000000000000000000000000000000000000000000000000000000000000
00000000000000000000000000000000000000000000000000000000000000000000000000000000
00000000000000000000000000000000000000000000000000000000000000000000000000000000
00000000000000000000000000000000000000000000000000000000000000000000000000000000
00000000000000000000000000000000000000000000000000000000000000000000000000000000
00000000000000000000000000000000000000000000000000000000000000000000000000000000
00000000000000000000000000000000000000000000000000000000000000000000000000000000
00000000000000000000000000000000000000000000000000000000000000000000000000000000
00000000000000000000000000000000000000000000000000000000000000000000000000000000
00000000000000000000000000000000000000000000000000000000000000000000000000000000
00000000000000000000000000000000000000000000000000000000000000000000000000000000
00000000000000000000000000000000000000000000000000000000000000000000000000000000
00000000000000000000000000000000000000000000000000000000000000000000000000000000
00000000000000000000000000000010000000000000100000000000000000000000000000000000
00000000000000000000000000000011000011000000100000000000000000000000000000000000
00000000000000000000000000000001000001000000100000000000000000000000000000000000
00000000000000000000000000000000100001100001100000000000000000000000000000000000
00000000000000000000000000000000010000100011000000000000000000000000000000000000
00000000000000000000000000000000011000111100000000000000000000000000000000000000
00000000000000000000000000000000001011100000000000000000000000000000000000000000
00000000000000000000000000000000000010111111111000000000000000000000000000000000
00000000000000000000000000000000000111100000001100000000000000000000000000000000
00000000000000000000000000001111111000000000000100000000000000000000000000000000
00000000000000000000000011011000000000000000001100000000000000000000000000000000
00000000000000000000000001100000000000000000011000000000000000000000000000000000
00000000000000000000000000100000000011110001110000000000000000000000000000000000
00000000000000000000000000110000111100010011000000000000000000000000000000000000
00000000000000000000000000010000000000111100000000000000000000000000000000000000
00000000000000000000000000011000000001100000000000000000000000000000000000000000
00000000000000000000000000001000000001000000000000000000000000000000000000000000
00000000000000000000000000001100000001000000000000000000000000000000000000000000
00000000000000000000000000000100000001000000000000000000000000000000000000000000
00000000000000000000000000000000000001000000000000000000000000000000000000000000
00000000000000000000000000000000000001000000100000000000000000000000000000000000
00000000000000000000000000000011111111111111000000000000000000000000000000000000
00000000000000000000000000000000000000110000000000000000000000000000000000000000
00000000000000000000000000000000000000011000000000000000000000000000000000000000
00000000000000000000000000000000000000001000000000000000000000000000000000000000
00000000000000000000000000000000000000001000000000000000000000000000000000000000
00000000000000000000000000000000000000001000000000000000000000000000000000000000
00000000000000000000000000000000000000001000000000000000000000000000000000000000
00000000000000000000000000000000001000011000000000000000000000000000000000000000
00000000000000000000000000000000001101110000000000000000000000000000000000000000
00000000000000000000000000000000000111000000000000000000000000000000000000000000
00000000000000000000000000000000000000000000000000000000000000000000000000000000
00000000000000000000000000000000000000000000000000000000000000000000000000000000
00000000000000000000000000000000000000000000000000000000000000000000000000000000
00000000000000000000000000000000000000000000000000000000000000000000000000000000
00000000000000000000000000000000000000000000000000000000000000000000000000000000
00000000000000000000000000000000000000000000000000000000000000000000000000000000
00000000000000000000000000000000000000000000000000000000000000000000000000000000
00000000000000000000000000000000000000000000000000000000000000000000000000000000
00000000000000000000000000000000000000000000000000000000000000000000000000000000
00000000000000000000000000000000000000000000000000000000000000000000000000000000
00000000000000000000000000000000000000000000000000000000000000000000000000000000
00000000000000000000000000000000000000000000000000000000000000000000000000000000
00000000000000000000000000000000000000000000000000000000000000000000000000000000
00000000000000000000000000000000000000000000000000000000000000000000000000000000
