00000000000000000000000000000000000000000000000000000000000000000000000000000000
00000000000000000000000000000000000000000000000000000000000000000000000000000000
00000000000000000000000000000000000000000000000000000000000000000000000000000000
00000000000000000000000000000000000000000000000000000000000000000000000000000000
00000000000000000000000000000000000000000000000000000000000000000000000000000000
00000000000000000000000000000000000000000000000000000000000000000000000000000000
00000000000000000000000000000000000000000000000000000000000000000000000000000000
00000000000000000000000000000000000000000000000000000000000000000000000000000000
00000000000000000000000000000000000000000000000000000000000000000000000000000000
00000000000000000000000000000000000000000000000000000000000000000000000000000000
00000000000000000000000000000000000000000000000000000000000000000000000000000000
00000000000000000000000000000000000000000000000000000000000000000000000000000000
00000000000000000000000000000000000000000000000000000000000000000000000000000000
00000000000000000000000000000000000000000000000000000000000000000000000000000000
00000000000000000000000000000000000000000000000000000000000000000000000000000000
00000000000000000000000000000000000000000000000000000000000000000000000000000000
00000000000000000000000000000000000000000000000000000000000000000000000000000000
00000000000000000000000000000000000000000000000000000000000000000000000000000000
00000000000000000000000000000000000000000000000000000000000000000000000000000000
00000000000000000000000000000000000000000000000000000000000000000000000000000000
00000000000000000000000000000000000000000000000000000000000000000000000000000000
00000000000000000000000000000000000000000000000000000000000000000000000000000000
00000000000000000000000000000000000000000000000000000000000000000000000000000000
00000000000000000000000000000000000000000000000000000000000000000000000000000000
00000000000000000000000000000000000000000000000000000000000000000000000000000000
00000000000000000000000000000000000000000000000000000000000000000000000000000000
00000000000000000000000000000000000000000000000000000000000000000000000000000000
00000000000000000000000000000000000000000000000000000000000000000000000000000000
00000000000000000000000000000000000000000000000000000000000000000000000000000000
00000000000000000000000000000000000000000000000000000000000000000100000000000000
00000000000000000000000000000000000000000000000000000000000000000100000000000000
00000000000000000000000000000000000000000000000000000011000000000100000000000000
00000000000000000000000000000000000000000000000001000001100000000100000000000000
00000000000000000000000000000000000000000000000001100000110000000100000000000000
00000000000000000000000000000000000000000000000000110000011000001100000000000000
00000000000000000000000000000000000000000000000000010000001100010000000000000000
00000000000000000000000000000000000000000000000000011000011111111111111000000000
00000000000000000000000000000000000000000000000001111111100000000000001000000000
00000000000000000000000000000000000000000000000000100000000000000000000111000000
00000000000000000000000000000000000000000000000000100000000000000000001100000000
00000000000000000000000000000000000000000000000000100000000000000000000000000000
00000000000000000000000000000000000000000000000000100000000001111100000000000000
00000000000000000000000000000000000000000000000000100000001110000100000000000000
00000000000000000000000000000000000000000000000000100000000000000100000000000000
00000000000000000000000000000000000000000000000000100000000000000100000000000000
00000000000000000000000000000000000000000000000000000000000000001100000000000000
00000000000000000000000000000000000000000000000000000000000000001000000000000000
00000000000000000000000000000000000000000000000000000000000000001000000011111100
00000000000000000000000000000000000000000000000000000000000000011111111100000110
00000000000000000000000000000000000000000000000000001111111111110100000000000000
00000000000000000000000000000000000000000000000000000000000000000100000000000000
00000000000000000000000000000000000000000000000000000000000000000110000000000000
00000000000000000000000000000000000000000000000000000000000000000010000000000000
00000000000000000000000000000000000000000000000000000000000000000010000000000000
00000000000000000000000000000000000000000000000000000000000000000010000000000000
00000000000000000000000000000000000000000000000000000000000000000010000000000000
00000000000000000000000000000000000000000000000000000000000100000010000000000000
00000000000000000000000000000000000000000000000000000000000010000010000000000000
00000000000000000000000000000000000000000000000000000000000001000010000000000000
00000000000000000000000000000000000000000000000000000000000000111100000000000000
