00000000000000000000000000000000000000000000000000000000000000000000000000000000
00000000000000000000000000000000000000000000000000000000000000000000000000000000
00000000000000000000000000000000000000000000000000000000000000000000000000000000
00000000000000000000000000000000000000000000000000000000000000000000000000000000
00000000000000000000000000000000000000000000000000000000000000000000000000000000
00000000000000000000000000000000000000000000000000000000000000000000000000000000
00000000000000000000000000000000000000000000000000000000000000000000000000000000
00000000000000000000000000000000000000000000000000000000000000000000000000000000
00000000000000000000000000000000000000000000000000000000000000000000000000000000
00000000000000000000000000000000000000000000000000000000000000000000000000000000
00000000000000000000000000000000000000000000000000000000000000000000000000000000
00000000000000000000000000000000000000000000000000000000000000000000000000000000
00000000000000000000000000000000000000000000000000000000000000000000000000000000
00000000000000000000000000000000000000110000000000000000000000000000000000000000
00000000000000000000000000000000000000010000000000000000000000000000000000000000
00000000000000000000000000000011100000110000000000000000000000000000000000000000
00000000000000000000000001110000110001100000000000000000000000000000000000000000
00000000000000000000000000011000001011000000000000000000000000000000000000000000
00000000000000000000000000000000001111111100000000000000000000000000000000000000
00000000000000000000000000001111110000000100000000000000000000000000000000000000
00000000000000000000000101111000000000000100000000000000000000000000000000000000
00000000000000000000000111000000000000001000000000000000000000000000000000000000
00000000000000000000000010000000000000010000000000000000000000000000000000000000
00000000000000000000000001000000111100110000000000000000000000000000000000000000
00000000000000000000000001000011100100100000000000000000000000000000000000000000
00000000000000000000000001100000000100000000000000000000000000000000000000000000
00000000000000000000000000100000000100000000000000000000000000000000000000000000
00000000000000000000000000100000000100000000000000000000000000000000000000000000
00000000000000000000000000010000000100111110000000000000000000000000000000000000
00000000000000000000000000010000111111000000000000000000000000000000000000000000
00000000000000000000000000111111000110000000000000000000000000000000000000000000
00000000000000000000000111100000000011000000000000000000000000000000000000000000
00000000000000000000000100000000000001000000000000000000000000000000000000000000
00000000000000000000000000000000000000100000000000000000000000000000000000000000
00000000000000000000000000000000000000110000000000000000000000000000000000000000
00000000000000000000000000000000000000010000000000000000000000000000000000000000
00000000000000000000000000000000000000010000000000000000000000000000000000000000
00000000000000000000000000000000000000110000000000000000000000000000000000000000
00000000000000000000000000000110000011100000000000000000000000000000000000000000
00000000000000000000000000000011111100000000000000000000000000000000000000000000
00000000000000000000000000000000000000000000000000000000000000000000000000000000
00000000000000000000000000000000000000000000000000000000000000000000000000000000
00000000000000000000000000000000000000000000000000000000000000000000000000000000
00000000000000000000000000000000000000000000000000000000000000000000000000000000
00000000000000000000000000000000000000000000000000000000000000000000000000000000
00000000000000000000000000000000000000000000000000000000000000000000000000000000
00000000000000000000000000000000000000000000000000000000000000000000000000000000
00000000000000000000000000000000000000000000000000000000000000000000000000000000
00000000000000000000000000000000000000000000000000000000000000000000000000000000
00000000000000000000000000000000000000000000000000000000000000000000000000000000
00000000000000000000000000000000000000000000000000000000000000000000000000000000
00000000000000000000000000000000000000000000000000000000000000000000000000000000
00000000000000000000000000000000000000000000000000000000000000000000000000000000
00000000000000000000000000000000000000000000000000000000000000000000000000000000
00000000000000000000000000000000000000000000000000000000000000000000000000000000
00000000000000000000000000000000000000000000000000000000000000000000000000000000
00000000000000000000000000000000000000000000000000000000000000000000000000000000
00000000000000000000000000000000000000000000000000000000000000000000000000000000
00000000000000000000000000000000000000000000000000000000000000000000000000000000
00000000000000000000000000000000000000000000000000000000000000000000000000000000
