00000000000000000000000000000000000000000000000000000000000000000000000000000000
00000000000000000000000000000000000000000000000000000000000000000000000000000000
00000000000000000000000000000000000000000000000000000000000000000000000000000000
00000000000000000000000000000000000000000000000000000000000000000000000000000000
00000000000000000000000000000000000000000000000000000000000000000000000000000000
00000000000000000000000000000000000000000000000000000000000000000000000000000000
00000000000000000000000000000000000000000000000000000000000000000000000000000000
00000000000000000000000000000000000000000000000000000000000000000000000000000000
00000000000000000000000000000000000000000000000000000000000000000000000000000000
00000000000000000000000000000000000000000000000000000000000000000000000000000000
00000000000000000000000000000000000000000000000000000000000000000000000000000000
00000000000000000000000000000000011000000010000000000000000000000000000000000000
00000000000000000000000000100000001000000010000000000000000000000000000000000000
00000000000000000000000000110000001100000010000000000000000000000000000000000000
00000000000000000000000000011000000110000110000000000000000000000000000000000000
00000000000000000000000000000100000011001100000000000000000000000000000000000000
00000000000000000000000000000011000001111000000000000000000000000000000000000000
00000000000000000000000000000001000001100000011100000000000000000000000000000000
00000000000000000000000000000000001111011111110100000000000000000000000000000000
00000000000000000000000000000000001111110000001100000000000000000000000000000000
00000000000000000000000001111111111000000000011000000000000000000000000000000000
00000000000000000000000001000000000000000001100000000000000000000000000000000000
00000000000000000000000001000000000011110110000000000000000000000000000000000000
00000000000000000000000001000001111100010000000000000000000000000000000000000000
00000000000000000000000001000000000000110000000000000000000000000000000000000000
00000000000000000000000000100000000001100000000000000000000000000000000000000000
00000000000000000000000000100000000001000000000000000000000000000000000000000000
00000000000000000000000000110000000001000000000000000000000000000000000000000000
00000000000000000000000000010000000001000000000000000000000000000000000000000000
00000000000000000000000000010000000001000000000111100000000000000000000000000000
00000000000000000000000000000000000001100111111000000000000000000000000000000000
00000000000000000000000000000000111111111100000000000000000000000000000000000000
00000000000000000000000000001111000000010000000000000000000000000000000000000000
00000000000000000000000000000000000000010000000000000000000000000000000000000000
00000000000000000000000000000000000000011000000000000000000000000000000000000000
00000000000000000000000000000000000000001000000000000000000000000000000000000000
00000000000000000000000000000000000000001000000000000000000000000000000000000000
00000000000000000000000000000000000000011000000000000000000000000000000000000000
00000000000000000000000000000100000000110000000000000000000000000000000000000000
00000000000000000000000000000011111111100000000000000000000000000000000000000000
00000000000000000000000000000000000000000000000000000000000000000000000000000000
00000000000000000000000000000000000000000000000000000000000000000000000000000000
00000000000000000000000000000000000000000000000000000000000000000000000000000000
00000000000000000000000000000000000000000000000000000000000000000000000000000000
00000000000000000000000000000000000000000000000000000000000000000000000000000000
00000000000000000000000000000000000000000000000000000000000000000000000000000000
00000000000000000000000000000000000000000000000000000000000000000000000000000000
00000000000000000000000000000000000000000000000000000000000000000000000000000000
00000000000000000000000000000000000000000000000000000000000000000000000000000000
00000000000000000000000000000000000000000000000000000000000000000000000000000000
00000000000000000000000000000000000000000000000000000000000000000000000000000000
00000000000000000000000000000000000000000000000000000000000000000000000000000000
00000000000000000000000000000000000000000000000000000000000000000000000000000000
00000000000000000000000000000000000000000000000000000000000000000000000000000000
00000000000000000000000000000000000000000000000000000000000000000000000000000000
00000000000000000000000000000000000000000000000000000000000000000000000000000000
00000000000000000000000000000000000000000000000000000000000000000000000000000000
00000000000000000000000000000000000000000000000000000000000000000000000000000000
00000000000000000000000000000000000000000000000000000000000000000000000000000000
00000000000000000000000000000000000000000000000000000000000000000000000000000000
