00000000000000000000000000000000000000000000000000000000000000000000000000000000
00000000000000000000000000000000000000000000000000000000000000000000000000000000
00000000000000000000000000000000000000000000000000000000000000000000000000000000
00000000000000000000000000000000000000000000000000000000000000000000000000000000
00000000000000000000000000000000000000000000000000000000000000000000000000000000
00000000000000000000000000000000000000000000000000000000000000000000000000000000
00000000000000000000000000000000000000000000000000000000000000000000000000000000
00000000000000000000000000000000000000000000000000000000000000000000000000000000
00000000000000000000000000000000000000000000000000000000000000000000000000000000
00000000000000000000000000000000000010000000000100000000000000000000000000000000
00000000000000000000000000000100000011000000001100000000000000000000000000000000
00000000000000000000000000000110000001100000001000000000000000000000000000000000
00000000000000000000000000000001100000110000010000000000000000000000000000000000
00000000000000000000000000000000111000011011100001111110000000000000000000000000
00000000000000000000000000000000001000000111111110000110000000000000000000000000
00000000000000000000000000000000000000111111000000001100000000000000000000000000
00000000000000000000000000000001011111100000000000111000000000000000000000000000
00000000000000000000000000000001100000000000000011000000000000000000000000000000
00000000000000000000000000000001000000000000001110000000000000000000000000000000
00000000000000000000000000000001000000011111000000000000000000000000000000000000
00000000000000000000000000000001000111100001000000000000000000000000000000000000
00000000000000000000000000000001000000000001000000000000000000000000000000000000
00000000000000000000000000000001000000000001000000000000000000000000000000000000
00000000000000000000000000000001100000000011000000000011100000000000000000000000
00000000000000000000000000000000100000000010000011111100000000000000000000000000
00000000000000000000000000000000000000000110011100000000000000000000000000000000
00000000000000000000000000000000000000000111100000000000000000000000000000000000
00000000000000000000000000000000000000011111000000000000000000000000000000000000
00000000000000000000000000000000000111100001100000000000000000000000000000000000
00000000000000000000000000000000011100000000011000000000000000000000000000000000
00000000000000000000000000000000010000000000001100000000000000000000000000000000
00000000000000000000000000000000000000000000000100000000000000000000000000000000
00000000000000000000000000000000000000000000000100000000000000000000000000000000
00000000000000000000000000000000000000000000011000000000000000000000000000000000
00000000000000000000000000000000000111111111110000000000000000000000000000000000
00000000000000000000000000000000000000000000000000000000000000000000000000000000
00000000000000000000000000000000000000000000000000000000000000000000000000000000
00000000000000000000000000000000000000000000000000000000000000000000000000000000
00000000000000000000000000000000000000000000000000000000000000000000000000000000
00000000000000000000000000000000000000000000000000000000000000000000000000000000
00000000000000000000000000000000000000000000000000000000000000000000000000000000
00000000000000000000000000000000000000000000000000000000000000000000000000000000
00000000000000000000000000000000000000000000000000000000000000000000000000000000
00000000000000000000000000000000000000000000000000000000000000000000000000000000
00000000000000000000000000000000000000000000000000000000000000000000000000000000
00000000000000000000000000000000000000000000000000000000000000000000000000000000
00000000000000000000000000000000000000000000000000000000000000000000000000000000
00000000000000000000000000000000000000000000000000000000000000000000000000000000
00000000000000000000000000000000000000000000000000000000000000000000000000000000
00000000000000000000000000000000000000000000000000000000000000000000000000000000
00000000000000000000000000000000000000000000000000000000000000000000000000000000
00000000000000000000000000000000000000000000000000000000000000000000000000000000
00000000000000000000000000000000000000000000000000000000000000000000000000000000
00000000000000000000000000000000000000000000000000000000000000000000000000000000
00000000000000000000000000000000000000000000000000000000000000000000000000000000
00000000000000000000000000000000000000000000000000000000000000000000000000000000
00000000000000000000000000000000000000000000000000000000000000000000000000000000
00000000000000000000000000000000000000000000000000000000000000000000000000000000
00000000000000000000000000000000000000000000000000000000000000000000000000000000
00000000000000000000000000000000000000000000000000000000000000000000000000000000
