00000000000000000000000000000000000000000000000000000000000000000000000000000000
00000000000000000000000000000000000000000000000000000000000000000000000000000000
00000000000000000000000000000000000000000000000000000000000000000000000000000000
00000000000000000000000000000000000000000000000000000000000000000000000000000000
00000000000000000000000000000000000000000000000000000000000000000000000000000000
00000000000000000000000000000000000000000000000000000000000000000000000000000000
00000000000000000000000000000000000000000000000000000000000000000000000000000000
00000000000000000000000000000000000000000000000000000000000000000000000000000000
00000000000000000000000000000000000000000000000000000000000000000000000000000000
00000000000000000000000000000000000000000000000000000000000000000000000000000000
00000000000000000000000000000000000000000000000000000000000000000000000000000000
00000000000000000000000000000000000000000000000000000000000000000000000000000000
00000000000000000000000000000000000000000000000000000000000000000000000000000000
00000000000000000000000000000000000000000000000000000000000000000000000000000000
00000000000000000000000000000000000000000001000000000000000000000000000000000000
00000000000000000000000000000000000000000001000000000000000000000000000000000000
00000000000000000000000000000000010000000001000000000000000000000000000000000000
00000000000000000000000000000000001000000011000000000000000000000000000000000000
00000000000000000000000000001100000100000110000000000000000000000000000000000000
00000000000000000000000000000110000110000100000000000000000000000000000000000000
00000000000000000000000000000011000011111111111000000000000000000000000000000000
00000000000000000000000000000011111111000000110000000000000000000000000000000000
00000000000000000000000000000100000000000011100000000000000000000000000000000000
00000000000000000000000000000100000000011110000000000000000000000000000000000000
00000000000000000000000000000100001111110100000000000000000000000000000000000000
00000000000000000000000000000100000000001100000000000000000000000000000000000000
00000000000000000000000000000100000000110000000000000000000000000000000000000000
00000000000000000000000000000100000001100000000000000000000000000000000000000000
00000000000000000000000000000110000001100000011111100000000000000000000000000000
00000000000000000000000000000000000000110011110000000000000000000000000000000000
00000000000000000000000000000000000000111100000000000000000000000000000000000000
00000000000000000000000000000000000111100110000000000000000000000000000000000000
00000000000000000000000000000011111100000001000000000000000000000000000000000000
00000000000000000000000000000000000000000000100000000000000000000000000000000000
00000000000000000000000000000000000000000000010000000000000000000000000000000000
00000000000000000000000000000000000000000000011000000000000000000000000000000000
00000000000000000000000000000000001100000000001000000000000000000000000000000000
00000000000000000000000000000000000100000000001000000000000000000000000000000000
00000000000000000000000000000000000010000000001000000000000000000000000000000000
00000000000000000000000000000000000001000000001000000000000000000000000000000000
00000000000000000000000000000000000000110000010000000000000000000000000000000000
00000000000000000000000000000000000000011001110000000000000000000000000000000000
00000000000000000000000000000000000000001111000000000000000000000000000000000000
00000000000000000000000000000000000000000000000000000000000000000000000000000000
00000000000000000000000000000000000000000000000000000000000000000000000000000000
00000000000000000000000000000000000000000000000000000000000000000000000000000000
00000000000000000000000000000000000000000000000000000000000000000000000000000000
00000000000000000000000000000000000000000000000000000000000000000000000000000000
00000000000000000000000000000000000000000000000000000000000000000000000000000000
00000000000000000000000000000000000000000000000000000000000000000000000000000000
00000000000000000000000000000000000000000000000000000000000000000000000000000000
00000000000000000000000000000000000000000000000000000000000000000000000000000000
00000000000000000000000000000000000000000000000000000000000000000000000000000000
00000000000000000000000000000000000000000000000000000000000000000000000000000000
00000000000000000000000000000000000000000000000000000000000000000000000000000000
00000000000000000000000000000000000000000000000000000000000000000000000000000000
00000000000000000000000000000000000000000000000000000000000000000000000000000000
00000000000000000000000000000000000000000000000000000000000000000000000000000000
00000000000000000000000000000000000000000000000000000000000000000000000000000000
00000000000000000000000000000000000000000000000000000000000000000000000000000000
