00000000000000000000000000000000000000000000000000000000000000000000000000000000
00000000000000000000000000000000000000000000000000000000000000000000000000000000
00000000000000000000000000000000000000000000000000000000000000000000000000000000
00000000000000000000000000000000000000000000000000000000000000000000000000000000
00000000000000000000000000000000000000000000000000000000000000000000000000000000
00000000000000000000000000000000000000000000000000000000000000000000000000000000
00000000000000000000000000000000000000000000000000000000000000000000000000000000
00000000000000000000000000000000000000000000000000000000000000000000000000000000
00000000000000000000000000000000000000000000000000000000000000000000000000000000
00000000000000000000000000000000000000000000100000000000000000000000000000000000
00000000000000000000000000000000000100000000100000000000000000000000000000000000
00000000000000000000000000011000000100000000100000000000000000000000000000000000
00000000000000000000000000001000000010000000100000000000000000000000000000000000
00000000000000000000000000000100000011000000100000000000000000000000000000000000
00000000000000000000000000000110000001000001000000000000000000000000000000000000
00000000000000000000000000000010000001100011000000000000000000000000000000000000
00000000000000000000000000000001000000000110000000000000000000000000000000000000
00000000000000000000000000000001100000011111111000000000000000000000000000000000
00000000000000000000000000100000111111110000001000000000000000000000000000000000
00000000000000000000000000101111100000000000011000000000000000000000000000000000
00000000000000000000000000100000000000000000100000000000000000000000000000000000
00000000000000000000000000100000000000000011000000000000000000000000000000000000
00000000000000000000000000100000000111111110000000000000000000000000000000000000
00000000000000000000000000100000111001111000000000000000000000000000000000000000
00000000000000000000000000100000000000001000000000000000000000000000000000000000
00000000000000000000000000010000000000011000000000000000000000000000000000000000
00000000000000000000000000010000000000010000000000000000000000000000000000000000
00000000000000000000000000010000000000100000000000000000000000000000000000000000
00000000000000000000000000010000000001100000000110000000000000000000000000000000
00000000000000000000000000011000000001000001111100000000000000000000000000000000
00000000000000000000000000000000000011111110000000000000000000000000000000000000
00000000000000000000000000000111111100110000000000000000000000000000000000000000
00000000000000000000000000000000000000011000000000000000000000000000000000000000
00000000000000000000000000000000000000001000000000000000000000000000000000000000
00000000000000000000000000000000000000001100000000000000000000000000000000000000
00000000000000000000000000000000000000000100000000000000000000000000000000000000
00000000000000000000000000000000000000000010000000000000000000000000000000000000
00000000000000000000000000000000000000000010000000000000000000000000000000000000
00000000000000000000000000000000100000000010000000000000000000000000000000000000
00000000000000000000000000000000011000000010000000000000000000000000000000000000
00000000000000000000000000000000000110001110000000000000000000000000000000000000
00000000000000000000000000000000000001111000000000000000000000000000000000000000
00000000000000000000000000000000000000000000000000000000000000000000000000000000
00000000000000000000000000000000000000000000000000000000000000000000000000000000
00000000000000000000000000000000000000000000000000000000000000000000000000000000
00000000000000000000000000000000000000000000000000000000000000000000000000000000
00000000000000000000000000000000000000000000000000000000000000000000000000000000
00000000000000000000000000000000000000000000000000000000000000000000000000000000
00000000000000000000000000000000000000000000000000000000000000000000000000000000
00000000000000000000000000000000000000000000000000000000000000000000000000000000
00000000000000000000000000000000000000000000000000000000000000000000000000000000
00000000000000000000000000000000000000000000000000000000000000000000000000000000
00000000000000000000000000000000000000000000000000000000000000000000000000000000
00000000000000000000000000000000000000000000000000000000000000000000000000000000
00000000000000000000000000000000000000000000000000000000000000000000000000000000
00000000000000000000000000000000000000000000000000000000000000000000000000000000
00000000000000000000000000000000000000000000000000000000000000000000000000000000
00000000000000000000000000000000000000000000000000000000000000000000000000000000
00000000000000000000000000000000000000000000000000000000000000000000000000000000
00000000000000000000000000000000000000000000000000000000000000000000000000000000
