00000000000000000000000000000000000000000000000000000000000000000000000000000000
00000000000000000000000000000000000000000000000000000000000000000000000000000000
00000000000000000000000000000000000000000000000000000000000000000000000000000000
00000000000000000000000000000000000000000000000000000000000000000000000000000000
00000000000000000000000000000000000000000000000000000000000000000000000000000000
00000000000000000000000000000000000000000000000000000000000000000000000000000000
00000000000000000000000000000000000000000000000000000000000000000000000000000000
00000000000000000000000000000000000000000000000000000000000000000000000000000000
00000000000000000000000000000000000000000000000000000000000000000000000000000000
00000000000000000000000000000000000000000000000000000000000000000000000000000000
00000000000000000000000000000000000000000000000000000000000000000000000000000000
00000000000000000000000000000000000000000000000000000000000000000000000000000000
00000000000000000000000000000000000000000000000000000000000000000000000000000000
00000000000000000000000000000000000000000000000000000000000000000000000000000000
00000000000000000000000000000000000000000000000000000000000000000000000000000000
00000000000000000000000000000000000000000000000000000000000000000000000000000000
00000000000000000000000000000000000000000000000000000000000000000000000000000000
00000000000000000000000000000000000000000000000000000000000000000000000000000000
00000000000000000000000000000000000000000000000000000000000000000000000000000000
00000000000000000000000000000000000000000000000000000000000000000000000000000000
00000000000000000000000000000000000000000000000000000000000000000000000000000000
00000000000000000000000000000000000000000000000000000000000000000000000000000000
00000000000000000000000000000000000000000000000000000000000000000000000000000000
00000000000000000000000000000000000000000000000000000000000000000000000000000000
00000000000000000000000000000000000000000000000000000000000000000000000000000000
00000000000000000000000000000000000000000000000000000000000000000000000000000000
00000000000000000000000000000000000000000000000000000000000000000000000000000000
00000000000000000000000000000000000000000000000000000000000000000000000000000000
00000000000000000000000000000000000000000000000000000000000000000000000000000000
00000000000000000000100000000000000000000000000000000000000000000000000000000000
00000000000000000000100000000000000000000000000000000000000000000000000000000000
00000000011000000000100000000000000000000000000000000000000000000000000000000000
00001000001100000000100000000000000000000000000000000000000000000000000000000000
00001100000110000000100000000000000000000000000000000000000000000000000000000000
00000110000011000001100000000000000000000000000000000000000000000000000000000000
00000010000001100010000000000000000000000000000000000000000000000000000000000000
00000011000011111111111111000000000000000000000000000000000000000000000000000000
00001111111100000000000001000000000000000000000000000000000000000000000000000000
00100000000000000000000111000000000000000000000000000000000000000000000000000000
00100000000000000000001100000000000000000000000000000000000000000000000000000000
00100000000000000000000000000000000000000000000000000000000000000000000000000000
00100000000001111100000000000000000000000000000000000000000000000000000000000000
00100000001110000100000000000000000000000000000000000000000000000000000000000000
00100000000000000100000000000000000000000000000000000000000000000000000000000000
00100000000000000100000000000000000000000000000000000000000000000000000000000000
00000000000000001100000000000000000000000000000000000000000000000000000000000000
00000000000000001000000000000000000000000000000000000000000000000000000000000000
00000000000000001000000011111100000000000000000000000000000000000000000000000000
00000000000000011111111100000110000000000000000000000000000000000000000000000000
00001111111111110100000000000000000000000000000000000000000000000000000000000000
00000000000000000100000000000000000000000000000000000000000000000000000000000000
00000000000000000110000000000000000000000000000000000000000000000000000000000000
00000000000000000010000000000000000000000000000000000000000000000000000000000000
00000000000000000010000000000000000000000000000000000000000000000000000000000000
00000000000000000010000000000000000000000000000000000000000000000000000000000000
00000000000000000010000000000000000000000000000000000000000000000000000000000000
00000000000100000010000000000000000000000000000000000000000000000000000000000000
00000000000010000010000000000000000000000000000000000000000000000000000000000000
00000000000001000010000000000000000000000000000000000000000000000000000000000000
00000000000000111100000000000000000000000000000000000000000000000000000000000000
