00000000000000000000000000000000000000000000000000000000000000000000000000000000
00000000000000000000000000000000000000000000000000000000000000000000000000000000
00000000000000000000000000000000000000000000000000000000000000000000000000000000
00000000000000000000000000000000000000000000000000000000000000000000000000000000
00000000000000000000000000000000000000000000000000000000000000000000000000000000
00000000000000000000000000000000000000000000000000000000000000000000000000000000
00000000000000000000000000000000000000000000000000000000000000000000000000000000
00000000000000000000000000000000000000000000000000000000000000000000000000000000
00000000000000000000000000000000000000000000000000000000000000000000000000000000
00000000000000000000000000000000000000000000000000000000000000000000000000000000
00000000000000000000000000000000000000000000000000000000000000000000000000000000
00000000000000000000000000000000000000000000000000000000000000000000000000000000
00000000000000000000000000000000000000000000000000000000000000000000000000000000
00000000000000000000000000000000000000000001000000000000000000000000000000000000
00000000000000000000000000010000011000000011000000000000000000000000000000000000
00000000000000000000000000010000001000000110000000000000000000000000000000000000
00000000000000000000000000011000001100001100000000000000000000000000000000000000
00000000000000000000000000001000000100011000000000000000000000000000000000000000
00000000000000000000000000001100000110110000000000000000000000000000000000000000
00000000000000000000000000000110000011100000000000000000000000000000000000000000
00000000000000000000000000000010000011000000000000000000000000000000000000000000
00000000000000000000001011111111111111111111000000000000000000000000000000000000
00000000000000000000001000000000000000000001000000000000000000000000000000000000
00000000000000000000001000000000000000000011000000000000000000000000000000000000
00000000000000000000001000000000000000011100000000000000000000000000000000000000
00000000000000000000001000000000000001110000000000000000000000000000000000000000
00000000000000000000001000001111111110000000000000000000000000000000000000000000
00000000000000000000001000000000000110000000000000000000000000000000000000000000
00000000000000000000000100000000011000000000000000000000000000000000000000000000
00000000000000000000000100000000100000000000000000000000000000000000000000000000
00000000000000000000000000000000100000000000000000000000000000000000000000000000
00000000000000000000000000000000010000000000000000000000000000000000000000000000
00000000000000000000000000000000011000000000000000000000000000000000000000000000
00000000000000000000000000000011111111111111110000000000000000000000000000000000
00000000000000000000000000111100001000000000000000000000000000000000000000000000
00000000000000000000000000000000001000000000000000000000000000000000000000000000
00000000000000000000000000000000001000000000000000000000000000000000000000000000
00000000000000000000000000000100000100000000000000000000000000000000000000000000
00000000000000000000000000000110001100000000000000000000000000000000000000000000
00000000000000000000000000000011001000000000000000000000000000000000000000000000
00000000000000000000000000000001111000000000000000000000000000000000000000000000
00000000000000000000000000000000000000000000000000000000000000000000000000000000
00000000000000000000000000000000000000000000000000000000000000000000000000000000
00000000000000000000000000000000000000000000000000000000000000000000000000000000
00000000000000000000000000000000000000000000000000000000000000000000000000000000
00000000000000000000000000000000000000000000000000000000000000000000000000000000
00000000000000000000000000000000000000000000000000000000000000000000000000000000
00000000000000000000000000000000000000000000000000000000000000000000000000000000
00000000000000000000000000000000000000000000000000000000000000000000000000000000
00000000000000000000000000000000000000000000000000000000000000000000000000000000
00000000000000000000000000000000000000000000000000000000000000000000000000000000
00000000000000000000000000000000000000000000000000000000000000000000000000000000
00000000000000000000000000000000000000000000000000000000000000000000000000000000
00000000000000000000000000000000000000000000000000000000000000000000000000000000
00000000000000000000000000000000000000000000000000000000000000000000000000000000
00000000000000000000000000000000000000000000000000000000000000000000000000000000
00000000000000000000000000000000000000000000000000000000000000000000000000000000
00000000000000000000000000000000000000000000000000000000000000000000000000000000
00000000000000000000000000000000000000000000000000000000000000000000000000000000
00000000000000000000000000000000000000000000000000000000000000000000000000000000
