00000000000000000000000000000000000000000000000000000000000000000000000000000000
00000000000000000000000000000000000000000000000000000000000000000000000000000000
00000000000000000000000000000000000000000000000000000000000000000000000000000000
00000000000000000000000000000000000000000000000000000000000000000000000000000000
00000000000000000000000000000000000000000000000000000000000000000000000000000000
00000000000000000000000000000000000000000000000000000000000000000000000000000000
00000000000000000000000000000000000000000000000000000000000000000000000000000000
00000000000000000000000000000000000000000000000000000000000000000000000000000000
00000000000000000000000000000000000000000000000000000000000000000000000000000000
00000000000000000000000000000000000000000000000000000000000000000000000000000000
00000000000000000000000000000000000000000000000000000000000000000000000000000000
00000000000000000000000000000000000000000010000000000000000000000000000000000000
00000000000000000000000000000000000000000010000000000000000000000000000000000000
00000000000000000000000000001000001100000010000000000000000000000000000000000000
00000000000000000000000000001100000110000010000000000000000000000000000000000000
00000000000000000000000000000110000011100110000000000000000000000000000000000000
00000000000000000000000000000011100000110100111000000000000000000000000000000000
00000000000000000000000000000000110000001111101000000000000000000000000000000000
00000000000000000000000000000000001111111000010000000000000000000000000000000000
00000000000000000000000000000111110000100000110000000000000000000000000000000000
00000000000000000000000000001000000000000000100000000000000000000000000000000000
00000000000000000000000000001000000000000001000000000000000000000000000000000000
00000000000000000000000000001000000000000110000000000000000000000000000000000000
00000000000000000000000000001000000111001100000000000000000000000000000000000000
00000000000000000000000000001000000001110000000000000000000000000000000000000000
00000000000000000000000000000100000000100000000000000001100000000000000000000000
00000000000000000000000000000100000000100000000000000111000000000000000000000000
00000000000000000000000000000010000000100000000000111000000000000000000000000000
00000000000000000000000000000000000000100000000110000000000000000000000000000000
00000000000000000000000000000000000000100000111000000000000000000000000000000000
00000000000000000000000000000000000000100101000000000000000000000000000000000000
00000000000000000000000000000000000000111000000000000000000000000000000000000000
00000000000000000000000000000000001111010000000000000000000000000000000000000000
00000000000000000000000000000000110000011100000000000000000000000000000000000000
00000000000000000000000000000000000000000110000000000000000000000000000000000000
00000000000000000000000000000000000000000010000000000000000000000000000000000000
00000000000000000000000000000000000000000010000000000000000000000000000000000000
00000000000000000000000000000000001100000110000000000000000000000000000000000000
00000000000000000000000000000000000111111100000000000000000000000000000000000000
00000000000000000000000000000000000000000000000000000000000000000000000000000000
00000000000000000000000000000000000000000000000000000000000000000000000000000000
00000000000000000000000000000000000000000000000000000000000000000000000000000000
00000000000000000000000000000000000000000000000000000000000000000000000000000000
00000000000000000000000000000000000000000000000000000000000000000000000000000000
00000000000000000000000000000000000000000000000000000000000000000000000000000000
00000000000000000000000000000000000000000000000000000000000000000000000000000000
00000000000000000000000000000000000000000000000000000000000000000000000000000000
00000000000000000000000000000000000000000000000000000000000000000000000000000000
00000000000000000000000000000000000000000000000000000000000000000000000000000000
00000000000000000000000000000000000000000000000000000000000000000000000000000000
00000000000000000000000000000000000000000000000000000000000000000000000000000000
00000000000000000000000000000000000000000000000000000000000000000000000000000000
00000000000000000000000000000000000000000000000000000000000000000000000000000000
00000000000000000000000000000000000000000000000000000000000000000000000000000000
00000000000000000000000000000000000000000000000000000000000000000000000000000000
00000000000000000000000000000000000000000000000000000000000000000000000000000000
00000000000000000000000000000000000000000000000000000000000000000000000000000000
00000000000000000000000000000000000000000000000000000000000000000000000000000000
00000000000000000000000000000000000000000000000000000000000000000000000000000000
00000000000000000000000000000000000000000000000000000000000000000000000000000000
