00000000000000000000000000000000000000000000000000000000000000000000000000000000
00000000000000000000000000000000000000000000000000000000000000000000000000000000
00000000000000000000000000000000000000000000000000000000000000000000000000000000
00000000000000000000000000000000000000000000000000000000000000000000000000000000
00000000000000000000000000000000000000000000000000000000000000000000000000000000
00000000000000000000000000000000000000000000000000000000000000000000000000000000
00000000000000000000000000000000000000000000000000000000000000000000000000000000
00000000000000000000000000000000000000000000000000000000000000000000000000000000
00000000000000000000000000000000000000000000000000000000000000000000000000000000
00000000000000000000000000000000000000000000000000000000000000000000000000000000
00000000000000000000000000000000000000000000000000000000000000000000000000000000
00000000000000000000000000000000000000000000000000000000000000000000000000000000
00000000000000000000000000000000000000000000000000000000000000000000000000000000
00000000000000000000000000000000000000000100000000000000000000000000000000000000
00000000000000000000000000000000000000001100000000000000000000000000000000000000
00000000000000000000000000110000110000011000000000000000000000000000000000000000
00000000000000000000000000010000010000110000000000000000000000000000000000000000
00000000000000000000000000011000001001100000000000000000000000000000000000000000
00000000000000000000000000001100000100111000000000000000000000000000000000000000
00000000000000000000000000000110111111001000000000000000000000000000000000000000
00000000000000000000000000100111000000001000000000000000000000000000000000000000
00000000000000000000000000111000000001001000000000000000000000000000000000000000
00000000000000000000000000100000001111110000000000000000000000000000000000000000
00000000000000000000000000100001110001000000000000000000000000000000000000000000
00000000000000000000000000101110000011000000000000000000000000000000000000000000
00000000000000000000000000100000000110000001000000000000000000000000000000000000
00000000000000000000000000100000000100001110000000000000000000000000000000000000
00000000000000000000000000010000000101110000000000000000000000000000000000000000
00000000000000000000000000010000001110000000000000000000000000000000000000000000
00000000000000000000000000010000011010000000000000000000000000000000000000000000
00000000000000000000000000000011100011000000000000000000000000000000000000000000
00000000000000000000000000001110000001000000000000000000000000000000000000000000
00000000000000000000000000001000000000100000000000000000000000000000000000000000
00000000000000000000000000000000000000110000000000000000000000000000000000000000
00000000000000000000000000000000000000010000000000000000000000000000000000000000
00000000000000000000000000000000000000110000000000000000000000000000000000000000
00000000000000000000000000000010000001100000000000000000000000000000000000000000
00000000000000000000000000000011111111000000000000000000000000000000000000000000
00000000000000000000000000000000000000000000000000000000000000000000000000000000
00000000000000000000000000000000000000000000000000000000000000000000000000000000
00000000000000000000000000000000000000000000000000000000000000000000000000000000
00000000000000000000000000000000000000000000000000000000000000000000000000000000
00000000000000000000000000000000000000000000000000000000000000000000000000000000
00000000000000000000000000000000000000000000000000000000000000000000000000000000
00000000000000000000000000000000000000000000000000000000000000000000000000000000
00000000000000000000000000000000000000000000000000000000000000000000000000000000
00000000000000000000000000000000000000000000000000000000000000000000000000000000
00000000000000000000000000000000000000000000000000000000000000000000000000000000
00000000000000000000000000000000000000000000000000000000000000000000000000000000
00000000000000000000000000000000000000000000000000000000000000000000000000000000
00000000000000000000000000000000000000000000000000000000000000000000000000000000
00000000000000000000000000000000000000000000000000000000000000000000000000000000
00000000000000000000000000000000000000000000000000000000000000000000000000000000
00000000000000000000000000000000000000000000000000000000000000000000000000000000
00000000000000000000000000000000000000000000000000000000000000000000000000000000
00000000000000000000000000000000000000000000000000000000000000000000000000000000
00000000000000000000000000000000000000000000000000000000000000000000000000000000
00000000000000000000000000000000000000000000000000000000000000000000000000000000
00000000000000000000000000000000000000000000000000000000000000000000000000000000
00000000000000000000000000000000000000000000000000000000000000000000000000000000
