00000000000000000000000000000000000000000000000000000000000000000000000000000000
00000000000000000000000000000000000000000000000000000000000000000000000000000000
00000000000000000000000000000000000000000000000000000000000000000000000000000000
00000000000000000000000000000000000000000000000000000000000000000000000000000000
00000000000000000000000000000000000000000000000000000000000000000000000000000000
00000000000000000000000000000000000000000000000000000000000000000000000000000000
00000000000000000000000000000000000000000000000000000000000000000000000000000000
00000000000000000000000000000000000000000000000000000000000000000000000000000000
00000000000000000000000000000000000000000000000000000000000000000000000000000000
00000000000000000000000000000000000000000000000000000000000000000000000000000000
00000000000000000000000000000000000000000000000000000000000000000000000000000000
00000000000000000000000000000000000000000000000000000000000000000000000000000000
00000000000000000000000000000000000000000000000000000000000000000000000000000000
00000000000000000000000000000000000000000000000000000000000000000000000000000000
00000000000000000000000000000000000000000000000000000000000000000000000000000000
00000000000000000000000000001000000000000000000000000000000000000000000000000000
00000000000000000000000000001100000010000000000000000000000000000000000000000000
00000000000000000000000000000100000100000000000000000000000000000000000000000000
00000000000000000000000000000110001100000000000000000000000000000000000000000000
00000000000000000000000000000010011000000000000000000000000000000000000000000000
00000000000000000000000000000011110000000000000000000000000000000000000000000000
00000000000000000000000000001110000000001111111110000000000000000000000000000000
00000000000000000000000000000000001111110000000000000000000000000000000000000000
00000000000000000000000011111111111010000001000000000000000000000000000000000000
00000000000000000000000000000000000010000010000000000000000000000000000000000000
00000000000000000000000000000010000010000010000000000000000000000000000000000000
00000000000000000000000000000010000010000010001111000000000000000000000000000000
00000000000000000000000000000010000010000011111001000000000000000000000000000000
00000000000000000000000000000010001111111111000001000000000000000000000000000000
00000000000000000000000011111111111010000010001001000000000000000000000000000000
00000000000000000000000110000010000010000010001101000000000000000000000000000000
00000000000000000000000000000010000010000010010101000000000000000000000000000000
00000000000000000000000000000010000010000010010111000000000000000000000000000000
00000000000000000000000000000010000010000010010001000000000000000000000000000000
00000000000000000000000000000010000010000010010001000000000000000000000000000000
00000000000000000000000000000010000010000010110001000000100000000000000000000000
00000000000000000000000000000010000010000010100001000000100000000000000000000000
00000000000000000000000000000010000010000010100001100000100000000000000000000000
00000000000000000000000000000010000010000011100000100000100000000000000000000000
00000000000000000000000000000010000010000001000000110000100000000000000000000000
00000000000000000000000000000000000000000000000000011111100000000000000000000000
00000000000000000000000000000000000000000000000000000000000000000000000000000000
00000000000000000000000000000000000000000000000000000000000000000000000000000000
00000000000000000000000000000000000000000000000000000000000000000000000000000000
00000000000000000000000000000000000000000000000000000000000000000000000000000000
00000000000000000000000000000000000000000000000000000000000000000000000000000000
00000000000000000000000000000000000000000000000000000000000000000000000000000000
00000000000000000000000000000000000000000000000000000000000000000000000000000000
00000000000000000000000000000000000000000000000000000000000000000000000000000000
00000000000000000000000000000000000000000000000000000000000000000000000000000000
00000000000000000000000000000000000000000000000000000000000000000000000000000000
00000000000000000000000000000000000000000000000000000000000000000000000000000000
00000000000000000000000000000000000000000000000000000000000000000000000000000000
00000000000000000000000000000000000000000000000000000000000000000000000000000000
00000000000000000000000000000000000000000000000000000000000000000000000000000000
00000000000000000000000000000000000000000000000000000000000000000000000000000000
00000000000000000000000000000000000000000000000000000000000000000000000000000000
00000000000000000000000000000000000000000000000000000000000000000000000000000000
00000000000000000000000000000000000000000000000000000000000000000000000000000000
00000000000000000000000000000000000000000000000000000000000000000000000000000000
