00000000000000000000000000000000000000000000000000000000000000000000000000000000
00000000000000000000000000000000000000000000000000000000000000000000000000000000
00000000000000000000000000000000000000000000000000000000000000000000000000000000
00000000000000000000000000000000000000000000000000000000000000000000000000000000
00000000000000000000000000000000000000000000000000000000000000000000000000000000
00000000000000000000000000000000000000000000000000000000000000000000000000000000
00000000000000000000000000000000000000000000000000000000000000000000000000000000
00000000000000000000000000000000000000000000000000000000000000000000000000000000
00000000000000000000000000000000000000000000000000000000000000000000000000000000
00000000000000000000000000000000000000000000000000000000000000000000000000000000
00000000000000000000000000000000000000000000000000000000000000000000000000000000
00000000000000000000000000000000000000000000000000000000000000000000000000000000
00000000000000000000000000000000000000010000000000000000000000000000000000000000
00000000000000000000000000011000000000010000000000000000000000000000000000000000
00000000000000000000000000001100000000110000000000000000000000000000000000000000
00000000000000000000000000000100000001100000000000000000000000000000000000000000
00000000000000000000000000000110000011000000000000000000000000000000000000000000
00000000000000000000000000000011000110000000000000000000000000000000000000000000
00000000000000000000000000000001011100000000001111110000000000000000000000000000
00000000000000000000000000000000110000000111111000000000000000000000000000000000
00000000000000000000000000000001100000010000000000000000000000000000000000000000
00000000000000000000000000000011111111110000010000000000000000000000000000000000
00000000000000000000000000111100000010000000110000000000000000000000000000000000
00000000000000000000000011101100000010000000100000011100000000000000000000000000
00000000000000000000000000000100000011000000100001110100000000000000000000000000
00000000000000000000000000000100000001000000100111000100000000000000000000000000
00000000000000000000000000000100000001000000111100000110000000000000000000000000
00000000000000000000000000000110000001000011100000000010000000000000000000000000
00000000000000000000000000000010000011111110100001000010000000000000000000000000
00000000000000000000000000001111111101000000100001100010000000000000000000000000
00000000000000000000001111110010000001000000100000110010000000000000000000000000
00000000000000000000011000000010000001000000100000010010000000000000000000000000
00000000000000000000000000000010000000100000100000011011000000000000000000000000
00000000000000000000000000000010000000100000110000000001000000000000000000000000
00000000000000000000000000000010000000100000010001000001000001000000000000000000
00000000000000000000000000000010000000100000010001000001000001000000000000000000
00000000000000000000000000000010000000100000010011000001100011000000000000000000
00000000000000000000000000000010000000100000001010000000100010000000000000000000
00000000000000000000000000000010000000100000001110000000110110000000000000000000
00000000000000000000000000000010000000100000000000000000011100000000000000000000
00000000000000000000000000000010000000100000000000000000000000000000000000000000
00000000000000000000000000000000000000110000000000000000000000000000000000000000
00000000000000000000000000000000000000010000000000000000000000000000000000000000
00000000000000000000000000000000000000010000000000000000000000000000000000000000
00000000000000000000000000000000000000000000000000000000000000000000000000000000
00000000000000000000000000000000000000000000000000000000000000000000000000000000
00000000000000000000000000000000000000000000000000000000000000000000000000000000
00000000000000000000000000000000000000000000000000000000000000000000000000000000
00000000000000000000000000000000000000000000000000000000000000000000000000000000
00000000000000000000000000000000000000000000000000000000000000000000000000000000
00000000000000000000000000000000000000000000000000000000000000000000000000000000
00000000000000000000000000000000000000000000000000000000000000000000000000000000
00000000000000000000000000000000000000000000000000000000000000000000000000000000
00000000000000000000000000000000000000000000000000000000000000000000000000000000
00000000000000000000000000000000000000000000000000000000000000000000000000000000
00000000000000000000000000000000000000000000000000000000000000000000000000000000
00000000000000000000000000000000000000000000000000000000000000000000000000000000
00000000000000000000000000000000000000000000000000000000000000000000000000000000
00000000000000000000000000000000000000000000000000000000000000000000000000000000
00000000000000000000000000000000000000000000000000000000000000000000000000000000
