00000000000000000000000000000000000000000000000000000000000000000000000000000000
00000000000000000000000000000000000000000000000000000000000000000000000000000000
00000000000000000000000000000000000000000000000000000000000000000000000000000000
00000000000000000000000000000000000000000000000000000000000000000000000000000000
00000000000000000000000000000000000000000000000000000000000000000000000000000000
00000000000000000000000000000000000000000000000000000000000000000000000000000000
00000000000000000000000000000000000000000000000000000000000000000000000000000000
00000000000000000000000000000000000000000000000000000000000000000000000000000000
00000000000000000000000000000000000000000000000000000000000000000000000000000000
00000000000000000000000000000000000000000000000000000000000000000000000000000000
00000000000000000000000000000000000000000000000000000000000000000000000000000000
00000000000000000000000000000000000000000000000000000000000000000000000000000000
00000000000000000000000000000000000000000000000000000000000000000000000000000000
00000000000000000000000000000000000000000000000000000000000000000000000000000000
00000000000000000000000000000000000000000000000000000000000000000000000000000000
00000000000000000000000000000000000000000000000000000000000000000000000000000000
00000000000000000000000000000000000000000000000000000000000000000000000000000000
00000000000000000000000000000000000100000000000000000000000000000000000000000000
00000000000000000000000000011000000100000000000000000000000000000000000000000000
00000000000000000000000000001000000100000000000000000000000000000000000000000000
00000000000000000000000000001100001100000000000000000000000000000000000000000000
00000000000000000000000000000100011000000000000000000000000000000000000000000000
00000000000000000000000000000000110000000000000000000000000000000000000000000000
00000000000000000000000000000011000000001111111111000000000000000000000000000000
00000000000000000000000000111111111111100000000000000000000000000000000000000000
00000000000000000000000000000100000100000010000000000000000000000000000000000000
00000000000000000000000000000100000100000010000000000000000000000000000000000000
00000000000000000000000000000100000100000010000111000000000000000000000000000000
00000000000000000000000000000100000100000010111100100000000000000000000000000000
00000000000000000000000000000100000100000011100000100000000000000000000000000000
00000000000000000000000000000100001111111110000000100000000000000000000000000000
00000000000000000000000111111111111100000010001000100000000000000000000000000000
00000000000000000000000000000100000100000010001100100000000000000000000000000000
00000000000000000000000000000100000100000010000110100000000000000000000000000000
00000000000000000000000000000100000100000010000010100000001000000000000000000000
00000000000000000000000000000100000100000010010000100000000100000000000000000000
00000000000000000000000000000100000100000010100000100000000100000000000000000000
00000000000000000000000000000100000100000010100000100000000100000000000000000000
00000000000000000000000000000100000100000010100000110000000100000000000000000000
00000000000000000000000000000100000100000001000000011000000100000000000000000000
00000000000000000000000000000100000100000000000000001111111100000000000000000000
00000000000000000000000000000000000100000000000000000000000000000000000000000000
00000000000000000000000000000000000100000000000000000000000000000000000000000000
00000000000000000000000000000000000000000000000000000000000000000000000000000000
00000000000000000000000000000000000000000000000000000000000000000000000000000000
00000000000000000000000000000000000000000000000000000000000000000000000000000000
00000000000000000000000000000000000000000000000000000000000000000000000000000000
00000000000000000000000000000000000000000000000000000000000000000000000000000000
00000000000000000000000000000000000000000000000000000000000000000000000000000000
00000000000000000000000000000000000000000000000000000000000000000000000000000000
00000000000000000000000000000000000000000000000000000000000000000000000000000000
00000000000000000000000000000000000000000000000000000000000000000000000000000000
00000000000000000000000000000000000000000000000000000000000000000000000000000000
00000000000000000000000000000000000000000000000000000000000000000000000000000000
00000000000000000000000000000000000000000000000000000000000000000000000000000000
00000000000000000000000000000000000000000000000000000000000000000000000000000000
00000000000000000000000000000000000000000000000000000000000000000000000000000000
00000000000000000000000000000000000000000000000000000000000000000000000000000000
00000000000000000000000000000000000000000000000000000000000000000000000000000000
00000000000000000000000000000000000000000000000000000000000000000000000000000000
