00000000000000000000000000000000000000000000000000000000000000000000000000000000
00000000000000000000000000000000000000000000000000000000000000000000000000000000
00000000000000000000000000000000000000000000000000000000000000000000000000000000
00000000000000000000000000000000000000000000000000000000000000000000000000000000
00000000000000000000000000000000000000000000000000000000000000000000000000000000
00000000000000000000000000000000000000000000000000000000000000000000000000000000
00000000000000000000000000000000000000000000000000000000000000000000000000000000
00000000000000000000000000000000000000000000000000000000000000000000000000000000
00000000000000000000000000000000000000000000000000000000000000000000000000000000
00000000000000000000000000000000000000000000000000000000000000000000000000000000
00000000000000000000000000000000000000000000000000000000000000000000000000000000
00000000000000000000000000000000000000000000000000000000000000000000000000000000
00000000000000000000000000000000000000000000000000000000000000000000000000000000
00000000000000000000000000000000000000000000000000000000000000000000000000000000
00000000000000000000000000001000000000000000000000000000000000000000000000000000
00000000000000000000000000001000000010000000000000000000000000000000000000000000
00000000000000000000000000000100000010000000000000000000000000000000000000000000
00000000000000000000000000000100000110000000000000111110000000000000000000000000
00000000000000000000000000000010001100000001111111100000000000000000000000000000
00000000000000000000000000000010001000000000010000000000000000000000000000000000
00000000000000000000000000000011011000000000010000000000000000000000000000000000
00000000000000000000000000000000010000111100011000000000110000000000000000000000
00000000000000000000000000000011111111100000001000000011110000000000000000000000
00000000000000000000000000111110000000100000001000011100010000000000000000000000
00000000000000000000000000000000010000100000001011100000010000000000000000000000
00000000000000000000000000000000010000100000001010000100010000000000000000000000
00000000000000000000000000000000010000100000001100000100010000000000000000000000
00000000000000000000000000000000010000100000000100000010010000000000000000000000
00000000000000000000000000000000010000101111110100000011010000000000000000000000
00000000000000000000000000000000011111111000000100000001110000000000000000000000
00000000000000000000000111111111110000110000000100000010010000000000000000000000
00000000000000000000000000000000010000010000000010000010001000000000000000000000
00000000000000000000000000000000010000010000000010000010001000000000000000000000
00000000000000000000000000000000010000010000000011000110001000000000000000000000
00000000000000000000000000000000010000010000000001000100001100000000000000000000
00000000000000000000000000000000010000010000000001101100000100000000010000000000
00000000000000000000000000000000010000010000000000101000000110000000010000000000
00000000000000000000000000000000010000011000000000111000000010000000010000000000
00000000000000000000000000000000000000001000000000000000000011000000010000000000
00000000000000000000000000000000000000000000000000000000000001110000110000000000
00000000000000000000000000000000000000000000000000000000000000011111100000000000
00000000000000000000000000000000000000000000000000000000000000000000000000000000
00000000000000000000000000000000000000000000000000000000000000000000000000000000
00000000000000000000000000000000000000000000000000000000000000000000000000000000
00000000000000000000000000000000000000000000000000000000000000000000000000000000
00000000000000000000000000000000000000000000000000000000000000000000000000000000
00000000000000000000000000000000000000000000000000000000000000000000000000000000
00000000000000000000000000000000000000000000000000000000000000000000000000000000
00000000000000000000000000000000000000000000000000000000000000000000000000000000
00000000000000000000000000000000000000000000000000000000000000000000000000000000
00000000000000000000000000000000000000000000000000000000000000000000000000000000
00000000000000000000000000000000000000000000000000000000000000000000000000000000
00000000000000000000000000000000000000000000000000000000000000000000000000000000
00000000000000000000000000000000000000000000000000000000000000000000000000000000
00000000000000000000000000000000000000000000000000000000000000000000000000000000
00000000000000000000000000000000000000000000000000000000000000000000000000000000
00000000000000000000000000000000000000000000000000000000000000000000000000000000
00000000000000000000000000000000000000000000000000000000000000000000000000000000
00000000000000000000000000000000000000000000000000000000000000000000000000000000
00000000000000000000000000000000000000000000000000000000000000000000000000000000
