00000000000000000000000000000000000000000000000000000000000000000000000000000000
00000000000000000000000000000000000000000000000000000000000000000000000000000000
00000000000000000000000000000000000000000000000000000000000000000000000000000000
00000000000000000000000000000000000000000000000000000000000000000000000000000000
00000000000000000000000000000000000000000000000000000000000000000000000000000000
00000000000000000000000000000000000000000000000000000000000000000000000000000000
00000000000000000000000000000000000000000000000000000000000000000000000000000000
00000000000000000000000000000000000000000000000000000000000000000000000000000000
00000000000000000000000000000000000000000000000000000000000000000000000000000000
00000000000000000000000000000000000000000000000000000000000000000000000000000000
00000000000000000000000000000000000000000000000000000000000000000000000000000000
00000000000000000000000000000000000000000000000000000000000000000000000000000000
00000000000000000000000000000000000000000000000000000000000000000000000000000000
00000000000000000000000000001000000000100000000000000000000000000000000000000000
00000000000000000000000000000100000000100000000000000000000000000000000000000000
00000000000000000000000000000110000001000000000000000000000000000000000000000000
00000000000000000000000000000010000011000000000000000000000000000000000000000000
00000000000000000000000000000001000110000000000000000000000000000000000000000000
00000000000000000000000000000001101100000000000111000000000000000000000000000000
00000000000000000000000000000000011000000000111100000000000000000000000000000000
00000000000000000000000000000001110000110111100000000000000000000000000000000000
00000000000000000000000000000111111111100000100000000000000000000000000000000000
00000000000000000000000000011100000100000001000000000000000000000000000000000000
00000000000000000000000000000100000100000001000001111100000000000000000000000000
00000000000000000000000000000110000010000001000111000100000000000000000000000000
00000000000000000000000000000010000010000001011100000100000000000000000000000000
00000000000000000000000000000010000010000001100000000100000000000000000000000000
00000000000000000000000000000010000011111111000000000100000000000000000000000000
00000000000000000000000000000011111110000001001000000100000000000000000000000000
00000000000000000000000000111110000010000001001100000100000000000000000000000000
00000000000000000000111111000010000010000001000110000100000000000000000000000000
00000000000000000000000000000010000010000001000001100100000000000000000000000000
00000000000000000000000000000010000010000001000000100100000000000000000000000000
00000000000000000000000000000010000010000001000010000100000010000000000000000000
00000000000000000000000000000010000010000001000010000110000010000000000000000000
00000000000000000000000000000010000010000001100010000010000010000000000000000000
00000000000000000000000000000010000011000000100010000010000010000000000000000000
00000000000000000000000000000010000001000000110100000011000010000000000000000000
00000000000000000000000000000010000001000000011100000001100010000000000000000000
00000000000000000000000000000010000001000000000000000000011110000000000000000000
00000000000000000000000000000000000000000000000000000000000000000000000000000000
00000000000000000000000000000000000000000000000000000000000000000000000000000000
00000000000000000000000000000000000000000000000000000000000000000000000000000000
00000000000000000000000000000000000000000000000000000000000000000000000000000000
00000000000000000000000000000000000000000000000000000000000000000000000000000000
00000000000000000000000000000000000000000000000000000000000000000000000000000000
00000000000000000000000000000000000000000000000000000000000000000000000000000000
00000000000000000000000000000000000000000000000000000000000000000000000000000000
00000000000000000000000000000000000000000000000000000000000000000000000000000000
00000000000000000000000000000000000000000000000000000000000000000000000000000000
00000000000000000000000000000000000000000000000000000000000000000000000000000000
00000000000000000000000000000000000000000000000000000000000000000000000000000000
00000000000000000000000000000000000000000000000000000000000000000000000000000000
00000000000000000000000000000000000000000000000000000000000000000000000000000000
00000000000000000000000000000000000000000000000000000000000000000000000000000000
00000000000000000000000000000000000000000000000000000000000000000000000000000000
00000000000000000000000000000000000000000000000000000000000000000000000000000000
00000000000000000000000000000000000000000000000000000000000000000000000000000000
00000000000000000000000000000000000000000000000000000000000000000000000000000000
00000000000000000000000000000000000000000000000000000000000000000000000000000000
