00000000000000000000000000000000000000000000000000000000000000000000000000000000
00000000000000000000000000000000000000000000000000000000000000000000000000000000
00000000000000000000000000000000000000000000000000000000000000000000000000000000
00000000000000000000000000000000000000000000000000000000000000000000000000000000
00000000000000000000000000000000000000000000000000000000000000000000000000000000
00000000000000000000000000000000000000000000000000000000000000000000000000000000
00000000000000000000000000000000000000000000000000000000000000000000000000000000
00000000000000000000000000000000000000000000000000000000000000000000000000000000
00000000000000000000000000000000000000000000000000000000000000000000000000000000
00000000000000000000000000000000000000000000000000000000000000000000000000000000
00000000000000000000000000000110000000000001000000000000000000000000000000000000
00000000000000000000000000000011000000000011000000000000000000000000000000000000
00000000000000000000000000000001000000000010000000000000000000000000000000000000
00000000000000000000000000000001100000000110000000000000000000000000000000000000
00000000000000000000000000000000110000001100000000000000000000000000000000000000
00000000000000000000000000000000011000011000000000000000000000000000000000000000
00000000000000000000000000000000001100110000000000011111000000000000000000000000
00000000000000000000000000000000000110100000001111110000000000000000000000000000
00000000000000000000000000000000000011000000110000000000000000000000000000000000
00000000000000000000000000000000000111111111100000000000000000000000000000000000
00000000000000000000000000000011111110000000000011000000000000000000000000000000
00000000000000000000000000000010000000000100000010000111100000000000000000000000
00000000000000000000000000000000000010000100000010001100100000000000000000000000
00000000000000000000000000000000000010000100000010110000100000000000000000000000
00000000000000000000000000000000000110000100000011100000100000000000000000000000
00000000000000000000000000000000000100000100000010001000100000000000000000000000
00000000000000000000000000000000000100000100000010001000100000000000000000000000
00000000000000000000000000000000000100011111111111001100100000000000000000000000
00000000000000000000000000000001111111110100000010000100100000000000000000000000
00000000000000000000000001111110000100000100000010000110100000000000000000000000
00000000000000000000000011000000000100000100000010000110100000000000000000000000
00000000000000000000000000000000000100000100000010000111100000000000000000000000
00000000000000000000000000000000000100000010000010000100100000000000000000000000
00000000000000000000000000000000000100000010000010000100100000000000000000000000
00000000000000000000000000000000000100000010000010000100100000000000000000000000
00000000000000000000000000000000000100000010000010001100100000000000000000000000
00000000000000000000000000000000000100000010000010011000100000000000000000000000
00000000000000000000000000000000000100000010000001110000110000001000000000000000
00000000000000000000000000000000000100000010000000000000010000001000000000000000
00000000000000000000000000000000000100000000000000000000001110011000000000000000
00000000000000000000000000000000000000000000000000000000000001110000000000000000
00000000000000000000000000000000000000000000000000000000000000000000000000000000
00000000000000000000000000000000000000000000000000000000000000000000000000000000
00000000000000000000000000000000000000000000000000000000000000000000000000000000
00000000000000000000000000000000000000000000000000000000000000000000000000000000
00000000000000000000000000000000000000000000000000000000000000000000000000000000
00000000000000000000000000000000000000000000000000000000000000000000000000000000
00000000000000000000000000000000000000000000000000000000000000000000000000000000
00000000000000000000000000000000000000000000000000000000000000000000000000000000
00000000000000000000000000000000000000000000000000000000000000000000000000000000
00000000000000000000000000000000000000000000000000000000000000000000000000000000
00000000000000000000000000000000000000000000000000000000000000000000000000000000
00000000000000000000000000000000000000000000000000000000000000000000000000000000
00000000000000000000000000000000000000000000000000000000000000000000000000000000
00000000000000000000000000000000000000000000000000000000000000000000000000000000
00000000000000000000000000000000000000000000000000000000000000000000000000000000
00000000000000000000000000000000000000000000000000000000000000000000000000000000
00000000000000000000000000000000000000000000000000000000000000000000000000000000
00000000000000000000000000000000000000000000000000000000000000000000000000000000
00000000000000000000000000000000000000000000000000000000000000000000000000000000
