00000000000000000000000000000000000000000000000000000000000000000000000000000000
00000000000000000000000000000000000000000000000000000000000000000000000000000000
00000000000000000000000000000000000000000000000000000000000000000000000000000000
00000000000000000000000000000000000000000000000000000000000000000000000000000000
00000000000000000000000000000000000000000000000000000000000000000000000000000000
00000000000000000000000000000000000000000000000000000000000000000000000000000000
00000000000000000000000000000000000000000000000000000000000000000000000000000000
00000000000000000000000000000000000000000000000000000000000000000000000000000000
00000000000000000000000000000000000000000000000000000000000000000000000000000000
00000000000000000000000000000000000000000000000000000000000000000000000000000000
00000000000000000000000000000000000000000000000000000000000000000000000000000000
00000000000000000000000000000000000000000000000000000000000000000000000000000000
00000000000000000000000000000000000000000000000000000000000000000000000000000000
00000000000000000000000000000000000000000000000000000000000000000000000000000000
00000000000000000000000000000000000000000000000000000000000000000000000000000000
00000000000000000000000000000000000000010000000000000000000000000000000000000000
00000000000000000000000000000000000011110000000000000000000000000000000000000000
00000000000000000000000000000001111110000000000100000000000000000000000000000000
00000000000000000000000000000000010000001100001100000000000000000000000000000000
00000000000000000000000000000000011111111000011000000000000000000000000000000000
00000000000000000000000000000000010000000001110000000000000000000000000000000000
00000000000000000000000000000000010000000001000001000000000000000000000000000000
00000000000000000000000000000000011111111100000011000000000000000000000000000000
00000000000000000000000000000000010000000000000110000000000000000000000000000000
00000000000000000000000000000000010000000000011100100000000000000000000000000000
00000000000000000000000000000000010000000000110001100000000000000000000000000000
00000000000000000000000000000000111111111111000011000000000000000000000000000000
00000000000000000000000000011111010000000000000110000000000000000000000000000000
00000000000000000000000000010000110000000010111100000000000000000000000000000000
00000000000000000000000000000001100111000011100000000000000000000000000000000000
00000000000000000000000000000001000001110011000000000000000000000000000000000000
00000000000000000000000000000001011111011001011111100000000000000000000000000000
00000000000000000000000000000001111111111111110000100000000000000000000000000000
00000000000000000000000000000000001110000000000001100000000000000000000000000000
00000000000000000000000000000000001000000000001110000000000000000000000000000000
00000000000000000000000000000000001000001111000000000000000000000000000000000000
00000000000000000000000000000000001000111000000000000000000000000000000000000000
00000000000000000000000000000000001000001000000000000000000000000000000000000000
00000000000000000000000000000000001000001111111000000000000000000000000000000000
00000000000000000000000000000000000000000110100000000000000000000000000000000000
00000000000000000000000000000000000000000100100000000000000000000000000000000000
00000000000000000000000000000000000000000100100000000000000000000000000000000000
00000000000000000000000000000000000000000100100111100000000000000000000000000000
00000000000000000000000000000000001111111111111100000000000000000000000000000000
00000000000000000000000000000000000000000100000000000000000000000000000000000000
00000000000000000000000000000000000000001100001100000000000000000000000000000000
00000000000000000000000000000000000000001000000110000000000000000000000000000000
00000000000000000000000000000000000000011000000011000000000000000000000000000000
00000000000000000000000000000000000000110000000001110000000000000000000000000000
00000000000000000000000000000000000000000000000000000000000000000000000000000000
00000000000000000000000000000000000000000000000000000000000000000000000000000000
00000000000000000000000000000000000000000000000000000000000000000000000000000000
00000000000000000000000000000000000000000000000000000000000000000000000000000000
00000000000000000000000000000000000000000000000000000000000000000000000000000000
00000000000000000000000000000000000000000000000000000000000000000000000000000000
00000000000000000000000000000000000000000000000000000000000000000000000000000000
00000000000000000000000000000000000000000000000000000000000000000000000000000000
00000000000000000000000000000000000000000000000000000000000000000000000000000000
00000000000000000000000000000000000000000000000000000000000000000000000000000000
00000000000000000000000000000000000000000000000000000000000000000000000000000000
