00000000000000000000000000000000000000000000000000000000000000000000000000000000
00000000000000000000000000000000000000000000000000000000000000000000000000000000
00000000000000000000000000000000000000000000000000000000000000000000000000000000
00000000000000000000000000000000000000000000000000000000000000000000000000000000
00000000000000000000000000000000000000000000000000000000000000000000000000000000
00000000000000000000000000000000000000000000000000000000000000000000000000000000
00000000000000000000000000000000000000000000000000000000000000000000000000000000
00000000000000000000000000000000000000000000000000000000000000000000000000000000
00000000000000000000000000000000000000000000000000000000000000000000000000000000
00000000000000000000000000000000000000000000000000000000000000000000000000000000
00000000000000000000000000000000000000000000000000000000000000000000000000000000
00000000000000000000000000000000000000000000000000000000000000000000000000000000
00000000000000000000000000000000000000100000000000000000000000000000000000000000
00000000000000000000000000000000000001100000000000000000000000000000000000000000
00000000000000000000000000000000000011000000000000000000000000000000000000000000
00000000000000000000000000000000001100000000001000000000000000000000000000000000
00000000000000000000000000000001111000000000011000000000000000000000000000000000
00000000000000000000000000001111011111100000110000000000000000000000000000000000
00000000000000000000000000000000010000000001100000000000000000000000000000000000
00000000000000000000000000000000010000000111000000000000000000000000000000000000
00000000000000000000000000000000011111100100000001000000000000000000000000000000
00000000000000000000000000000000010000000000000011000000000000000000000000000000
00000000000000000000000000000000010000000000000110000000000000000000000000000000
00000000000000000000000000000000010000000000001100000000000000000000000000000000
00000000000000000000000000000000010000000000111001000000000000000000000000000000
00000000000000000000000000011111111111111111100001000000000000000000000000000000
00000000000000000000000000000000010000000100000010000000000000000000000000000000
00000000000000000000000000000000100010000000001100000000000000000000000000000000
00000000000000000000000000000001100011100000011000000000000000000000000000000000
00000000000000000000000000000001000001110101100000000000000000000000000000000000
00000000000000000000000000000001111111011100000000000000000000000000000000000000
00000000000000000000000000000000000000001111111110000000000000000000000000000000
00000000000000000000000000000000011111111000000010000000000000000000000000000000
00000000000000000000000000000000100000000000000010000000000000000000000000000000
00000000000000000000000000000000100000001100000100000000000000000000000000000000
00000000000000000000000000000000100000111000000000000000000000000000000000000000
00000000000000000000000000000000100000100000000000000000000000000000000000000000
00000000000000000000000000000000100000111111100000000000000000000000000000000000
00000000000000000000000000000000000000010110000000000000000000000000000000000000
00000000000000000000000000000000000000010010000000000000000000000000000000000000
00000000000000000000000000000000000000010010000000000000000000000000000000000000
00000000000000000000000000000000000011111111111111100000000000000000000000000000
00000000000000000000000000000111111110000010000000000000000000000000000000000000
00000000000000000000000000000000000000010000010000000000000000000000000000000000
00000000000000000000000000000000000000010000011000000000000000000000000000000000
00000000000000000000000000000000000000110000001100000000000000000000000000000000
00000000000000000000000000000000000000100000000100000000000000000000000000000000
00000000000000000000000000000000000011000000000010000000000000000000000000000000
00000000000000000000000000000000000110000000000011100000000000000000000000000000
00000000000000000000000000000000000000000000000000000000000000000000000000000000
00000000000000000000000000000000000000000000000000000000000000000000000000000000
00000000000000000000000000000000000000000000000000000000000000000000000000000000
00000000000000000000000000000000000000000000000000000000000000000000000000000000
00000000000000000000000000000000000000000000000000000000000000000000000000000000
00000000000000000000000000000000000000000000000000000000000000000000000000000000
00000000000000000000000000000000000000000000000000000000000000000000000000000000
00000000000000000000000000000000000000000000000000000000000000000000000000000000
00000000000000000000000000000000000000000000000000000000000000000000000000000000
00000000000000000000000000000000000000000000000000000000000000000000000000000000
00000000000000000000000000000000000000000000000000000000000000000000000000000000
