00000000000000000000000000000000000000000000000000000000000000000000000000000000
00000000000000000000000000000000000000000000000000000000000000000000000000000000
00000000000000000000000000000000000000000000000000000000000000000000000000000000
00000000000000000000000000000000000000000000000000000000000000000000000000000000
00000000000000000000000000000000000000000000000000000000000000000000000000000000
00000000000000000000000000000000000000000000000000000000000000000000000000000000
00000000000000000000000000000000000000000000000000000000000000000000000000000000
00000000000000000000000000000000000000000000000000000000000000000000000000000000
00000000000000000000000000000000000000000000000000000000000000000000000000000000
00000000000000000000000000000000000001100000000000000000000000000000000000000000
00000000000000000000000000000000000011000000000000000000000000000000000000000000
00000000000000000000000000000000111100000000100000000000000000000000000000000000
00000000000000000000000000000001100000000001100000000000000000000000000000000000
00000000000000000000000000000000111111000011000000000000000000000000000000000000
00000000000000000000000000000000100000001110001000000000000000000000000000000000
00000000000000000000000000000000100000000000011000000000000000000000000000000000
00000000000000000000000000000000111111100000110000000000000000000000000000000000
00000000000000000000000000000000100000000001100000000000000000000000000000000000
00000000000000000000000000000000100000000111000001000000000000000000000000000000
00000000000000000000000000000000100000011111000010000000000000000000000000000000
00000000000000000000000000000111111111100000000100000000000000000000000000000000
00000000000000000000000001111100110100000000111000000000000000000000000000000000
00000000000000000000000000000001100110001111100000000000000000000000000000000000
00000000000000000000000000000011000011001000000000000000000000000000000000000000
00000000000000000000000000000110001111100100000000000000000000000000000000000000
00000000000000000000000000000111110000110111111111000000000000000000000000000000
00000000000000000000000000000000111111111110000001000000000000000000000000000000
00000000000000000000000000000001100000000000000011000000000000000000000000000000
00000000000000000000000000000001000000000011011110000000000000000000000000000000
00000000000000000000000000000011000001111110000000000000000000000000000000000000
00000000000000000000000000000010000000100000000000000000000000000000000000000000
00000000000000000000000000000010000000111111100000000000000000000000000000000000
00000000000000000000000000000010000000110110000000000000000000000000000000000000
00000000000000000000000000000000000000100010000000000000000000000000000000000000
00000000000000000000000000000000000000111111111111100000000000000000000000000000
00000000000000000000000000000001111111110110000000000000000000000000000000000000
00000000000000000000000000000000000000000001000000000000000000000000000000000000
00000000000000000000000000000000000001000001100000000000000000000000000000000000
00000000000000000000000000000000000011000000100000000000000000000000000000000000
00000000000000000000000000000000000010000000110000000000000000000000000000000000
00000000000000000000000000000000000110000000011000000000000000000000000000000000
00000000000000000000000000000000001100000000001100000000000000000000000000000000
00000000000000000000000000000000000000000000000000000000000000000000000000000000
00000000000000000000000000000000000000000000000000000000000000000000000000000000
00000000000000000000000000000000000000000000000000000000000000000000000000000000
00000000000000000000000000000000000000000000000000000000000000000000000000000000
00000000000000000000000000000000000000000000000000000000000000000000000000000000
00000000000000000000000000000000000000000000000000000000000000000000000000000000
00000000000000000000000000000000000000000000000000000000000000000000000000000000
00000000000000000000000000000000000000000000000000000000000000000000000000000000
00000000000000000000000000000000000000000000000000000000000000000000000000000000
00000000000000000000000000000000000000000000000000000000000000000000000000000000
00000000000000000000000000000000000000000000000000000000000000000000000000000000
00000000000000000000000000000000000000000000000000000000000000000000000000000000
00000000000000000000000000000000000000000000000000000000000000000000000000000000
00000000000000000000000000000000000000000000000000000000000000000000000000000000
00000000000000000000000000000000000000000000000000000000000000000000000000000000
00000000000000000000000000000000000000000000000000000000000000000000000000000000
00000000000000000000000000000000000000000000000000000000000000000000000000000000
00000000000000000000000000000000000000000000000000000000000000000000000000000000
