00000000000000000000000000000000000000000000000000000000000000000000000000000000
00000000000000000000000000000000000000000000000000000000000000000000000000000000
00000000000000000000000000000000000000000000000000000000000000000000000000000000
00000000000000000000000000000000000000000000000000000000000000000000000000000000
00000000000000000000000000000000000000000000000000000000000000000000000000000000
00000000000000000000000000000000000000000000000000000000000000000000000000000000
00000000000000000000000000000000000000000000000000000000000000000000000000000000
00000000000000000000000000000000000000000000000000000000000000000000000000000000
00000000000000000000000000000000000000000000000000000000000000000000000000000000
00000000000000000000000000000000000000000000000000000000000000000000000000000000
00000000000000000000000000000000000000000000000000000000000000000000000000000000
00000000000000000000000000000100000000000100000000000000000000000000000000000000
00000000000000000000000000000110000000000100000000000000000000000000000000000000
00000000000000000000000000000010000000001100000000000000000000000000000000000000
00000000000000000000000000000011000000001000000000000000000000000000000000000000
00000000000000000000000000000001100000011000000000000000000000000000000000000000
00000000000000000000000000000000110000010000000000000000000000000000000000000000
00000000000000000000000000000000010000100000000000000000000000000000000000000000
00000000000000000000000000000000001111000000001111100000000000000000000000000000
00000000000000000000000000000000000110000111111000000000000000000000000000000000
00000000000000000000000000000000001111111000010000000000000000000000000000000000
00000000000000000000000000011111111000001000010000001110000000000000000000000000
00000000000000000000000000000000000000001000010001111010000000000000000000000000
00000000000000000000000000000000100000010000011111000010000000000000000000000000
00000000000000000000000000000000100000010000111000000010000000000000000000000000
00000000000000000000000000000000100000010000010010000010000000000000000000000000
00000000000000000000000000000000010000011111110011000010000000000000000000000000
00000000000000000000000000000000011111111000010001000010000000000000000000000000
00000000000000000000000001111111110000001000011000100010000000000000000000000000
00000000000000000000000000000000010000001000001000110010000000000000000000000000
00000000000000000000000000000000010000001000001000111011000000000000000000000000
00000000000000000000000000000000010000001000001000101101000000000000000000000000
00000000000000000000000000000000010000001100001000100101000000000000000000000000
00000000000000000000000000000000010000000100001101100001000000000000000000000000
00000000000000000000000000000000010000000100000101000001100000001000000000000000
00000000000000000000000000000000010000000100000101000000100000001000000000000000
00000000000000000000000000000000010000000100000111000000100000011000000000000000
00000000000000000000000000000000000000000100000000000000010000010000000000000000
00000000000000000000000000000000000000000100000000000000011000110000000000000000
00000000000000000000000000000000000000000100000000000000001100100000000000000000
00000000000000000000000000000000000000000110000000000000000111100000000000000000
00000000000000000000000000000000000000000010000000000000000000000000000000000000
00000000000000000000000000000000000000000000000000000000000000000000000000000000
00000000000000000000000000000000000000000000000000000000000000000000000000000000
00000000000000000000000000000000000000000000000000000000000000000000000000000000
00000000000000000000000000000000000000000000000000000000000000000000000000000000
00000000000000000000000000000000000000000000000000000000000000000000000000000000
00000000000000000000000000000000000000000000000000000000000000000000000000000000
00000000000000000000000000000000000000000000000000000000000000000000000000000000
00000000000000000000000000000000000000000000000000000000000000000000000000000000
00000000000000000000000000000000000000000000000000000000000000000000000000000000
00000000000000000000000000000000000000000000000000000000000000000000000000000000
00000000000000000000000000000000000000000000000000000000000000000000000000000000
00000000000000000000000000000000000000000000000000000000000000000000000000000000
00000000000000000000000000000000000000000000000000000000000000000000000000000000
00000000000000000000000000000000000000000000000000000000000000000000000000000000
00000000000000000000000000000000000000000000000000000000000000000000000000000000
00000000000000000000000000000000000000000000000000000000000000000000000000000000
00000000000000000000000000000000000000000000000000000000000000000000000000000000
00000000000000000000000000000000000000000000000000000000000000000000000000000000
