00000000000000000000000000000000000000000000000000000000000000000000000000000000
00000000000000000000000000000000000000000000000000000000000000000000000000000000
00000000000000000000000000000000000000000000000000000000000000000000000000000000
00000000000000000000000000000000000000000000000000000000000000000000000000000000
00000000000000000000000000000000000000000000000000000000000000000000000000000000
00000000000000000000000000000000000000000000000000000000000000000000000000000000
00000000000000000000000000000000000000000000000000000000000000000000000000000000
00000000000000000000000000000000000000000000000000000000000000000000000000000000
00000000000000000000000000000000000000000000000000000000000000000000000000000000
00000000000000000000000000000000000000000000000000000000000000000000000000000000
00000000000000000000000000010000000000000000000000000000000000000000000000000000
00000000000000000000000000011000000010000000000000000000000000000000000000000000
00000000000000000000000000001000000010000000000000000000000000000000000000000000
00000000000000000000000000001000000100000000000000000000000000000000000000000000
00000000000000000000000000001100001100000000000000000000000000000000000000000000
00000000000000000000000000000100011000000000000010000000000000000000000000000000
00000000000000000000000000000011110000111111111110000000000000000000000000000000
00000000000000000000000000000011000000000000000000000000000000000000000000000000
00000000000000000000000000011111111110010000000000000000000000000000000000000000
00000000000000000000000111100000000000010000000000000000000000000000000000000000
00000000000000000000011000000000001000010000000000000000000000000000000000000000
00000000000000000000000000001000001000010000000000000000000000000000000000000000
00000000000000000000000000001000001000010000011111000000000000000000000000000000
00000000000000000000000000001000001100010011110001000000000000000000000000000000
00000000000000000000000000001000000100011111110001000000000000000000000000000000
00000000000000000000000000001000011111110000000001000000000000000000000000000000
00000000000000000000000000111111100100010000000001000000000000000000000000000000
00000000000000000111111111001000000010010001110001000000000010000000000000000000
00000000000000000000000000001000000010010000011101000000000001000000000000000000
00000000000000000000000000001000000010010000000101000000000001000000000000000000
00000000000000000000000000001000000010010000001001000000000001000000000000000000
00000000000000000000000000001000000010010000001001000000000001000000000000000000
00000000000000000000000000001000000010011000001001000000000000100000000000000000
00000000000000000000000000001000000010001100010001000000000000100000000000000000
00000000000000000000000000001000000010000110110001000000000000100000000000000000
00000000000000000000000000001000000010000011100001100000000000100000000000000000
00000000000000000000000000001000000010000000000000111110000001100000000000000000
00000000000000000000000000000000000000000000000000000011111111000000000000000000
00000000000000000000000000000000000000000000000000000000000000000000000000000000
00000000000000000000000000000000000000000000000000000000000000000000000000000000
00000000000000000000000000000000000000000000000000000000000000000000000000000000
00000000000000000000000000000000000000000000000000000000000000000000000000000000
00000000000000000000000000000000000000000000000000000000000000000000000000000000
00000000000000000000000000000000000000000000000000000000000000000000000000000000
00000000000000000000000000000000000000000000000000000000000000000000000000000000
00000000000000000000000000000000000000000000000000000000000000000000000000000000
00000000000000000000000000000000000000000000000000000000000000000000000000000000
00000000000000000000000000000000000000000000000000000000000000000000000000000000
00000000000000000000000000000000000000000000000000000000000000000000000000000000
00000000000000000000000000000000000000000000000000000000000000000000000000000000
00000000000000000000000000000000000000000000000000000000000000000000000000000000
00000000000000000000000000000000000000000000000000000000000000000000000000000000
00000000000000000000000000000000000000000000000000000000000000000000000000000000
00000000000000000000000000000000000000000000000000000000000000000000000000000000
00000000000000000000000000000000000000000000000000000000000000000000000000000000
00000000000000000000000000000000000000000000000000000000000000000000000000000000
00000000000000000000000000000000000000000000000000000000000000000000000000000000
00000000000000000000000000000000000000000000000000000000000000000000000000000000
00000000000000000000000000000000000000000000000000000000000000000000000000000000
00000000000000000000000000000000000000000000000000000000000000000000000000000000
