00000000000000000000000000000000000000000000000000000000000000000000000000000000
00000000000000000000000000000000000000000000000000000000000000000000000000000000
00000000000000000000000000000000000000000000000000000000000000000000000000000000
00000000000000000000000000000000000000000000000000000000000000000000000000000000
00000000000000000000000000000000000000000000000000000000000000000000000000000000
00000000000000000000000000000000000000000000000000000000000000000000000000000000
00000000000000000000000000000000000000000000000000000000000000000000000000000000
00000000000000000000000000000000000000000000000000000000000000000000000000000000
00000000000000000000000000000000000000000000000000000000000000000000000000000000
00000000000000000000000000000000000000000000000000000000000000000000000000000000
00000000000000000000000000000000000000000000000000000000000000000000000000000000
00000000000000000000000000000000000000000000000000000000000000000000000000000000
00000000000000000000000000000000000000000000000000000000000000000000000000000000
00000000000000000000000000000000000000000000000000000000000000000000000000000000
00000000000000000000000000010000000000000000000000000000000000000000000000000000
00000000000000000000000000010000000010000000000000000000000000000000000000000000
00000000000000000000000000011000000110000000000000000000000000000000000000000000
00000000000000000000000000001000000100000000001000000000000000000000000000000000
00000000000000000000000000001100001100000000011000000000000000000000000000000000
00000000000000000000000000000100011000000011100000000000000000000000000000000000
00000000000000000000000000000000110000011110000000000000000000000000000000000000
00000000000000000000000000000011111111010000000000000000000000000000000000000000
00000000000000000000000000011111100000011000000000000000000000000000000000000000
00000000000000000000000000110000001000001011110000000000000000000000000000000000
00000000000000000000000000000010001000001110010000000000000000000000000000000000
00000000000000000000000000000010001000001000010000000000000000000000000000000000
00000000000000000000000000000010001000001000011000000000000000000000000000000000
00000000000000000000000000000010000100001001001000000000000000000000000000000000
00000000000000000000000000000111111111111111001000000000000000000000000000000000
00000000000000000000001111111110000100001000101000000010000000000000000000000000
00000000000000000000011000000010000100001000111100000010000000000000000000000000
00000000000000000000000000000010000100001000010100000010000000000000000000000000
00000000000000000000000000000010000100001100000100000010000000000000000000000000
00000000000000000000000000000010000100001100000110000010000000000000000000000000
00000000000000000000000000000010000100001100000011111110000000000000000000000000
00000000000000000000000000000010000100000100000000000000000000000000000000000000
00000000000000000000000000000000000000000000000000000000000000000000000000000000
00000000000000000000000000000000000000000000000000000000000000000000000000000000
00000000000000000000000000000000000000000000000000000000000000000000000000000000
00000000000000000000000000000000000000000000000000000000000000000000000000000000
00000000000000000000000000000000000000000000000000000000000000000000000000000000
00000000000000000000000000000000000000000000000000000000000000000000000000000000
00000000000000000000000000000000000000000000000000000000000000000000000000000000
00000000000000000000000000000000000000000000000000000000000000000000000000000000
00000000000000000000000000000000000000000000000000000000000000000000000000000000
00000000000000000000000000000000000000000000000000000000000000000000000000000000
00000000000000000000000000000000000000000000000000000000000000000000000000000000
00000000000000000000000000000000000000000000000000000000000000000000000000000000
00000000000000000000000000000000000000000000000000000000000000000000000000000000
00000000000000000000000000000000000000000000000000000000000000000000000000000000
00000000000000000000000000000000000000000000000000000000000000000000000000000000
00000000000000000000000000000000000000000000000000000000000000000000000000000000
00000000000000000000000000000000000000000000000000000000000000000000000000000000
00000000000000000000000000000000000000000000000000000000000000000000000000000000
00000000000000000000000000000000000000000000000000000000000000000000000000000000
00000000000000000000000000000000000000000000000000000000000000000000000000000000
00000000000000000000000000000000000000000000000000000000000000000000000000000000
00000000000000000000000000000000000000000000000000000000000000000000000000000000
00000000000000000000000000000000000000000000000000000000000000000000000000000000
00000000000000000000000000000000000000000000000000000000000000000000000000000000
