00000000000000000000000000000000000000000000000000000000000000000000000000000000
00000000000000000000000000000000000000000000000000000000000000000000000000000000
00000000000000000000000000000000000000000000000000000000000000000000000000000000
00000000000000000000000000000000000000000000000000000000000000000000000000000000
00000000000000000000000000000000000000000000000000000000000000000000000000000000
00000000000000000000000000000000000000000000000000000000000000000000000000000000
00000000000000000000000000000000000000000000000000000000000000000000000000000000
00000000000000000000000000000000000000000000000000000000000000000000000000000000
00000000000000000000000000000000000000000000000000000000000000000000000000000000
00000000000000000000000000000000000000000000000000000000000000000000000000000000
00000000000000000000000000000000000000000000000000000000000000000000000000000000
00000000000000000000000000000000000000000000000000000000000000000000000000000000
00000000000000000000000000000000000000000000000000000000000000000000000000000000
00000000000000000000000000000000000000000000000000000000000000000000000000000000
00000000000000000000000000000000000000000000000000000000000000000000000000000000
00000000000000000000000001000000001100000000000000000000000000000000000000000000
00000000000000000000000001100000001000000000000000000000000000000000000000000000
00000000000000000000000000100000011000000000000000000000000000000000000000000000
00000000000000000000000000010000110000011111111110000000000000000000000000000000
00000000000000000000000000011001100000000000000000000000000000000000000000000000
00000000000000000000000000001111000000000000000000000000000000000000000000000000
00000000000000000000000000001100000000000100000000000000000000000000000000000000
00000000000000000000000000011111111111000100000011000000000000000000000000000000
00000000000000000000000111110000000100000101111111000000000000000000000000000000
00000000000000000000000000000100000100000111000001000000000000000000000000000000
00000000000000000000000000000100000100000100000001000000000000000000000000000000
00000000000000000000000000000100000100000100010001000000000000000000000000000000
00000000000000000000000000000100000111111100011001000000000000000000000000000000
00000000000000000000000000111111111110000100001101000000000000000000000000000000
00000000000000000001111111000100000100000100000101000000000000000000000000000000
00000000000000000000000000000100000100000100010001000000000000000000000000000000
00000000000000000000000000000100000100000100010001000000000000000000000000000000
00000000000000000000000000000100000100000100110001000000000001000000000000000000
00000000000000000000000000000100000100000100100001100000000001000000000000000000
00000000000000000000000000000100000100000101100000100000000001000000000000000000
00000000000000000000000000000100000100000111000000100000000001000000000000000000
00000000000000000000000000000100000100000011000000110000000001000000000000000000
00000000000000000000000000000100000100000000000000010000000001000000000000000000
00000000000000000000000000000100000100000000000000011000000011000000000000000000
00000000000000000000000000000100000000000000000000001111111110000000000000000000
00000000000000000000000000000100000000000000000000000000000000000000000000000000
00000000000000000000000000000000000000000000000000000000000000000000000000000000
00000000000000000000000000000000000000000000000000000000000000000000000000000000
00000000000000000000000000000000000000000000000000000000000000000000000000000000
00000000000000000000000000000000000000000000000000000000000000000000000000000000
00000000000000000000000000000000000000000000000000000000000000000000000000000000
00000000000000000000000000000000000000000000000000000000000000000000000000000000
00000000000000000000000000000000000000000000000000000000000000000000000000000000
00000000000000000000000000000000000000000000000000000000000000000000000000000000
00000000000000000000000000000000000000000000000000000000000000000000000000000000
00000000000000000000000000000000000000000000000000000000000000000000000000000000
00000000000000000000000000000000000000000000000000000000000000000000000000000000
00000000000000000000000000000000000000000000000000000000000000000000000000000000
00000000000000000000000000000000000000000000000000000000000000000000000000000000
00000000000000000000000000000000000000000000000000000000000000000000000000000000
00000000000000000000000000000000000000000000000000000000000000000000000000000000
00000000000000000000000000000000000000000000000000000000000000000000000000000000
00000000000000000000000000000000000000000000000000000000000000000000000000000000
00000000000000000000000000000000000000000000000000000000000000000000000000000000
00000000000000000000000000000000000000000000000000000000000000000000000000000000
