00000000000000000000000000000000000000000000000000000000000000000000000000000000
00000000000000000000000000000000000000000000000000000000000000000000000000000000
00000000000000000000000000000000000000000000000000000000000000000000000000000000
00000000000000000000000000000000000000000000000000000000000000000000000000000000
00000000000000000000000000000000000000000000000000000000000000000000000000000000
00000000000000000000000000000000000000000000000000000000000000000000000000000000
00000000000000000000000000000000000000000000000000000000000000000000000000000000
00000000000000000000000000000000000000000000000000000000000000000000000000000000
00000000000000000000000000000000000000000000000000000000000000000000000000000000
00000000000000000000000000000000000000000000000000000000000000000000000000000000
00000000000000000000000000000000000000000000000000000000000000000000000000000000
00000000000000000000000000000000000000000000000000000000000000000000000000000000
00000000000000000000000000000000000000000000000000000000000000000000000000000000
00000000000000000000000000000000000000000000000000000000000000000000000000000000
00000000000000000000000000010000001000000000000000000000000000000000000000000000
00000000000000000000000000011000001000000000000000000000000000000000000000000000
00000000000000000000000000001100001000000000000000000000000000000000000000000000
00000000000000000000000000000100011000000000000000000000000000000000000000000000
00000000000000000000000000000011110000100001111100000000000000000000000000000000
00000000000000000000000000000111000000111110000000000000000000000000000000000000
00000000000000000000000000011100000000010000000000000000000000000000000000000000
00000000000000000000000111111111111100010000000010000000000000000000000000000000
00000000000000000000000000010000011000010000011110000000000000000000000000000000
00000000000000000000000000011000001000011011100010000000000000000000000000000000
00000000000000000000000000001000001000011110000010000000000000000000000000000000
00000000000000000000000000001000001000011000000010000000000000000000000000000000
00000000000000000000000000000100000111111000100010000000000000000000000000000000
00000000000000000000000000001111111100001000110010000000000000000000000000000000
00000000000000000000011111111100000100001000011010000000000000000000000000000000
00000000000000000000000000000100000100001000001110000000000000000000000000000000
00000000000000000000000000000110000100001000000010000000000000000000000000000000
00000000000000000000000000000010000010001000010010000000000000000000000000000000
00000000000000000000000000000010000010001000110010000000000000000000000000000000
00000000000000000000000000000010000010001101100010000000000000000000000000000000
00000000000000000000000000000010000010000101000010000000001000000000000000000000
00000000000000000000000000000010000011000110000001000000001000000000000000000000
00000000000000000000000000000010000001000000000001000000010000000000000000000000
00000000000000000000000000000010000001000000000001100000010000000000000000000000
00000000000000000000000000000000000001000000000000110000110000000000000000000000
00000000000000000000000000000000000001000000000000011111100000000000000000000000
00000000000000000000000000000000000001000000000000000000000000000000000000000000
00000000000000000000000000000000000001000000000000000000000000000000000000000000
00000000000000000000000000000000000000000000000000000000000000000000000000000000
00000000000000000000000000000000000000000000000000000000000000000000000000000000
00000000000000000000000000000000000000000000000000000000000000000000000000000000
00000000000000000000000000000000000000000000000000000000000000000000000000000000
00000000000000000000000000000000000000000000000000000000000000000000000000000000
00000000000000000000000000000000000000000000000000000000000000000000000000000000
00000000000000000000000000000000000000000000000000000000000000000000000000000000
00000000000000000000000000000000000000000000000000000000000000000000000000000000
00000000000000000000000000000000000000000000000000000000000000000000000000000000
00000000000000000000000000000000000000000000000000000000000000000000000000000000
00000000000000000000000000000000000000000000000000000000000000000000000000000000
00000000000000000000000000000000000000000000000000000000000000000000000000000000
00000000000000000000000000000000000000000000000000000000000000000000000000000000
00000000000000000000000000000000000000000000000000000000000000000000000000000000
00000000000000000000000000000000000000000000000000000000000000000000000000000000
00000000000000000000000000000000000000000000000000000000000000000000000000000000
00000000000000000000000000000000000000000000000000000000000000000000000000000000
00000000000000000000000000000000000000000000000000000000000000000000000000000000
