00000000000000000000000000000000000000000000000000000000000000000000000000000000
00000000000000000000000000000000000000000000000000000000000000000000000000000000
00000000000000000000000000000000000000000000000000000000000000000000000000000000
00000000000000000000000000000000000000000000000000000000000000000000000000000000
00000000000000000000000000000000000000000000000000000000000000000000000000000000
00000000000000000000000000000000000000000000000000000000000000000000000000000000
00000000000000000000000000000000000000000000000000000000000000000000000000000000
00000000000000000000000000000000000000000000000000000000000000000000000000000000
00000000000000000000000000000000000000000000000000000000000000000000000000000000
00000000000000000000000000000000000000000000000000000000000000000000000000000000
00000000000000000000000000000000000000000000000000000000000000000000000000000000
00000000000000000000000000000000000000000000000000000000000000000000000000000000
00000000000000000000000000000000000000000000000000000000000000000000000000000000
00000000000000000000000000000010000000100000000000000000000000000000000000000000
00000000000000000000000000000010000000100000000000000000000000000000000000000000
00000000000000000000000000000001000000100000000000000000000000000000000000000000
00000000000000000000000000000001100001100000000000000000000000000000000000000000
00000000000000000000000000000000100001000000000000000000000000000000000000000000
00000000000000000000000000000000110011000000000000000001100000000000000000000000
00000000000000000000000000000000010010000000100000011111000000000000000000000000
00000000000000000000000000000000001100000000011111100000000000000000000000000000
00000000000000000000000000000001111111111100000000000000000000000000000000000000
00000000000000000000000000011111010000010000000110000000001100000000000000000000
00000000000000000000000000110000010000010000000100000001111100000000000000000000
00000000000000000000000000000000010000010000000100001110001100000000000000000000
00000000000000000000000000000000010000001000000111110000001000000000000000000000
00000000000000000000000000000000010000001000000100000000001000000000000000000000
00000000000000000000000000000000011000001000111100011000010000000000000000000000
00000000000000000000000000000000011111111111101000001000010000000000000000000000
00000000000000000000000111111111101000001000001000001100010000000000000000000000
00000000000000000000000000000000001000001000001000000110010000000000000000000000
00000000000000000000000000000000001000001000001000000111010000000000000000000000
00000000000000000000000000000000001000001000001000000101110000000000000000000000
00000000000000000000000000000000001000001000001000000100110000000000000000000000
00000000000000000000000000000000001000001000001000001100010000000000000000000000
00000000000000000000000000000000001000001000001000001000010000000000000000000000
00000000000000000000000000000000001000001000001000001000010000000100000000000000
00000000000000000000000000000000001000001000001000010000010000001100000000000000
00000000000000000000000000000000001000001000000100100000011000011000000000000000
00000000000000000000000000000000000000001000000111000000001100110000000000000000
00000000000000000000000000000000000000000000000000000000000111100000000000000000
00000000000000000000000000000000000000000000000000000000000000000000000000000000
00000000000000000000000000000000000000000000000000000000000000000000000000000000
00000000000000000000000000000000000000000000000000000000000000000000000000000000
00000000000000000000000000000000000000000000000000000000000000000000000000000000
00000000000000000000000000000000000000000000000000000000000000000000000000000000
00000000000000000000000000000000000000000000000000000000000000000000000000000000
00000000000000000000000000000000000000000000000000000000000000000000000000000000
00000000000000000000000000000000000000000000000000000000000000000000000000000000
00000000000000000000000000000000000000000000000000000000000000000000000000000000
00000000000000000000000000000000000000000000000000000000000000000000000000000000
00000000000000000000000000000000000000000000000000000000000000000000000000000000
00000000000000000000000000000000000000000000000000000000000000000000000000000000
00000000000000000000000000000000000000000000000000000000000000000000000000000000
00000000000000000000000000000000000000000000000000000000000000000000000000000000
00000000000000000000000000000000000000000000000000000000000000000000000000000000
00000000000000000000000000000000000000000000000000000000000000000000000000000000
00000000000000000000000000000000000000000000000000000000000000000000000000000000
00000000000000000000000000000000000000000000000000000000000000000000000000000000
00000000000000000000000000000000000000000000000000000000000000000000000000000000
