00000000000000000000000000000000000000000000000000000000000000000000000000000000
00000000000000000000000000000000000000000000000000000000000000000000000000000000
00000000000000000000000000000000000000000000000000000000000000000000000000000000
00000000000000000000000000000000000000000000000000000000000000000000000000000000
00000000000000000000000000000000000000000000000000000000000000000000000000000000
00000000000000000000000000000000000000000000000000000000000000000000000000000000
00000000000000000000000000000000000000000000000000000000000000000000000000000000
00000000000000000000000000000000000000000000000000000000000000000000000000000000
00000000000000000000000000000000000000000000000000000000000000000000000000000000
00000000000000000000000000000000000000000000000000000000000000000000000000000000
00000000000000000000000000000000000000000000000000000000000000000000000000000000
00000000000000000000000000000000000000000000000000000000000000000000000000000000
00000000000000000000000000010000001000000000000000000000000000000000000000000000
00000000000000000000000000010000001000000000000000000000000000000000000000000000
00000000000000000000000000010000001000000000000000000000000000000000000000000000
00000000000000000000000000010000010000000000000000000000000000000000000000000000
00000000000000000000000000011000110000000000001000000000000000000000000000000000
00000000000000000000000000001001100000000001111000000000000000000000000000000000
00000000000000000000000000001111000001111110000000000000000000000000000000000000
00000000000000000000000000000111111110000000000000000000000000000000000000000000
00000000000000000000000001111110100000010000000000000000000000000000000000000000
00000000000000000000011111000000100000010000001111000000000000000000000000000000
00000000000000000000000000100000100000010001111001000000000000000000000000000000
00000000000000000000000000100000100000010111000001000000000000000000000000000000
00000000000000000000000000100000100001111000000001000000000000000000000000000000
00000000000000000000000000100000111111010010000001000000000000000000000000000000
00000000000000000000000000111111100000010010000011000000000000000000000000000000
00000000000000000001111111100000100000010001100010000000000000000000000000000000
00000000000000000000000000100000100000010000110010000000000000000000000000000000
00000000000000000000000000100000100000010000011010000000000000000000000000000000
00000000000000000000000000100000100000001000001110000000000000000000000000000000
00000000000000000000000000100000100000001001000010000000000000000000000000000000
00000000000000000000000000100000100000001001000010000000000000000000000000000000
00000000000000000000000000100000100000001011000010000000000000000000000000000000
00000000000000000000000000100000100000001010000010000000001000000000000000000000
00000000000000000000000000100000100000001110000011000000001000000000000000000000
00000000000000000000000000100000100000000110000001000000001000000000000000000000
00000000000000000000000000100000100000000000000001000000001000000000000000000000
00000000000000000000000000000000110000000000000001100000011000000000000000000000
00000000000000000000000000000000010000000000000000110000110000000000000000000000
00000000000000000000000000000000010000000000000000011111000000000000000000000000
00000000000000000000000000000000000000000000000000000000000000000000000000000000
00000000000000000000000000000000000000000000000000000000000000000000000000000000
00000000000000000000000000000000000000000000000000000000000000000000000000000000
00000000000000000000000000000000000000000000000000000000000000000000000000000000
00000000000000000000000000000000000000000000000000000000000000000000000000000000
00000000000000000000000000000000000000000000000000000000000000000000000000000000
00000000000000000000000000000000000000000000000000000000000000000000000000000000
00000000000000000000000000000000000000000000000000000000000000000000000000000000
00000000000000000000000000000000000000000000000000000000000000000000000000000000
00000000000000000000000000000000000000000000000000000000000000000000000000000000
00000000000000000000000000000000000000000000000000000000000000000000000000000000
00000000000000000000000000000000000000000000000000000000000000000000000000000000
00000000000000000000000000000000000000000000000000000000000000000000000000000000
00000000000000000000000000000000000000000000000000000000000000000000000000000000
00000000000000000000000000000000000000000000000000000000000000000000000000000000
00000000000000000000000000000000000000000000000000000000000000000000000000000000
00000000000000000000000000000000000000000000000000000000000000000000000000000000
00000000000000000000000000000000000000000000000000000000000000000000000000000000
00000000000000000000000000000000000000000000000000000000000000000000000000000000
