00000000000000000000000000000000000000000000000000000000000000000000000000000000
00000000000000000000000000000000000000000000000000000000000000000000000000000000
00000000000000000000000000000000000000000000000000000000000000000000000000000000
00000000000000000000000000000000000000000000000000000000000000000000000000000000
00000000000000000000000000000000000000000000000000000000000000000000000000000000
00000000000000000000000000000000000000000000000000000000000000000000000000000000
00000000000000000000000000000000000000000000000000000000000000000000000000000000
00000000000000000000000000000000000000000000000000000000000000000000000000000000
00000000000000000000000000000000000000000000000000000000000000000000000000000000
00000000000000000000000000000000000000000000000000000000000000000000000000000000
00000000000000000000000000000000000000000000000000000000000000000000000000000000
00000000000000000000000000000000000000000000000000000000000000000000000000000000
00000000000000000000000000000010000000001000000000000000000000000000000000000000
00000000000000000000000000000001000000010000000000000000000000000000000000000000
00000000000000000000000000000001100000010000000000000000000000000000000000000000
00000000000000000000000000000000100000110000000000000000000000000000000000000000
00000000000000000000000000000000110000100000000000000000000000000000000000000000
00000000000000000000000000000000010001000000000000110000000000000000000000000000
00000000000000000000000000000000001011000000001111000000000000000000000000000000
00000000000000000000000000000000000110001110111000000000000000000000000000000000
00000000000000000000000000000001111111111000001000000000000000000000000000000000
00000000000000000000000000000111000000010000001000000000000000000000000000000000
00000000000000000000000000000000010000010000001000011111100000000000000000000000
00000000000000000000000000000000010000010000001001110000100000000000000000000000
00000000000000000000000000000000010000010000001111000000100000000000000000000000
00000000000000000000000000000000010000010000001100000000100000000000000000000000
00000000000000000000000000000000010000011000001000001000100000000000000000000000
00000000000000000000000000000000010000001011111100001000100000000000000000000000
00000000000000000000000000000000011111111100001000001000100000000000000000000000
00000000000000000000000000011111111000001000000100001100100000000000000000000000
00000000000000000000000000000000001000001000000100000100100000000000000000000000
00000000000000000000000000000000001000001000000100000110100000000000000000000000
00000000000000000000000000000000001000001000000100001000100000000000000000000000
00000000000000000000000000000000001000001000000100001000010000000000000000000000
00000000000000000000000000000000001000001000000110011000010000000100000000000000
00000000000000000000000000000000001000001000000010010000011000000100000000000000
00000000000000000000000000000000001000001000000010110000001000000100000000000000
00000000000000000000000000000000001000001100000011100000001100000100000000000000
00000000000000000000000000000000001000000100000001100000000110000100000000000000
00000000000000000000000000000000001000000000000000000000000010001100000000000000
00000000000000000000000000000000001000000000000000000000000011001000000000000000
00000000000000000000000000000000001000000000000000000000000001110000000000000000
00000000000000000000000000000000000000000000000000000000000000000000000000000000
00000000000000000000000000000000000000000000000000000000000000000000000000000000
00000000000000000000000000000000000000000000000000000000000000000000000000000000
00000000000000000000000000000000000000000000000000000000000000000000000000000000
00000000000000000000000000000000000000000000000000000000000000000000000000000000
00000000000000000000000000000000000000000000000000000000000000000000000000000000
00000000000000000000000000000000000000000000000000000000000000000000000000000000
00000000000000000000000000000000000000000000000000000000000000000000000000000000
00000000000000000000000000000000000000000000000000000000000000000000000000000000
00000000000000000000000000000000000000000000000000000000000000000000000000000000
00000000000000000000000000000000000000000000000000000000000000000000000000000000
00000000000000000000000000000000000000000000000000000000000000000000000000000000
00000000000000000000000000000000000000000000000000000000000000000000000000000000
00000000000000000000000000000000000000000000000000000000000000000000000000000000
00000000000000000000000000000000000000000000000000000000000000000000000000000000
00000000000000000000000000000000000000000000000000000000000000000000000000000000
00000000000000000000000000000000000000000000000000000000000000000000000000000000
00000000000000000000000000000000000000000000000000000000000000000000000000000000
