00000000000000000000000000000000000000000000000000000000000000000000000000000000
00000000000000000000000000000000000000000000000000000000000000000000000000000000
00000000000000000000000000000000000000000000000000000000000000000000000000000000
00000000000000000000000000000000000000000000000000000000000000000000000000000000
00000000000000000000000000000000000000000000000000000000000000000000000000000000
00000000000000000000000000000000000000000000000000000000000000000000000000000000
00000000000000000000000000000000000000000000000000000000000000000000000000000000
00000000000000000000000000000000000000000000000000000000000000000000000000000000
00000000000000000000000000000000000000000000000000000000000000000000000000000000
00000000000000000000000000000000000000000000000000000000000000000000000000000000
00000000000000000000000000000000000000000000000000000000000000000000000000000000
00000000000000000000000000000000000000000000000000000000000000000000000000000000
00000000000000000000000000000000000000000000000000000000000000000000000000000000
00000000000000000000000000000000000000000000000000000000000000000000000000000000
00000000000000000000000000000000000000000000000000000000000000000000000000000000
00000000000000000000000000000000000000000000000000000000000000000000000000000000
00000000000000000000000000000000000000000000000000000000000000000000000000000000
00000000000000000000000000000000000000000000000000000000000000000000000000000000
00000000000000000000000000000000000000000000000000000000000000000000000000000000
00000000000000000000000000000000000000000000000000000000000000000000000000000000
00000000000000000000000000000000000000000000000000000000000000000000000000000000
00000000000000000000000000000000000000000000000000000000000000000000000000000000
00000000000000000000000000000000000000000000000000000000000000000000000000000000
00000000000000000000000000000000000000000000000000000000000000000000000000000000
00000000000000000000000000000000000000000000000000000000000000000000000000000000
00000000000000000000000000000000000000000000000000000000000000000000000000000000
00000000000000000010000000000000000000000000000000000000000000000000000000000000
00000000000000000010000000000000000000000000000000000000000000000000000000000000
00000000000000000010000000000000000000000000000000000000000000000000000000000000
00000000000000000110000000001000000000000000000000000000000000000000000000000000
00000000000000000100000000001000000000000000000000000000000000000000000000000000
00000000000000000100000000001000000000000000000000000000000000000000000000000000
00000000000000000100000000001000000000000000000000000000000000000000000000000000
00000000000000000100000000011000000000000000000000000000000000000000000000000000
00000000000000000100000000010000000000000000000000000000000000000000000000000000
00000000000000000100000000011111100000000000000000000000000000000000000000000000
00000000000000001111111111110000000000000000000000000000000000000000000000000000
00000001111111111100000000010000000000000000000000000000000000000000000000000000
00000000000000000100000000010000000000000000000000000000000000000000000000000000
00000000000000000100000000110000111100000000000000000000000000000000000000000000
00000000000000000100000000101111000100000000000000000000000000000000000000000000
00000000000000000101110010111000000100000000000000000000000000000000000000000000
00000000000000000111000011000000000100000000000000000000000000000000000000000000
00000000000000011100000001100000001100000000000000000000000000000000000000000000
00000000000001110100000000110000001000000000000000000000000000000000000000000000
00000000000011000100000000011000011000000000000000000000000000000000000000000000
00000000000110000100000000001100110000000000000000000000000000000000000000000000
00000000000000000100000000000110100000000000000000000000000000000000000000000000
00000000000000001100000000000011100000000000000000000000000000000000000000000000
00000000000000001000000000000001000000000000000000000000000000000000000000000000
00000000000010001000000000000011100000000000000000000000000000000000000000000000
00000000000001001000000000000110110000000000000000000000000000000000000000000000
00000000000001101000000000000100011000000000000000000000000000000000000000000000
00000000000000101010000000001000000110000000000000000000000000000000000000000000
00000000000000110010000000110000000011110000000000000000000000000000000000000000
00000000000000000010000011100000000000011111111000000000000000000000000000000000
00000000000000000011001110000000000000000000000000000000000000000000000000000000
00000000000000000001111000000000000000000000000000000000000000000000000000000000
00000000000000000000000000000000000000000000000000000000000000000000000000000000
00000000000000000000000000000000000000000000000000000000000000000000000000000000
