00000000000000000000000000000000000000000000000000000000000000000000000000000000
00000000000000000000000000000000000000000000000000000000000000000000000000000000
00000000000000000000000000000000000000000000000000000000000000000000000000000000
00000000000000000000000000000000000000000000000000000000000000000000000000000000
00000000000000000000000000000000000000000000000000000000000000000000000000000000
00000000000000000000000000000000000000000000000000000000000000000000000000000000
00000000000000000000000000000000000000000000000000000000000000000000000000000000
00000000000000000000000000000000000000000000000000000000000000000000000000000000
00000000000000000000000000000000000000000000000000000000000000000000000000000000
00000000000000000000000000000000000000000000000000000000000000000000000000000000
00000000000000000000000000000000000000000000000000000000000000000000000000000000
00000000000000000000000000000000000000000000000000000000000000000000000000000000
00000000000000000000000000000000000000000000000000000000000000000000000000000000
00000000000000000000000000000000000000000000000000000000000000000000000000000000
00000000000000000000000000000000000000000000000000000000000000000000000000000000
00000000000000000000000000000000000000000000000000000000000000000000000000000000
00000000000000000000000000000000000000000000000000000000000000000000000000000000
00000000000000000000000000000000000000000000000000000000000000000000000000000000
00000000000000000000000000000000000000000000000000000000000000000000000000000000
00000000000000000000000000000000000000000000000000000000000000000000000000000000
00000000000000000000000000000000000000000000000000000000000000000000000000000000
00000000000000000000000000000000000000000000000000000000000000000000000000000000
00000000000000000000000000000000000000000000000000000000000000000000000000000000
00000000000000000000000000000000000000000000000000000000000000000000000000000000
00000000000000000000000000000000000000000000000000000000000000000000000000000000
00000000000000000000000000000000000000000000000000000000000000000000000000000000
00000000000000000000000000000000000000000000000000000000000000000000000000000000
00000000000000000000000000000000000000000000000000000000000000000000000000000000
00000000000000100000000000000100000000000000000000000000000000000000000000000000
00000000000000110000000000000100000000000000000000000000000000000000000000000000
00000000000000010000000000000100000000000000000000000000000000000000000000000000
00000000000000010000000000000100000000000000000000000000000000000000000000000000
00000000000000010000000000000100000000000000000000000000000000000000000000000000
00000000000000010000000000000100000000000000000000000000000000000000000000000000
00000000000000010000000000000100000000000000000000000000000000000000000000000000
00000000000000001000000000011111000000000000000000000000000000000000000000000000
00000000000000001000000011110101000000000000000000000000000000000000000000000000
00000000000000001000001110000111000000000000000000000000000000000000000000000000
00000000000000011111111110000110000000000000000000000000000000000000000000000000
00000000000111111000000000000110000000000000000000000000000000000000000000000000
00000001111111100001000000000001111111000000000000000000000000000000000000000000
00000000000000000001001000000111100001000000000000000000000000000000000000000000
00000000000000000001111000001100000001000000000000000000000000000000000000000000
00000000000000000011100001000000000010000000000000000000000000000000000000000000
00000000000000000111000001100000000110000000000000000000000000000000000000000000
00000000000000011001000000110000000100000000000000000000000000000000000000000000
00000000000000110001000000011000001100000000000000000000000000000000000000000000
00000000000111100001000000001100001000000000000000000000000000000000000000000000
00000000000000000001000000000010011000000000000000000000000000000000000000000000
00000000000000000001000000000001110000000000000000000000000000000000000000000000
00000000000000000001000000000001100000000000000000000000000000000000000000000000
00000000000000000001000000000011110000000000000000000000000000000000000000000000
00000000000000010001000000000110011000000000000000000000000000000000000000000000
00000000000000010001000000001100000100000000000000000000000000000000000000000000
00000000000000001101110001110000000011000000000000000000000000000000000000000000
00000000000000000110001111000000000001100000000000000000000000000000000000000000
00000000000000000110000000000000000000011100000000000000000000000000000000000000
00000000000000000000000000000000000000000111110000000000000000000000000000000000
00000000000000000000000000000000000000000000011111100000000000000000000000000000
00000000000000000000000000000000000000000000000000000000000000000000000000000000
