00000000000000000000000000000000000000000000000000000000000000000000000000000000
00000000000000000000000000000000000100000000000000000000000000000000000000000000
00000000000000000000000000000000000100000000000010000000000000000000000000000000
00000000000000000000000000000000000100000000000010000000000000000000000000000000
00000000000000000000000000000000000100000000000010000000000000000000000000000000
00000000000000000000000000000000000100000000000010000000000000000000000000000000
00000000000000000000000000000000000100000000000010000000000000000000000000000000
00000000000000000000000000000000000100000000000010000000000000000000000000000000
00000000000000000000000000000000000100000000000010011110000000000000000000000000
00000000000000000000000000000000000100111100001111110000000000000000000000000000
00000000000000000000000000001111111111000111111010000000000000000000000000000000
00000000000000000000000000000000000100000000000010000000000000000000000000000000
00000000000000000000000000000000000100000000000110000000000000000000000000000000
00000000000000000000000000000000000100000000000100000000000000000000000000000000
00000000000000000000000000000000000100000000000111111110000000000000000000000000
00000000000000000000000000000000000100010000001110000010000000000000000000000000
00000000000000000000000000000000000101100001111000000010000000000000000000000000
00000000000000000000000000000000000111000011000000000010000000000000000000000000
00000000000000000000000000000000011100000110000000000010000000000000000000000000
00000000000000000000000000000001110100000011100000000100000000000000000000000000
00000000000000000000000000000011000100000000110000001100000000000000000000000000
00000000000000000000000000001110000100000000001100001000000000000000000000000000
00000000000000000000000000001000000100000000000110001000000000000000000000000000
00000000000000000000000000000000000100000000000001110000000000000000000000000000
00000000000000000000000000000000000100000000000000110000000000000000000000000000
00000000000000000000000000000000000100000000000001101100000000000000000000000000
00000000000000000000000000000000000100000000000011000111000000000000000000000000
00000000000000000000000000000000001001100000000110000001100000000000000000000000
00000000000000000000000000000000111000111000111000000000011000000000000000000000
00000000000000000000000000000000011000001111100000000000000110000000000000000000
00000000000000000000000000000000000000000000000000000000000001110000000000000000
00000000000000000000000000000000000000000000000000000000000000011111111000000000
00000000000000000000000000000000000000000000000000000000000000000000000000000000
00000000000000000000000000000000000000000000000000000000000000000000000000000000
00000000000000000000000000000000000000000000000000000000000000000000000000000000
00000000000000000000000000000000000000000000000000000000000000000000000000000000
00000000000000000000000000000000000000000000000000000000000000000000000000000000
00000000000000000000000000000000000000000000000000000000000000000000000000000000
00000000000000000000000000000000000000000000000000000000000000000000000000000000
00000000000000000000000000000000000000000000000000000000000000000000000000000000
00000000000000000000000000000000000000000000000000000000000000000000000000000000
00000000000000000000000000000000000000000000000000000000000000000000000000000000
00000000000000000000000000000000000000000000000000000000000000000000000000000000
00000000000000000000000000000000000000000000000000000000000000000000000000000000
00000000000000000000000000000000000000000000000000000000000000000000000000000000
00000000000000000000000000000000000000000000000000000000000000000000000000000000
00000000000000000000000000000000000000000000000000000000000000000000000000000000
00000000000000000000000000000000000000000000000000000000000000000000000000000000
00000000000000000000000000000000000000000000000000000000000000000000000000000000
00000000000000000000000000000000000000000000000000000000000000000000000000000000
00000000000000000000000000000000000000000000000000000000000000000000000000000000
00000000000000000000000000000000000000000000000000000000000000000000000000000000
00000000000000000000000000000000000000000000000000000000000000000000000000000000
00000000000000000000000000000000000000000000000000000000000000000000000000000000
00000000000000000000000000000000000000000000000000000000000000000000000000000000
00000000000000000000000000000000000000000000000000000000000000000000000000000000
00000000000000000000000000000000000000000000000000000000000000000000000000000000
00000000000000000000000000000000000000000000000000000000000000000000000000000000
00000000000000000000000000000000000000000000000000000000000000000000000000000000
00000000000000000000000000000000000000000000000000000000000000000000000000000000
