00000000000000000000000000000000000000000000000000000000000000000000000000000000
00000000000000000000000000000000000000000000000000000000000000000000000000000000
00000000000000000000000000000000000000000000000000000000000000000000000000000000
00000000000000000000000000000000000000000000000000000000000000000000000000000000
00000000000000000000000000000000000000000000000000000000000000000000000000000000
00000000000000000000000000000000000000000000000000000000000000000000000000000000
00000000000000000000000000000000000000000000000000000000000000000000000000000000
00000000000000000000000000000000000000000000000000000000000000000000000000000000
00000000000000000000000000000000000000000000000000000000000000000000000000000000
00000000000000000000000000000000000000000000000000000000000000000000000000000000
00000000000000000000000000000000000000000000000000000000000000000000000000000000
00000000000000000000000000000000000000000000000000000000000000000000000000000000
00000000000000000000000000000000000000000000000000000000000000000000000000000000
00000000000000000000000000000000000000000000000000000000000000000000000000000000
00000000000000000000000000000000000000000000000000000000000000000000000000000000
00000000000000000000000000000000000000000000000000000000000000000000000000000000
00000000000000000000000000000000000000000000000000000000000000000000000000000000
00000000000000000000000000000000000000000000000000000000000000000000000000000000
00000000000000000000000000000000000000000000000000000000000000000000000000000000
00000000000000000000000000000000000000000000000000000000000000000000000000000000
00000000000000000000000000000000000000000000000000000000000000000000000000000000
00000000000000000000000000000000000000000000000000000000000000000000000000000000
00000000000000000000000000000000000000000000000000000000000000000000000000000000
00000000000000000000000000000000000000000000000000000000000000000000000000000000
00000000000000000000000000000000000000000000000000000000000000000000000000000000
00000000000000000100000000000000000000000000000000000000000000000000000000000000
00000000000000000110000000000100000000000000000000000000000000000000000000000000
00000000000000000010000000000100000000000000000000000000000000000000000000000000
00000000000000000010000000000100000000000000000000000000000000000000000000000000
00000000000000000010000000000100000000000000000000000000000000000000000000000000
00000000000000000010000000000100000000000000000000000000000000000000000000000000
00000000000000000011000000000100000000000000000000000000000000000000000000000000
00000000000000000001000000000100000000000000000000000000000000000000000000000000
00000000000000000001000000000100111110000000000000000000000000000000000000000000
00000000000000000001111111001111100000000000000000000000000000000000000000000000
00000000000000011111000001111100000000000000000000000000000000000000000000000000
00000000000011111110001000011000100000000000000000000000000000000000000000000000
00000000000000000000001000000000100000000000000000000000000000000000000000000000
00000000000000000000001001110000100000000000000000000000000000000000000000000000
00000000000000000000001011000000100000000000000000000000000000000000000000000000
00000000000000000000001110000000100011110000000000000000000000000000000000000000
00000000000000000000111000000000101110010000000000000000000000000000000000000000
00000000000000000011101000000000111000010000000000000000000000000000000000000000
00000000000000000110001000000011000000110000000000000000000000000000000000000000
00000000000000011100001000110100000000100000000000000000000000000000000000000000
00000000000000000000001000011000000001000000000000000000000000000000000000000000
00000000000000000000001000000110000011000000000000000000000000000000000000000000
00000000000000000000001000000011000110000000000000000000000000000000000000000000
00000000000000000011001000000000110100000000000000000000000000000000000000000000
00000000000000000001001000000000011000000000000000000000000000000000000000000000
00000000000000000001101000000000011110000000000000000000000000000000000000000000
00000000000000000000111000000000110011000000000000000000000000000000000000000000
00000000000000000000010000000001100001100000000000000000000000000000000000000000
00000000000000000000001000001110000000110000000000000000000000000000000000000000
00000000000000000000001111111000000000011100000000000000000000000000000000000000
00000000000000000000000000000000000000000111000000000000000000000000000000000000
00000000000000000000000000000000000000000001100000000000000000000000000000000000
00000000000000000000000000000000000000000000111111111111100000000000000000000000
00000000000000000000000000000000000000000000000000000000000000000000000000000000
00000000000000000000000000000000000000000000000000000000000000000000000000000000
