00000000000000000000000000000000000000000000000000000000000000000000000000000000
00000000000000000000000000000000000000000000000000000000000000000000000000000000
00000000000000000000000000000000000000000000000000000000000000000000000000000000
00000000000000000000000000000000000000000000000000000000000000000000000000000000
00000000000000000000000000000000000000000000000000000000000000000000000000000000
00000000000000000000000000000000000000000000000000000000000000000000000000000000
00000000000000000000000000000000000000000000000000000000000000000000000000000000
00000000000000000000000000000000000000000000000000000000000000000000000000000000
00000000000000000000000000000000000000000000000000000000000000000000000000000000
00000000000000000000000000000000000000000000000000000000000000000000000000000000
00000000000000000000000000000000000000000000000000000000000000000000000000000000
00000000000000000000000000000000000000000000000000000000000000000000000000000000
00000000000000000000000000000000000000000000000000000000000000000000000000000000
00000000000000000000000000000000000010000000000000000000000000000000000000000000
00000000000000000000000000000000000010000000000000000000000000000000000000000000
00000000000000000000000000000000000010000000000000000000000000000000000000000000
00000000000000000000000000000000000010000000000000000000000000000000000000000000
00000000000000000000000000000000000010000011000000000000000000000000000000000000
00000000000000000000000000000000000010011110000000000000000000000000000000000000
00000000000000000000000000000000001111100000000000000000000000000000000000000000
00000000000000000000000000011111110010000000000000000000000000000000000000000000
00000000000000000000000000000000000010000000000000000000000000000000000000000000
00000000000000000000000000000000000010000000000000000000000000000000000000000000
00000000000000000000000000000000000010000000000000000000000000000000000000000000
00000000000000000000000000000000000010000000000000000000000000000000000000000000
00000000000000000000000000000000000010000000000000000000000000000000000000000000
00000000000000000000000000000000000010000000000000000000000000000000000000000000
00000000000000000000000000000000000010000000001111100000000000000000000000000000
00000000000000000000000000000000000011111111111000000000000000000000000000000000
00000000000000000000000000000000111111100000000000000000000000000000000000000000
00000000000000000000000001111111000011000000000000000000000000000000000000000000
00000000000000000000011110000000000110000000000000000000000000000000000000000000
00000000000000000000000000000000001100000100000000000000000000000000000000000000
00000000000000000000000000000000011000000100000000000000000000000000000000000000
00000000000000000000000000000000110000000110000000000000000000000000000000000000
00000000000000000000000000000001000000000110000000000000000000000000000000000000
00000000000000000000000000000010000000000110000000000000000000000000000000000000
00000000000000000000000000000100011111111101000000000000000000000000000000000000
00000000000000000000000000000111100000000001000000000000000000000000000000000000
00000000000000000000000000000000000000000000100000000000000000000000000000000000
00000000000000000000000000000000000000000000100000000000000000000000000000000000
00000000000000000000000000000000000000000000010000000000000000000000000000000000
00000000000000000000000000000000000000000000011000000000000000000000000000000000
00000000000000000000000000000000000000000000000000000000000000000000000000000000
00000000000000000000000000000000000000000000000000000000000000000000000000000000
00000000000000000000000000000000000000000000000000000000000000000000000000000000
00000000000000000000000000000000000000000000000000000000000000000000000000000000
00000000000000000000000000000000000000000000000000000000000000000000000000000000
00000000000000000000000000000000000000000000000000000000000000000000000000000000
00000000000000000000000000000000000000000000000000000000000000000000000000000000
00000000000000000000000000000000000000000000000000000000000000000000000000000000
00000000000000000000000000000000000000000000000000000000000000000000000000000000
00000000000000000000000000000000000000000000000000000000000000000000000000000000
00000000000000000000000000000000000000000000000000000000000000000000000000000000
00000000000000000000000000000000000000000000000000000000000000000000000000000000
00000000000000000000000000000000000000000000000000000000000000000000000000000000
00000000000000000000000000000000000000000000000000000000000000000000000000000000
00000000000000000000000000000000000000000000000000000000000000000000000000000000
00000000000000000000000000000000000000000000000000000000000000000000000000000000
00000000000000000000000000000000000000000000000000000000000000000000000000000000
