00000000000000000000000000000000000000000000000000000000000000000000000000000000
00000000000000000000000000000000000000000000000000000000000000000000000000000000
00000000000000000000000000000000000000000000000000000000000000000000000000000000
00000000000000000000000000000000000000000000000000000000000000000000000000000000
00000000000000000000000000000000000000000000000000000000000000000000000000000000
00000000000000000000000000000000000000000000000000000000000000000000000000000000
00000000000000000000000000000000000000000000000000000000000000000000000000000000
00000000000000000000000000000000000000000000000000000000000000000000000000000000
00000000000000000000000000000000000000000000000000000000000000000000000000000000
00000000000000000000000000000000000000000000000000000000000000000000000000000000
00000000000000000000000000000000000000000000000000000000000000000000000000000000
00000000000000000000000000000000000000000000000000000000000000000000000000000000
00000000000000000000000000000000000000000000000000000000000000000000000000000000
00000000000000000000000000000000000000000000000000000000000000000000000000000000
00000000000000000000000000000000000000000000000000000000000000000000000000000000
00000000000000000000000000000000000000000000000000000000000000000000000000000000
00000000000000000000000000000000000000000000010000000000000000000000000000000000
00000000000000000000000000000000000000000000010000000000000000000000000000000000
00000000000000000000000000000000000000000000010000000000000000000000000000000000
00000000000000000000000000000000000000000010010000000000000000000000000000000000
00000000000000000000000000000000000000000010010000000000000000000000000000000000
00000000000000000000000000000000000000000010010000000000000000000000000000000000
00000000000000000000000000000000001111110010010000111111000000000000000000000000
00000000000000000000000111111111111100000010011111110000000000000000000000000000
00000000000000000000000111110010000000000010010000011111111000000000000000000000
00000000000000000000000000000010011000000010010011111001000000000000000000000000
00000000000000000000000000000010010000100011010000010001000000000000000000000000
00000000000000000000000000000010010000100101010000010001000000000000000000000000
00000000000000000000000000000010010000100101010000011111100000000000000000000000
00000000000000000000000000000011111111100101011111110001000000000000000000000000
00000000000000000000000111111110010011111101010000010001111110000000000000000000
00000000000000000000000000000111111110110101010000011111000000000000000000000000
00000000000000000000001111111001010000010101010011110001000000000000000000000000
00000000000000000000000000000001010000010101010100010001000000000000000000000000
00000000000000000000000000000001010000000101010000010001000000000000000000000000
00000000000000000000000000000001010000000001010000010001000000000000000000000000
00000000000000000000000000000001010000000001010000010001111111100000000000000000
00000000000000000000000000000001010011110011011111111111000000000000000000000000
00000000000000000000000000000111111110000010010000000011001111100000000000000000
00000000000000000000000011111000010000100010010000111111111000000000000000000000
00000000000000000000000000000000011111100010010111100010000000000000000000000000
00000000000000000000000000000011110000000110010000000000000000000000000000000000
00000000000000000000000111111100000000000100010000000000000000000000000000000000
00000000000000000000000000000000000000000100100000000000000000000000000000000000
00000000000000000000000000000000000000001100100000000000000000000000000000000000
00000000000000000000000000000000000000011000100000000000000000000000000000000000
00000000000000000000000000000000000000110001000000000000000000000000000000000000
00000000000000000000000000000000000000000001000000000000000000000000000000000000
00000000000000000000000000000000000000000010000000000000000000000000000000000000
00000000000000000000000000000000000000000110000000000000000000000000000000000000
00000000000000000000000000000000000000000100000000000000000000000000000000000000
00000000000000000000000000000000000000001000000000000000000000000000000000000000
00000000000000000000000000000000000000010000000000000000000000000000000000000000
00000000000000000000000000000000000011100000000000000000000000000000000000000000
00000000000000000000000000000000000011000000000000000000000000000000000000000000
00000000000000000000000000000000000000000000000000000000000000000000000000000000
00000000000000000000000000000000000000000000000000000000000000000000000000000000
00000000000000000000000000000000000000000000000000000000000000000000000000000000
00000000000000000000000000000000000000000000000000000000000000000000000000000000
00000000000000000000000000000000000000000000000000000000000000000000000000000000
