00000000000000000000000000000000000000000000000000000000000000000000000000000000
00000000000000000000000000000000000000000000000000000000000000000000000000000000
00000000000000000000000000000000000000000000000000000000000000000000000000000000
00000000000000000000000000000000000000000000000000000000000000000000000000000000
00000000000000000000000000000000000000000000000000000000000000000000000000000000
00000000000000000000000000000000000000000000000000000000000000000000000000000000
00000000000000000000000000000000000000000000000000000000000000000000000000000000
00000000000000000000000000000000000000000000000000000000000000000000000000000000
00000000000000000000000000000000000000000000000000000000000000000000000000000000
00000000000000000000000000000000000000000000000000000000000000000000000000000000
00000000000000000000000000000000000000000000000000000000000000000000000000000000
00000000000000000000000000000000000000000000000000000000000000000000000000000000
00000000000000000000000000000000000000000000000000000000000000000000000000000000
00000000000000000000000000000000000000000000000000000000000000000000000000000000
00000000000000000000000000000000000000000000000000000000000000000000000000000000
00000000000000000000000000000000000000001000000000000000000000000000000000000000
00000000000000000000000000000000000000001000000000000000000000000000000000000000
00000000000000000000000000000000000000001000000000000000000000000000000000000000
00000000000000000000000000000000000000001000000000000000000000000000000000000000
00000000000000000000000000000011100000001000000000000000000000000000000000000000
00000000000000000000000000011110000000001000000000000000000000000000000000000000
00000000000000000000000000000000000000001001111110000000000000000000000000000000
00000000000000000000000000000010000000001000000000000000000000000000000000000000
00000000000000000000000000000010000000001000001000000000000000000000000000000000
00000000000000000000000000000010000000001000001000000000000000000000000000000000
00000000000000000000000000000010000010001000001000000000000000000000000000000000
00000000000000000000000000000011111110001000001000000000000000000000000000000000
00000000000000000000000001111110000010001000011111110000000000000000000000000000
00000000000000000000000000000010000010001111101000000000000000000000000000000000
00000000000000000000000000000010001110001000001000000000000000000000000000000000
00000000000000000000000000000010001000001000001000000000000000000000000000000000
00000000000000000000000000000010110000001000001000000000000000000000000000000000
00000000000000000000000000000011100000001000001000000000000000000000000000000000
00000000000000000000000000000011000000001000001000000000000000000000000000000000
00000000000000000000000000000110000000001000111111111110000000000000000000000000
00000000000000000000000000001110000000001111100000000000000000000000000000000000
00000000000000000000000000001000000000011000000000000000000000000000000000000000
00000000000000000000000000010000000000010000000000000000000000000000000000000000
00000000000000000000000000010000000000010000000000000000000000000000000000000000
00000000000000000000000000000000000000010000000000000000000000000000000000000000
00000000000000000000000000000000000000100000000000000000000000000000000000000000
00000000000000000000000000000000000001100000000000000000000000000000000000000000
00000000000000000000000000000000000011000000000000000000000000000000000000000000
00000000000000000000000000000000011110000000000000000000000000000000000000000000
00000000000000000000000000000000000000000000000000000000000000000000000000000000
00000000000000000000000000000000000000000000000000000000000000000000000000000000
00000000000000000000000000000000000000000000000000000000000000000000000000000000
00000000000000000000000000000000000000000000000000000000000000000000000000000000
00000000000000000000000000000000000000000000000000000000000000000000000000000000
00000000000000000000000000000000000000000000000000000000000000000000000000000000
00000000000000000000000000000000000000000000000000000000000000000000000000000000
00000000000000000000000000000000000000000000000000000000000000000000000000000000
00000000000000000000000000000000000000000000000000000000000000000000000000000000
00000000000000000000000000000000000000000000000000000000000000000000000000000000
00000000000000000000000000000000000000000000000000000000000000000000000000000000
00000000000000000000000000000000000000000000000000000000000000000000000000000000
00000000000000000000000000000000000000000000000000000000000000000000000000000000
00000000000000000000000000000000000000000000000000000000000000000000000000000000
00000000000000000000000000000000000000000000000000000000000000000000000000000000
00000000000000000000000000000000000000000000000000000000000000000000000000000000
