00000000000000000000000000000000000000000000000000000000000000000000000000000000
00000000000000000000000000000000000000000000000000000000000000000000000000000000
00000000000000000000000000000000000000000000000000000000000000000000000000000000
00000000000000000000000000000000000000000000000000000000000000000000000000000000
00000000000000000000000000000000000000000000000000000000000000000000000000000000
00000000000000000000000000000000000000000000000000000000000000000000000000000000
00000000000000000000000000000000000000000000000000000000000000000000000000000000
00000000000000000000000000000000000000000000000000000000000000000000000000000000
00000000000000000000000000000000000000000000000000000000000000000000000000000000
00000000000000000000000000000000000000000000000000000000000000000000000000000000
00000000000000000000000000000000000000000000000000000000000000000000000000000000
00000000000000000000000000000000000000000000000000000000000000000000000000000000
00000000000000000000000000000000000000000000000000000000000000000000000000000000
00000000000000000000000000000000000000000000000000000000000000000000000000000000
00000000000000000000000000000000000000000000000000000000000000000000000000000000
00000000000000000000000000000000000001100000000000000000000000000000000000000000
00000000000000000000000000000000000000110000000000000000000000000000000000000000
00000000000000000000000000000000000000111000000000000000000000000000000000000000
00000000000000000000000000000000000000101000000000000000000000000000000000000000
00000000000000000000000000000000000000110111111111000000000000000000000000000000
00000000000000000000000000000001111111111000000001000000000000000000000000000000
00000000000000000000000000000111111000010011111111000000000000000000000000000000
00000000000000000000000001111101000000010000000110000000000000000000000000000000
00000000000000000000000000000001000000010000011100000000000000000000000000000000
00000000000000000000000000000001000010010000010000000000000000000000000000000000
00000000000000000000000000000001000010010000010000000000000000000000000000000000
00000000000000000000000000000001000011011001111111000000000000000000000000000000
00000000000000000000000000000011111111111111110000000000000000000000000000000000
00000000000000000000000000011111111000101000010000000000000000000000000000000000
00000000000000000000000000000001000001111000011000000000000000000000000000000000
00000000000000000000000000000001000010011000001011000000000000000000000000000000
00000000000000000000000000000001000101001000001110011111110000000000000000000000
00000000000000000000000000000001011110001111111111100000000000000000000000000000
00000000000000000000000000000001110000101100110000000000000000000000000000000000
00000000000000000000000000000111000001101111000000000000000000000000000000000000
00000000000000000000000011111110000011001101100000000000000000000000000000000000
00000000000000000000000000000100000110001100110000000000000000000000000000000000
00000000000000000000000000000000001100101100011000000000000000000000000000000000
00000000000000000000000000000000011000101100001110000000000000000000000000000000
00000000000000000000000000000000010000101100000001000000000000000000000000000000
00000000000000000000000000000000000111001100000000110000000000000000000000000000
00000000000000000000000000000000010010011100000000011100000000000000000000000000
00000000000000000000000000000000011111000100000000000111000000000000000000000000
00000000000000000000000000000000000000111000000000000000111100000000000000000000
00000000000000000000000000000000000000000000000000000000000000000000000000000000
00000000000000000000000000000000000000000000000000000000000000000000000000000000
00000000000000000000000000000000000000000000000000000000000000000000000000000000
00000000000000000000000000000000000000000000000000000000000000000000000000000000
00000000000000000000000000000000000000000000000000000000000000000000000000000000
00000000000000000000000000000000000000000000000000000000000000000000000000000000
00000000000000000000000000000000000000000000000000000000000000000000000000000000
00000000000000000000000000000000000000000000000000000000000000000000000000000000
00000000000000000000000000000000000000000000000000000000000000000000000000000000
00000000000000000000000000000000000000000000000000000000000000000000000000000000
00000000000000000000000000000000000000000000000000000000000000000000000000000000
00000000000000000000000000000000000000000000000000000000000000000000000000000000
00000000000000000000000000000000000000000000000000000000000000000000000000000000
00000000000000000000000000000000000000000000000000000000000000000000000000000000
00000000000000000000000000000000000000000000000000000000000000000000000000000000
00000000000000000000000000000000000000000000000000000000000000000000000000000000
