00000000000000000000000000000000000000000000000000000000000000000000000000000000
00000000000000000000000000000000000000000000000000000000000000000000000000000000
00000000000000000000000000000000000000000000000000000000000000000000000000000000
00000000000000000000000000000000000000000000000000000000000000000000000000000000
00000000000000000000000000000000000000000000000000000000000000000000000000000000
00000000000000000000000000000000000000000000000000000000000000000000000000000000
00000000000000000000000000000000000000000000000000000000000000000000000000000000
00000000000000000000000000000000000000000000000000000000000000000000000000000000
00000000000000000000000000000000000000000000000000000000000000000000000000000000
00000000000000000000000000000000000000000000000000000000000000000000000000000000
00000000000000000000000000000000000000000000000000000000000000000000000000000000
00000000000000000000000000000000000000000000000000000000000000000000000000000000
00000000000000000000000000000000000000000000000000000000000000000000000000000000
00000000000000000000000000000000000000000000000000000000000000000000000000000000
00000000000000000000000000000000000000000000000000000000000000000000000000000000
00000000000000000000000000000000000000000000000000000000000000000000000000000000
00000000000000000000000000000000000000000000000000000000000000000000000000000000
00000000000000000000000000000000000000000000000000000000000000000000000000000000
00000000000000000000000000000000000000000000000000000000000000000000000000000000
00000000000000000000000000000000000000000000000000000000000000000000000000000000
00000000000000000000000000000000000001100000000000000000000000000000000000000000
00000000000000000000000000000000000000100000010000000000000000000000000000000000
00000000000000000000000111111111111000100000010000000000000000000000000000000000
00000000000000000000000000000000000000100011111100000011000000000000000000000000
00000000000000000000000000000000000000111100010011111100000000000000000000000000
00000000000000000000000000000011111111110000010000000000000000000000000000000000
00000000000000000000000000000010000100100000010000001100000000000000000000000000
00000000000000000000000000000010011110100010011110000100000000000000000000000000
00000000000000000000000000000011110110100111111000000100000000000000000000000000
00000000000000000000000000111110000110101010011000000100000000000000000000000000
00000000000000000000000111100010000110100010011001111111100000000000000000000000
00000000000000000000001100000010000111111010011011000100000000000000000000000000
00000000000000000000000000000011111110100010011000000100000000000000000000000000
00000000000000000000000000011110000010100001011000000100000000000000000000000000
00000000000000000000000000000010001110100001011000000100000000000000000000000000
00000000000000000000000000000011111010100011111111111100000000000000000000000000
00000000000000000000000000001111000010111111001000000100000000000000000000000000
00000000000000000000000001111000000010111000001000000101111100000000000000000000
00000000000000000000000111000000000011100000001111111111000000000000000000000000
00000000000000000000000000000000001111000000001100000000000000000000000000000000
00000000000000000000000000000000111011000000001000000000000000000000000000000000
00000000000000000000000000000111000011000000010000000000000000000000000000000000
00000000000000000000000000000100000010000000010000000000000000000000000000000000
00000000000000000000000000000000000010000000010000000000000000000000000000000000
00000000000000000000000000000000000100000000110000000000000000000000000000000000
00000000000000000000000000000000001100000000100000000000000000000000000000000000
00000000000000000000000000000000001000000001100000000000000000000000000000000000
00000000000000000000000000000000010000000001000000000000000000000000000000000000
00000000000000000000000000000001110000000110000000000000000000000000000000000000
00000000000000000000000000000000000000000100000000000000000000000000000000000000
00000000000000000000000000000000000000000000000000000000000000000000000000000000
00000000000000000000000000000000000000000000000000000000000000000000000000000000
00000000000000000000000000000000000000000000000000000000000000000000000000000000
00000000000000000000000000000000000000000000000000000000000000000000000000000000
00000000000000000000000000000000000000000000000000000000000000000000000000000000
00000000000000000000000000000000000000000000000000000000000000000000000000000000
00000000000000000000000000000000000000000000000000000000000000000000000000000000
00000000000000000000000000000000000000000000000000000000000000000000000000000000
00000000000000000000000000000000000000000000000000000000000000000000000000000000
00000000000000000000000000000000000000000000000000000000000000000000000000000000
