00000000000000000000000000000000000000000000000000000000000000000000000000000000
00000000000000000000000000000000000000000000000000000000000000000000000000000000
00000000000000000000000000000000000000000000000000000000000000000000000000000000
00000000000000000000000000000000000000000000000000000000000000000000000000000000
00000000000000000000000000000000000000000000000000000000000000000000000000000000
00000000000000000000000000000000000000000000000000000000000000000000000000000000
00000000000000000000000000000000000000000000000000000000000000000000000000000000
00000000000000000000000000000000000000000000000000000000000000000000000000000000
00000000000000000000000000000000000000000000000000000000000000000000000000000000
00000000000000000000000000000000000000000000000000000000000000000000000000000000
00000000000000000000000000000000000000000000000000000000000000000000000000000000
00000000000000000000000000000000000000000000000000000000000000000000000000000000
00000000000000000000000000000000000000000000000000000000000000000000000000000000
00000000000000000000000000000000000000000000000000000000000000000000000000000000
00000000000000000000000000000000000000000000000000000000000000000000000000000000
00000000000000000000000000000000000000000000000000000000000000000000000000000000
00000000000000000000000000000000000000000000000000000000000000000000000000000000
00000000000000000000000000000000000000000000000000000000000000000000000000000000
00000000000000000000000000000000000000000000000000000000000000000000000000000000
00000000000000000000000000000000000000000000000000000000000000000000000000000000
00000000000000000000000000000000000000000000000000000000000000000000000000000000
00000000000000000000000000000000000000000000000000000000000000000000000000000000
00000000000000000000000000000000000000000000000000000000000000000000000000000000
00000000000000000000000000000000000000000000000000000000000000000000000000000000
00000000000000000000000000000000000000000000000000000000000000000000000000000000
00000000000000000110000000000000000000000000000000000000000000000000000000000000
00000000000000000010000000110000000000000000000000000000000000000000000000000000
00000000000000000010000000011100000000000000000000000000000000000000000000000000
00000000000000000010000000000111000000000000000000000000000000000000000000000000
00000000000000000010000000000001100000000000000000000000000000000000000000000000
00000000000000000010000000000000000000000000000000000000000000000000000000000000
00000000000000000011000000000000000000000000000000000000000000000000000000000000
00000000000000000001000000000000000000000000000000000000000000000000000000000000
00000000000000000001000000000000000000000000000000000000000000000000000000000000
00000000000000000001000000000000000000000000000000000000000000000000000000000000
00000000000000000001111111111000000000000000000000000000000000000000000000000000
00000001111111111111000000000000000000000000000000000000000000000000000000000000
00000000000000000011010000000000000000000000000000000000000000000000000000000000
00000000000000000011001000000000000000000000000000000000000000000000000000000000
00000000000000000011001100000000000000000000000000000000000000000000000000000000
00000000000000000101000110000000000000000000000000000000000000000000000000000000
00000000000000000101000001000000000000000000000000000000000000000000000000000000
00000000000000001001000000110000000000000000000000000000000000000000000000000000
00000000000000011001100000011000000000000000000000000000000000000000000000000000
00000000000000110000100000001110000000000000000000000000000000000000000000000000
00000000000000100000100000000011000000000000000000000000000000000000000000000000
00000000000001100000100000000001110000000000000000000000000000000000000000000000
00000000000001000000100000000000011100000000000000000000000000000000000000000000
00000000000010000000100000000000000111000000000000000000000000000000000000000000
00000000001100000000100000000000000001111000000000000000000000000000000000000000
00000000110000000000100000000000000000000000000000000000000000000000000000000000
00000000111100000000000100000000000000000000000000000000000000000000000000000000
00000000000000000000000100000000000000000000000000000000000000000000000000000000
00000000000000000000000100000000000000000000000000000000000000000000000000000000
00000000000000000000000100000000000000000000000000000000000000000000000000000000
00000000000000000000000100000000000000000000000000000000000000000000000000000000
00000000000000000000000100000000000000000000000000000000000000000000000000000000
00000000000000000000001100000000000000000000000000000000000000000000000000000000
00000000000000000000001100000000000000000000000000000000000000000000000000000000
00000000000000000000001100000000000000000000000000000000000000000000000000000000
