00000000000000000000000000000000000000000000000000000000000000000000000000000000
00000000000000000000000000000000000000000000000000000000000000000000000000000000
00000000000000000000000000000000000000000000000000000000000000000000000000000000
00000000000000000000000000000000000000000000000000000000000000000000000000000000
00000000000000000000000000000000000000000000000000000000000000000000000000000000
00000000000000000000000000000000000000000000000000000000000000000000000000000000
00000000000000000000000000000000000000000000000000000000000000000000000000000000
00000000000000000000000000000000000000000000000000000000000000000000000000000000
00000000000000000000000000000000000000000000000000000000000000000000000000000000
00000000000000000000000000000000000000000000000000000000000000000000000000000000
00000000000000000000000000000000000000000000000000000000000000000000000000000000
00000000000000000000000000000000000000000000000000000000000000000000000000000000
00000000000000000000000000000000000000000000000000000000000000000000000000000000
00000000000000000000000000000000000000000000000000000000000000000000000000000000
00000000000000000000000000000000000000000000000000000000000000000000000000000000
00000000000000000000000000000000000000000000000000000000000000000000000000000000
00000000000000000000000000000000000000000000000000000000000000000000000000000000
00000000000000000000000000000000000000000000000000000000000000000000000000000000
00000000000000000000000000000000000000000000000000000000000000000000000000000000
00000000000000000000000000000000000000000000000000000000000000000000000000000000
00000000000000000000000000000000000000000000000000000000000000000000000000000000
00000000000000000000000000000000000000000000000000000000000000000000000000000000
00000000000000000000000000000000000000000000000000000000000000000000000000000000
00000000000000000000000000000000000000000000000000000000000000000000000000000000
00000000000000100000000000000000000000000000000000000000000000000000000000000000
00000000000000110000000000000000000000000000000000000000000000000000000000000000
00000000000000010000000000000000000000000000000000000000000000000000000000000000
00000000000000011000000000000000000000000000000000000000000000000000000000000000
00000000000000001000000000000000000000000000000000000000000000000000000000000000
00000000000000001000001100000000000000000000000000000000000000000000000000000000
00000000000000001000000011000000000000000000000000000000000000000000000000000000
00000000000000001000000001100000000000000000000000000000000000000000000000000000
00000000000000001000000000000000000000000000000000000000000000000000000000000000
00000000000000001000000000000000000000000000000000000000000000000000000000000000
00000000000000001101111111110000000000000000000000000000000000000000000000000000
00000000000011111111000000000000000000000000000000000000000000000000000000000000
00011111111110000100000000000000000000000000000000000000000000000000000000000000
00000000000000001100000000000000000000000000000000000000000000000000000000000000
00000000000000001110000000000000000000000000000000000000000000000000000000000000
00000000000000011111000000000000000000000000000000000000000000000000000000000000
00000000000000010101000000000000000000000000000000000000000000000000000000000000
00000000000000110100100000000000000000000000000000000000000000000000000000000000
00000000000000100100010000000000000000000000000000000000000000000000000000000000
00000000000001000100001000000000000000000000000000000000000000000000000000000000
00000000000011000100000100000000000000000000000000000000000000000000000000000000
00000000000110000100000011000000000000000000000000000000000000000000000000000000
00000000000100000100000001100000000000000000000000000000000000000000000000000000
00000000011000000100000000111000000000000000000000000000000000000000000000000000
00000001110000000100000000001100000000000000000000000000000000000000000000000000
00001111000000000100000000000110000000000000000000000000000000000000000000000000
00000000000000000100000000000011100000000000000000000000000000000000000000000000
00000000000000000100000000000000111000000000000000000000000000000000000000000000
00000000000000001100000000000000001110000000000000000000000000000000000000000000
00000000000000001000000000000000000000000000000000000000000000000000000000000000
00000000000000001000000000000000000000000000000000000000000000000000000000000000
00000000000000101000000000000000000000000000000000000000000000000000000000000000
00000000000000011000000000000000000000000000000000000000000000000000000000000000
00000000000000010000000000000000000000000000000000000000000000000000000000000000
00000000000000010000000000000000000000000000000000000000000000000000000000000000
00000000000000010000000000000000000000000000000000000000000000000000000000000000
