00000000000000000000000000000000000000000000000000000000000000000000000000000000
00000000000000000000000000000000000000000000000000000000000000000000000000000000
00000000000000000000000000000000000000000000000000000000000000000000000000000000
00000000000000000000000000000000000000000000000000000000000000000000000000000000
00000000000000000000000000000000000000000000000000000000000000000000000000000000
00000000000000000000000000000000000000000000000000000000000000000000000000000000
00000000000000000000000000000000000000000000000000000000000000000000000000000000
00000000000000000000000000000000000000000000000000000000000000000000000000000000
00000000000000000000000000000000000000000000000000000000000000000000000000000000
00000000000000000000000000000000000000000000000000000000000000000000000000000000
00000000000000000000000000000000000000000000000000000000000000000000000000000000
00000000000000000000000000000000000000000000000000000000000000000000000000000000
00000000000000000000000000000000000000000000000000000000000000000000000000000000
00000000000000000000000000000000000000000000000000000000000000000000000000000000
00000000000000000000000000000000000000000000000000000000000000000000000000000000
00000000000000000000000000000000000111110000000000000000000000000000000000000000
00000000000000000000000000000011111100000000000000000000000000000000000000000000
00000000000000000000000011111100000000000000000000000000000000000000000000000000
00000000000000000000000000000001000000000000000000000000000000000000000000000000
00000000000000000000000000000001000000000000000000000000000000000000000000000000
00000000000000000000000000000001000001111100000000000000000000000000000000000000
00000000000000000000000000000001001111000011000000000000000000000000000000000000
00000000000000000000000000000011110000000000100000000000000000000000000000000000
00000000000000000000000000111110100000000000100000000000000000000000000000000000
00000000000000000001111111100000100000000000100000000000000000000000000000000000
00000000000000000001000000000000100001100000100000000000000000000000000000000000
00000000000000000001000000000000100000100000100000000000000000000000000000000000
00000000000000000000100000011000100000110000100000000000000000000000000000000000
00000000000000000000100000001000100000000000100000000000000000000000000000000000
00000000000000000000100000000000100001000000100000000000000000000000000000000000
00000000000000000000010000000000100001110000100000000000000000000000000000000000
00000000000000000000000000010000100000011000100000000000000000000000000000000000
00000000000000000000011000011100100000000001100000000000000000000000000000000000
00000000000000000000001000000110100000000001000000000000000000000000000000000000
00000000000000000000001000000000100001000011000000000000000000000000000000000000
00000000000000000000000100000000100001100010000000000000000000000000000000000000
00000000000000000000000100000000110000110010000000000000000000000000000000000000
00000000000000000000000110000000010000011110000000000000000000000000000000000000
00000000000000000000000010000000010000001100000000000000000000000000000000000000
00000000000000000000000011000000000000000000000000000000000000000000000000000000
00000000000000000000000000000000000000000000000000000000000000000000000000000000
00000000000000000000000000000000000000000000000000000000000000000000000000000000
00000000000000000000000000000000000000000000000000000000000000000000000000000000
00000000000000000000000000000000000000000000000000000000000000000000000000000000
00000000000000000000000000000000000000000000000000000000000000000000000000000000
00000000000000000000000000000000000000000000000000000000000000000000000000000000
00000000000000000000000000000000000000000000000000000000000000000000000000000000
00000000000000000000000000000000000000000000000000000000000000000000000000000000
00000000000000000000000000000000000000000000000000000000000000000000000000000000
00000000000000000000000000000000000000000000000000000000000000000000000000000000
00000000000000000000000000000000000000000000000000000000000000000000000000000000
00000000000000000000000000000000000000000000000000000000000000000000000000000000
00000000000000000000000000000000000000000000000000000000000000000000000000000000
00000000000000000000000000000000000000000000000000000000000000000000000000000000
00000000000000000000000000000000000000000000000000000000000000000000000000000000
00000000000000000000000000000000000000000000000000000000000000000000000000000000
00000000000000000000000000000000000000000000000000000000000000000000000000000000
00000000000000000000000000000000000000000000000000000000000000000000000000000000
00000000000000000000000000000000000000000000000000000000000000000000000000000000
00000000000000000000000000000000000000000000000000000000000000000000000000000000
