00000000000000000000000000000000000000000000000000000000000000000000000000000000
00000000000000000000000000000000000000000000000000000000000000000000000000000000
00000000000000000000000000000000000000000000000000000000000000000000000000000000
00000000000000000000000000000000000000000000000000000000000000000000000000000000
00000000000000000000000000000000000000000000000000000000000000000000000000000000
00000000000000000000000000000000000000000000000000000000000000000000000000000000
00000000000000000000000000000000000000000000000000000000000000000000000000000000
00000000000000000000000000000000000000000000000000000000000000000000000000000000
00000000000000000000000000000000000000000000000000000000000000000000000000000000
00000000000000000000000000000000000000000000000000000000000000000000000000000000
00000000000000000000000000000000000000000000000000000000000000000000000000000000
00000000000000000000000000000000000000000000000000000000000000000000000000000000
00000000000000000000000000000000000000000000000000000000000000000000000000000000
00000000000000000000000000000000000000000000000000000000000000000000000000000000
00000000000000000000000000000000000000000000000000000000000000000000000000000000
00000000000000000000000000000000000000000000000011110000000000000000000000000000
00000000000000000000000000011111111111111111111100000000000000000000000000000000
00000000000000000000000000000000000000000000000000000000000000000000000000000000
00000000000000000000000000000000000000000100000000000000000000000000000000000000
00000000000000000000000000000000000000000100000000001111000000000000000000000000
00000000000000000000000000000000000000000100000111111001000000000000000000000000
00000000000000000000000000000000000000000111111000000000100000000000000000000000
00000000000000000000000000000000000111111100000000000000100000000000000000000000
00000000000000000000000000001011111000000100000000000000100000000000000000000000
00000000000000000000000000001000000000000100001000000000100000000000000000000000
00000000000000000000000000001000000000000100001100000001000000000000000000000000
00000000000000000000000000001100000010000100000100000001000000000000000000000000
00000000000000000000000000000100000011000100000100000010000000000000000000000000
00000000000000000000000000000100000001100100010000000010000000000000000000000000
00000000000000000000000000000100000000100100010000000100000000000000000000000000
00000000000000000000000000000010000000100100011000000100000000000000000000000000
00000000000000000000000000000010000010000100001100001000000000000000000000000000
00000000000000000000000000000010000001100100000100011000000000000000000000000000
00000000000000000000000000000001000000110100000000010000000000000000000000000000
00000000000000000000000000000001000000000100000000100000000000000000000000000000
00000000000000000000000000000001100000000000110001100000000000000000000000000000
00000000000000000000000000000000100000000000010001000000000000000000000000000000
00000000000000000000000000000000110000000000001110000000000000000000000000000000
00000000000000000000000000000000011000000000000000000000000000000000000000000000
00000000000000000000000000000000000000000000000000000000000000000000000000000000
00000000000000000000000000000000000000000000000000000000000000000000000000000000
00000000000000000000000000000000000000000000000000000000000000000000000000000000
00000000000000000000000000000000000000000000000000000000000000000000000000000000
00000000000000000000000000000000000000000000000000000000000000000000000000000000
00000000000000000000000000000000000000000000000000000000000000000000000000000000
00000000000000000000000000000000000000000000000000000000000000000000000000000000
00000000000000000000000000000000000000000000000000000000000000000000000000000000
00000000000000000000000000000000000000000000000000000000000000000000000000000000
00000000000000000000000000000000000000000000000000000000000000000000000000000000
00000000000000000000000000000000000000000000000000000000000000000000000000000000
00000000000000000000000000000000000000000000000000000000000000000000000000000000
00000000000000000000000000000000000000000000000000000000000000000000000000000000
00000000000000000000000000000000000000000000000000000000000000000000000000000000
00000000000000000000000000000000000000000000000000000000000000000000000000000000
00000000000000000000000000000000000000000000000000000000000000000000000000000000
00000000000000000000000000000000000000000000000000000000000000000000000000000000
00000000000000000000000000000000000000000000000000000000000000000000000000000000
00000000000000000000000000000000000000000000000000000000000000000000000000000000
00000000000000000000000000000000000000000000000000000000000000000000000000000000
00000000000000000000000000000000000000000000000000000000000000000000000000000000
