00000000000000000000000000000000000000000000000000000000000000000000000000000000
00000000000000000000000000000000000000000000000000000000000000000000000000000000
00000000000000000000000000000000000000000000000000000000000000000000000000000000
00000000000000000000000000000000000000000000000000000000000000000000000000000000
00000000000000000000000000000000000000000000000000000000000000000000000000000000
00000000000000000000000000000000000000000000000000000000000000000000000000000000
00000000000000000000000000000000000000000000000000000000000000000000000000000000
00000000000000000000000000000000000000000000000000000000000000000000000000000000
00000000000000000000000000000000000000000000000000000000000000000000000000000000
00000000000000000000000000000000000000000000000000000000000000000000000000000000
00000000000000000000000000000000000000000000000000000000000000000000000000000000
00000000000000000000000000000000000000000000000000000000000000000000000000000000
00000000000000000000000000000000000000000000000000000000000000000000000000000000
00000000000000000000000000000000000000000000000000000000000000000000000000000000
00000000000000000000000000000000001000000000000000000000000000000000000000000000
00000000000000000000000000000000001000000000000000000000000000000000000000000000
00000000000000000000000000000000001000000000000000000000000000000000000000000000
00000000000000000000000000000000000100000000000000000000000000000000000000000000
00000000000000000000000000000000000100000000000000000000000000000000000000000000
00000000000000000000000000000000000100000000000000000000000000000000000000000000
00000000000000000000000000000000000100000011111111111000000000000000000000000000
00000000000000000000000000000000000100000000000100000000000000000000000000000000
00000000000000000000000000011111111111111000000100000000000000000000000000000000
00000000000000000000000000000000000010000000000100000000000000000000000000000000
00000000000000000000000000000000001010000000001111000000000000000000000000000000
00000000000000000000000000000000001110000000001101110000000000000000000000000000
00000000000000000000000000000000001011000000011100011110000000000000000000000000
00000000000000000000000000000000001011110000110100000011100000000000000000000000
00000000000000000000000000000000001010011100100110000000010000000000000000000000
00000000000000000000000000000000011010000000000010000000000000000000000000000000
00000000000000000000000000000000010010000000000010000000000000000000000000000000
00000000000000000000000000000000110010000000000010000000000000000000000000000000
00000000000000000000000000000000100010000000000010000000000000000000000000000000
00000000000000000000000000000000000010000000000010000000000000000000000000000000
00000000000000000000000000000000000010000000000010000000000000000000000000000000
00000000000000000000000000000000000100000000000010000000000000000000000000000000
00000000000000000000000000000000000100000000000010000000000000000000000000000000
00000000000000000000000000000000000100000000000010000000000000000000000000000000
00000000000000000000000000000000000100000000000011000000000000000000000000000000
00000000000000000000000000000000001000000000000011000000000000000000000000000000
00000000000000000000000000000000001000000000000000000000000000000000000000000000
00000000000000000000000000000000001000000000000000000000000000000000000000000000
00000000000000000000000000000000001000000000000000000000000000000000000000000000
00000000000000000000000000000000001000000000000000000000000000000000000000000000
00000000000000000000000000000000001000000000000000000000000000000000000000000000
00000000000000000000000000000000000000000000000000000000000000000000000000000000
00000000000000000000000000000000000000000000000000000000000000000000000000000000
00000000000000000000000000000000000000000000000000000000000000000000000000000000
00000000000000000000000000000000000000000000000000000000000000000000000000000000
00000000000000000000000000000000000000000000000000000000000000000000000000000000
00000000000000000000000000000000000000000000000000000000000000000000000000000000
00000000000000000000000000000000000000000000000000000000000000000000000000000000
00000000000000000000000000000000000000000000000000000000000000000000000000000000
00000000000000000000000000000000000000000000000000000000000000000000000000000000
00000000000000000000000000000000000000000000000000000000000000000000000000000000
00000000000000000000000000000000000000000000000000000000000000000000000000000000
00000000000000000000000000000000000000000000000000000000000000000000000000000000
00000000000000000000000000000000000000000000000000000000000000000000000000000000
00000000000000000000000000000000000000000000000000000000000000000000000000000000
00000000000000000000000000000000000000000000000000000000000000000000000000000000
