00000000000000000000000000000000000000000000000000000000000000000000000000000000
00000000000000000000000000000000000000000000000000000000000000000000000000000000
00000000000000000000000000000000000000000000000000000000000000000000000000000000
00000000000000000000000000000000000000000000000000000000000000000000000000000000
00000000000000000000000000000000000000000000000000000000000000000000000000000000
00000000000000000000000000000000000000000000000000000000000000000000000000000000
00000000000000000000000000000000000000000000000000000000000000000000000000000000
00000000000000000000000000000000000000000000000000000000000000000000000000000000
00000000000000000000000000000000000000000000000000000000000000000000000000000000
00000000000000000000000000000000000000000000000000000000000000000000000000000000
00000000000000000000000000000000000000000000000000000000000000000000000000000000
00000000000000000000000000000000000000000000000000000000000000000000000000000000
00000000000000000000000000000100000000000000000000000000000000000000000000000000
00000000000000000000000000000100000000000000000000000000000000000000000000000000
00000000000000000000000000000100000000000000000000000000000000000000000000000000
00000000000000000000000000000100000000000000000000000000000000000000000000000000
00000000000000000000000000000110000000000000000000000000000000000000000000000000
00000000000000000000000000000010000000000000000000000000000000000000000000000000
00000000000000000000000000000010000000000000001110000000000000000000000000000000
00000000000000000000000000000010000000000000111000000000000000000000000000000000
00000000000000000000000000000010000000111111100000000000000000000000000000000000
00000000000000000000000000000010000000000001100000000000000000000000000000000000
00000000000000000000000000000010001110000011000000000000000000000000000000000000
00000000000000000000000000000011111000000111000000000000000000000000000000000000
00000000000000000000000111111110000000001101011110000000000000000000000000000000
00000000000000000000000000000010000000011000100001110000000000000000000000000000
00000000000000000000000000000010000000110000100000000000000000000000000000000000
00000000000000000000000000000111100001100000100000000000000000000000000000000000
00000000000000000000000000001101110001000000010000000000000000000000000000000000
00000000000000000000000000001001011000000000010000000000000000000000000000000000
00000000000000000000000000011001001000000000010000000000000000000000000000000000
00000000000000000000000000010001000000000000010000000000000000000000000000000000
00000000000000000000000000100001000000000000010000000000000000000000000000000000
00000000000000000000000001100001000000000000010000000000000000000000000000000000
00000000000000000000000001000001000000000000010000000000000000000000000000000000
00000000000000000000000000000001000000000000010000000000000000000000000000000000
00000000000000000000000000000001000000000000010000000000000000000000000000000000
00000000000000000000000000000001000000000000001000000000000000000000000000000000
00000000000000000000000000000001000000000000001000000000000000000000000000000000
00000000000000000000000000000001000000000000001000000000000000000000000000000000
00000000000000000000000000000001000000000000001000000000000000000000000000000000
00000000000000000000000000000001000000000000001000000000000000000000000000000000
00000000000000000000000000000001000000000000001000000000000000000000000000000000
00000000000000000000000000000001000000000000001000000000000000000000000000000000
00000000000000000000000000000001000000000000011000000000000000000000000000000000
00000000000000000000000000000001000000000000001000000000000000000000000000000000
00000000000000000000000000000001000000000000000000000000000000000000000000000000
00000000000000000000000000000001000000000000000000000000000000000000000000000000
00000000000000000000000000000001000000000000000000000000000000000000000000000000
00000000000000000000000000000001000000000000000000000000000000000000000000000000
00000000000000000000000000000000000000000000000000000000000000000000000000000000
00000000000000000000000000000000000000000000000000000000000000000000000000000000
00000000000000000000000000000000000000000000000000000000000000000000000000000000
00000000000000000000000000000000000000000000000000000000000000000000000000000000
00000000000000000000000000000000000000000000000000000000000000000000000000000000
00000000000000000000000000000000000000000000000000000000000000000000000000000000
00000000000000000000000000000000000000000000000000000000000000000000000000000000
00000000000000000000000000000000000000000000000000000000000000000000000000000000
00000000000000000000000000000000000000000000000000000000000000000000000000000000
00000000000000000000000000000000000000000000000000000000000000000000000000000000
