00000000000000000000000000000000000000000000000000000000000000000000000000000000
00000000000000000000000000000000000000000000000000000000000000000000000000000000
00000000000000000000000000000000000000000000000000000000000000000000000000000000
00000000000000000000000000000000000000000000000000000000000000000000000000000000
00000000000000000000000000000000000000000000000000000000000000000000000000000000
00000000000000000000000000000000000000000000000000000000000000000000000000000000
00000000000000000000000000000000000000000000000000000000000000000000000000000000
00000000000000000000000000000000000000000000000000000000000000000000000000000000
00000000000000000000000000000000000000000000000000000000000000000000000000000000
00000000000000000000000000000000000000000000000000000000000000000000000000000000
00000000000000000000000000000000000000000000000000000000000000000000000000000000
00000000000000000000000000000000000000000000000000000000000000000000000000000000
00000000000000000000000000000000000000000000000000000000000000000000000000000000
00000000000000000000000000000000000010000000000000000000000000000000000000000000
00000000000000000000000000000000000010000000000000000000000000000000000000000000
00000000000000000000000000000000000010000000000000000000000000000000000000000000
00000000000000000000000000000000000010000000000000000000000011000000000000000000
00000000000000000000000000000000000010000000001111111111111110000000000000000000
00000000000000000000000000000000000010000000000000000010000000000000000000000000
00000000000000000000000000000000000010000000000000000100000000000000000000000000
00000000000000000000000000000000000010000000000000001100000000000000000000000000
00000000000000000000000000111111111111111011111110011100000000000000000000000000
00000000000000000000000000000000000011000000000000110111000000000000000000000000
00000000000000000000000000000000000010000000000001100101100000000000000000000000
00000000000000000000000000000000000111000000000001000100010000000000000000000000
00000000000000000000000000000000001110100000000010000100011000000000000000000000
00000000000000000000000000000000001010110000000100000100001100000000000000000000
00000000000000000000000000000000010010011000001000000100000110000000000000000000
00000000000000000000000000000000100010001100010000000100000011000000000000000000
00000000000000000000000000000001100010000001100000000100000001100000000000000000
00000000000000000000000000000001000010000000000000000100000000110000000000000000
00000000000000000000000000000001000010000000000000000100000000011000000000000000
00000000000000000000000000000000000010000000000000000100000000000100000000000000
00000000000000000000000000000000000010000000000000000100000000000000000000000000
00000000000000000000000000000000000010000000000000000100000000000000000000000000
00000000000000000000000000000000000010000000000000000100000000000000000000000000
00000000000000000000000000000000000010000000000000000100000000000000000000000000
00000000000000000000000000000000000010000000000000000100000000000000000000000000
00000000000000000000000000000000000010000000000000000100000000000000000000000000
00000000000000000000000000000000000010000000000000000100000000000000000000000000
00000000000000000000000000000000000010000000000000000100000000000000000000000000
00000000000000000000000000000000000010000000000000000000000000000000000000000000
00000000000000000000000000000000000010000000000000000000000000000000000000000000
00000000000000000000000000000000000010000000000000000000000000000000000000000000
00000000000000000000000000000000000010000000000000000000000000000000000000000000
00000000000000000000000000000000000000000000000000000000000000000000000000000000
00000000000000000000000000000000000000000000000000000000000000000000000000000000
00000000000000000000000000000000000000000000000000000000000000000000000000000000
00000000000000000000000000000000000000000000000000000000000000000000000000000000
00000000000000000000000000000000000000000000000000000000000000000000000000000000
00000000000000000000000000000000000000000000000000000000000000000000000000000000
00000000000000000000000000000000000000000000000000000000000000000000000000000000
00000000000000000000000000000000000000000000000000000000000000000000000000000000
00000000000000000000000000000000000000000000000000000000000000000000000000000000
00000000000000000000000000000000000000000000000000000000000000000000000000000000
00000000000000000000000000000000000000000000000000000000000000000000000000000000
00000000000000000000000000000000000000000000000000000000000000000000000000000000
00000000000000000000000000000000000000000000000000000000000000000000000000000000
00000000000000000000000000000000000000000000000000000000000000000000000000000000
00000000000000000000000000000000000000000000000000000000000000000000000000000000
