00000000000000000000000000000000000000000000000000000000000000000000000000000000
00000000000000000000000000000000000000000000000000000000000000000000000000000000
00000000000000000000000000000000000000000000000000000000000000000000000000000000
00000000000000000000000000000000000000000000000000000000000000000000000000000000
00000000000000000000000000000000000000000000000000000000000000000000000000000000
00000000000000000000000000000000000000000000000000000000000000000000000000000000
00000000000000000000000000000000000000000000000000000000000000000000000000000000
00000000000000000000000000000000000000000000000000000000000000000000000000000000
00000000000000000000000000000000000000000000000000000000000000000000000000000000
00000000000000000000000000000000000000000000000000000000000000000000000000000000
00000000000000000000000000000000000000000000000000000000000000000000000000000000
00000000000000000000000000000000000000000000000000000000000000000000000000000000
00000000000000000000000000000000000000000000000000000000000000000000000000000000
00000000000000000000000000000000000000000000000000000000000000000000000000000000
00000000000000000000000000000000000000000000000000000000000000000000000000000000
00000000000000000000000000000000001000000000000000000000000000000000000000000000
00000000000000000000000000000000000100000000000000000000000000000000000000000000
00000000000000000000000000000000000100000000000000000000000000000000000000000000
00000000000000000000000000000000000100000000000000000000000001000000000000000000
00000000000000000000000000000000000100000000110000000000001111000000000000000000
00000000000000000000000000000000000100000000011111111111110000000000000000000000
00000000000000000000000000000000000100000000000000001000000000000000000000000000
00000000000000000000000000000000000100000000000000001000000000000000000000000000
00000000000000000000000000000000000010000000000000001000000000000000000000000000
00000000000000000000000000000000000010000000000000010000000000000000000000000000
00000000000000000000000000000000000010000000011100010110000000000000000000000000
00000000000000000000000011000000000010011111100000110001100000000000000000000000
00000000000000000000000001111111111111100000000000110000011000000000000000000000
00000000000000000000000000000000000010000000000001010000000110000000000000000000
00000000000000000000000000000000000011000000000001001000000001100000000000000000
00000000000000000000000000000000000011100000000010001000000000110000000000000000
00000000000000000000000000000000000110011000000100001000000000000000000000000000
00000000000000000000000000000000000110000100001100001000000000000000000000000000
00000000000000000000000000000000001110000010011000001000000000000000000000000000
00000000000000000000000000000000001010000001110000000100000000000000000000000000
00000000000000000000000000000000011010000000100000000100000000000000000000000000
00000000000000000000000000000000010010000000000000000100000000000000000000000000
00000000000000000000000000000000000010000000000000000100000000000000000000000000
00000000000000000000000000000000000010000000000000000100000000000000000000000000
00000000000000000000000000000000000010000000000000000100000000000000000000000000
00000000000000000000000000000000000010000000000000000100000000000000000000000000
00000000000000000000000000000000000010000000000000000100000000000000000000000000
00000000000000000000000000000000000010000000000000000100000000000000000000000000
00000000000000000000000000000000000010000000000000000100000000000000000000000000
00000000000000000000000000000000000010000000000000000100000000000000000000000000
00000000000000000000000000000000000011000000000000000010000000000000000000000000
00000000000000000000000000000000000001000000000000000010000000000000000000000000
00000000000000000000000000000000000000000000000000000010000000000000000000000000
00000000000000000000000000000000000000000000000000000000000000000000000000000000
00000000000000000000000000000000000000000000000000000000000000000000000000000000
00000000000000000000000000000000000000000000000000000000000000000000000000000000
00000000000000000000000000000000000000000000000000000000000000000000000000000000
00000000000000000000000000000000000000000000000000000000000000000000000000000000
00000000000000000000000000000000000000000000000000000000000000000000000000000000
00000000000000000000000000000000000000000000000000000000000000000000000000000000
00000000000000000000000000000000000000000000000000000000000000000000000000000000
00000000000000000000000000000000000000000000000000000000000000000000000000000000
00000000000000000000000000000000000000000000000000000000000000000000000000000000
00000000000000000000000000000000000000000000000000000000000000000000000000000000
00000000000000000000000000000000000000000000000000000000000000000000000000000000
